     1.000     3.000     1.000     4.000     1.000    -0.620
     2.000     2.000     1.000     3.000     0.000    -0.086
     4.000     2.000     4.000     2.000     4.000     0.797
     4.000     3.000     1.000     3.000     1.000    -0.023
     1.000     4.000     1.000     3.000     2.000    -0.575
     2.000     2.000     2.000     3.000     1.000     0.056
     4.000     3.000     1.000     3.000     1.000    -0.023
     3.000     3.000     1.000     4.000     1.000    -0.359
     4.000     3.000     2.000     4.000     0.000    -0.232
     2.000     2.000     2.000     3.000     1.000     0.056
     3.000     1.000     2.000     3.000     1.000     0.392
     2.000     3.000     1.000     4.000     1.000    -0.485
     1.000     3.000     1.000     4.000     1.000    -0.620
     3.000     3.000     2.000     2.000     2.000     0.201
     2.000     2.000     2.000     2.000     1.000     0.263
     3.000     2.000     2.000     3.000     1.000     0.170
     2.000     1.000     3.000     2.000     1.000     0.549
     2.000     3.000     3.000     4.000     1.000    -0.332
     1.000     3.000     2.000     4.000     0.000    -0.607
     4.000     2.000     3.000     2.000     0.000     0.500
     1.000     3.000     1.000     3.000     1.000    -0.380
     0.000     3.000     1.000     3.000     1.000    -0.516
     0.000     3.000     1.000     3.000     1.000    -0.516
     1.000     3.000     1.000     3.000     1.000    -0.380
     2.000     4.000     2.000     4.000     2.000    -0.608
     2.000     2.000     1.000     2.000     2.000     0.238
     1.000     3.000     1.000     2.000     2.000    -0.118
     2.000     3.000     1.000     4.000     1.000    -0.485
     1.000     2.000     1.000     3.000     0.000    -0.214
     1.000     3.000     0.000     4.000     2.000    -0.664
     3.000     1.000     2.000     2.000     1.000     0.595
     2.000     3.000     1.000     3.000     1.000    -0.252
     3.000     3.000     1.000     3.000     0.000    -0.199
     2.000     3.000     4.000     2.000     4.000     0.322
     2.000     2.000     2.000     2.000     1.000     0.263
     1.000     3.000     1.000     3.000     1.000    -0.380
     3.000     2.000     1.000     3.000     2.000     0.146
     2.000     3.000     2.000     3.000     3.000    -0.069
     0.000     0.000     3.000     1.000     2.000     0.759
     2.000     2.000     4.000     0.000     1.000     0.784
     2.000     2.000     1.000     3.000     2.000     0.031
     2.000     2.000     2.000     3.000     2.000     0.109
     3.000     3.000     4.000     4.000     2.000    -0.091
     0.000     3.000     1.000     4.000     3.000    -0.655
     2.000     3.000     2.000     4.000     0.000    -0.471
     2.000     2.000     2.000     3.000     2.000     0.109
     1.000     3.000     2.000     3.000     1.000    -0.300
     3.000     2.000     2.000     3.000     2.000     0.223
     2.000     4.000     1.000     3.000     1.000    -0.500
     2.000     2.000     1.000     2.000     1.000     0.185
     3.000     2.000     2.000     2.000     4.000     0.533
     0.000     4.000     1.000     4.000     0.000    -1.196
     2.000     4.000     2.000     3.000     2.000    -0.365
     3.000     1.000     4.000     2.000     4.000     0.883
     2.000     4.000     4.000     3.000     1.000    -0.288
     3.000     3.000     1.000     3.000     3.000    -0.031
     3.000     3.000     3.000     3.000     0.000    -0.054
     2.000     0.000     2.000     0.000     2.000     1.145
     1.000     4.000     2.000     3.000     2.000    -0.493
     2.000     2.000     2.000     3.000     0.000    -0.008
     2.000     3.000     2.000     4.000     0.000    -0.471
     1.000     3.000     1.000     3.000     1.000    -0.380
     2.000     2.000     2.000     2.000     1.000     0.263
     4.000     1.000     3.000     3.000     3.000     0.676
     4.000     3.000     2.000     2.000     2.000     0.317
     2.000     2.000     2.000     4.000     2.000    -0.109
     2.000     2.000     1.000     4.000     0.000    -0.310
     2.000     2.000     1.000     4.000     4.000    -0.084
     2.000     3.000     1.000     4.000     2.000    -0.429
     3.000     2.000     3.000     3.000     2.000     0.287
     3.000     2.000     3.000     3.000     3.000     0.337
     1.000     3.000     1.000     3.000     1.000    -0.380
     0.000     2.000     2.000     2.000     2.000     0.056
     2.000     3.000     2.000     3.000     2.000    -0.120
     4.000     2.000     4.000     1.000     2.000     0.890
     2.000     2.000     2.000     3.000     0.000    -0.008
     2.000     2.000     4.000     4.000     2.000     0.023
     4.000     2.000     2.000     1.000     1.000     0.702
     0.000     4.000     0.000     4.000     4.000    -1.012
     2.000     2.000     2.000     1.000     1.000     0.470
     4.000     1.000     2.000     3.000     0.000     0.449
     3.000     2.000     1.000     3.000     1.000     0.093
     4.000     2.000     0.000     1.000     2.000     0.585
     3.000     2.000     1.000     3.000     2.000     0.146
     3.000     2.000     1.000     3.000     2.000     0.146
     1.000     4.000     0.000     3.000     0.000    -0.800
     2.000     2.000     1.000     3.000     1.000    -0.022
     2.000     2.000     3.000     4.000     2.000    -0.042
     4.000     3.000     2.000     2.000     4.000     0.422
     1.000     3.000     2.000     4.000     1.000    -0.534
     3.000     1.000     3.000     1.000     3.000     0.950
     2.000     2.000     1.000     3.000     1.000    -0.022
     2.000     1.000     2.000     3.000     3.000     0.383
     3.000     1.000     3.000     3.000     3.000     0.554
     2.000     2.000     3.000     2.000     0.000     0.266
     2.000     2.000     1.000     2.000     2.000     0.238
     3.000     1.000     3.000     1.000     1.000     0.851
     1.000     2.000     3.000     4.000     2.000    -0.171
     1.000     4.000     1.000     4.000     1.000    -0.909
     2.000     2.000     2.000     3.000     2.000     0.109
     1.000     2.000     1.000     2.000     2.000     0.110
     2.000     1.000     1.000     3.000     2.000     0.258
     2.000     2.000     1.000     3.000     2.000     0.031
     2.000     3.000     2.000     3.000     2.000    -0.120
     2.000     2.000     1.000     3.000     1.000    -0.022
     2.000     1.000     2.000     2.000     2.000     0.538
     3.000     2.000     3.000     2.000     1.000     0.440
     4.000     0.000     1.000     1.000     4.000     1.239
     2.000     2.000     3.000     4.000     3.000     0.009
     1.000     1.000     2.000     2.000     4.000     0.514
     2.000     2.000     1.000     2.000     1.000     0.185
     2.000     3.000     2.000     2.000     4.000     0.191
     4.000     1.000     2.000     2.000     3.000     0.825
     2.000     2.000     2.000     2.000     2.000     0.316
     1.000     2.000     1.000     3.000     1.000    -0.149
     3.000     1.000     3.000     3.000     3.000     0.554
     4.000     3.000     0.000     2.000     3.000     0.196
     1.000     3.000     0.000     3.000     0.000    -0.541
     4.000     4.000     3.000     2.000     0.000     0.017
     4.000     2.000     3.000     2.000     2.000     0.617
     1.000     3.000     1.000     4.000     1.000    -0.620
     1.000     4.000     4.000     4.000     1.000    -0.663
     1.000     4.000     0.000     4.000     0.000    -1.122
     3.000     3.000     2.000     2.000     2.000     0.201
     1.000     4.000     0.000     4.000     1.000    -1.027
     4.000     1.000     3.000     2.000     4.000     0.948
     3.000     1.000     3.000     1.000     2.000     0.903
     2.000     4.000     2.000     2.000     2.000    -0.157
     2.000     2.000     1.000     2.000     3.000     0.289
     2.000     2.000     1.000     1.000     2.000     0.447
     0.000     3.000     1.000     4.000     3.000    -0.655
     1.000     2.000     2.000     2.000     1.000     0.135
     0.000     4.000     1.000     4.000     0.000    -1.196
     1.000     3.000     0.000     3.000     1.000    -0.474
     2.000     3.000     1.000     3.000     3.000    -0.148
     1.000     2.000     1.000     4.000     1.000    -0.373
     2.000     2.000     2.000     3.000     2.000     0.109
     3.000     3.000     1.000     3.000     1.000    -0.134
     1.000     4.000     1.000     4.000     2.000    -0.845
     4.000     1.000     3.000     2.000     3.000     0.890
     4.000     1.000     3.000     2.000     2.000     0.839
     3.000     4.000     2.000     2.000     0.000    -0.157
     2.000     2.000     2.000     3.000     1.000     0.056
     1.000     4.000     1.000     4.000     3.000    -0.784
     2.000     3.000     3.000     2.000     2.000     0.152
     2.000     3.000     1.000     4.000     1.000    -0.485
     2.000     3.000     2.000     3.000     1.000    -0.173
     2.000     3.000     1.000     2.000     2.000     0.009
     1.000     3.000     1.000     3.000     0.000    -0.447
     2.000     2.000     4.000     1.000     1.000     0.600
     3.000     1.000     2.000     4.000     2.000     0.234
     1.000     3.000     1.000     3.000     1.000    -0.380
     3.000     2.000     2.000     3.000     1.000     0.170
     2.000     2.000     2.000     2.000     2.000     0.316
     4.000     3.000     2.000     3.000     3.000     0.160
     4.000     1.000     3.000     2.000     2.000     0.839
     2.000     3.000     1.000     4.000     1.000    -0.485
     2.000     1.000     2.000     2.000     2.000     0.538
     1.000     3.000     1.000     3.000     1.000    -0.380
     1.000     4.000     0.000     4.000     0.000    -1.122
     3.000     1.000     2.000     1.000     3.000     0.889
     3.000     3.000     2.000     2.000     3.000     0.251
     4.000     4.000     2.000     4.000     4.000    -0.257
     1.000     3.000     1.000     4.000     0.000    -0.694
     4.000     3.000     4.000     2.000     0.000     0.334
     2.000     3.000     2.000     1.000     0.000     0.185
     2.000     3.000     2.000     3.000     1.000    -0.173
     2.000     2.000     1.000     2.000     2.000     0.238
     4.000     3.000     3.000     1.000     2.000     0.587
     2.000     2.000     2.000     3.000     1.000     0.056
     0.000     4.000     2.000     4.000     0.000    -1.079
     2.000     2.000     3.000     3.000     2.000     0.174
     2.000     2.000     2.000     2.000     2.000     0.316
     0.000     4.000     1.000     3.000     1.000    -0.775
     1.000     4.000     1.000     4.000     0.000    -0.998
     1.000     3.000     1.000     3.000     0.000    -0.447
     3.000     0.000     0.000     0.000     0.000     0.968
     0.000     4.000     4.000     3.000     4.000    -0.394
     1.000     4.000     1.000     4.000     0.000    -0.998
     4.000     2.000     4.000     2.000     3.000     0.739
     1.000     3.000     3.000     4.000     3.000    -0.355
     4.000     3.000     2.000     2.000     3.000     0.368
     1.000     3.000     1.000     3.000     0.000    -0.447
     0.000     4.000     1.000     4.000     2.000    -1.022
     0.000     3.000     1.000     4.000     0.000    -0.850
     4.000     3.000     1.000     3.000     3.000     0.081
     3.000     2.000     2.000     2.000     4.000     0.533
     3.000     2.000     2.000     1.000     1.000     0.579
     2.000     3.000     0.000     3.000     0.000    -0.413
     2.000     2.000     1.000     2.000     2.000     0.238
     2.000     3.000     2.000     4.000     3.000    -0.292
     2.000     4.000     3.000     4.000     3.000    -0.479
     3.000     2.000     2.000     2.000     2.000     0.429
     2.000     4.000     2.000     4.000     0.000    -0.745
     3.000     2.000     1.000     2.000     1.000     0.299
     4.000     2.000     3.000     2.000     2.000     0.617
     4.000     1.000     2.000     2.000     2.000     0.774
     0.000     4.000     1.000     2.000     2.000    -0.498
     3.000     2.000     3.000     3.000     2.000     0.287
     1.000     2.000     0.000     4.000     0.000    -0.539
     1.000     4.000     1.000     4.000     1.000    -0.909
     4.000     3.000     1.000     2.000     3.000     0.290
     1.000     3.000     2.000     3.000     1.000    -0.300
     1.000     3.000     1.000     3.000     0.000    -0.447
     2.000     4.000     1.000     3.000     4.000    -0.342
     2.000     1.000     1.000     3.000     4.000     0.360
     2.000     2.000     1.000     3.000     2.000     0.031
     3.000     2.000     3.000     3.000     1.000     0.235
     1.000     3.000     2.000     1.000     1.000     0.121
     1.000     2.000     2.000     3.000     1.000    -0.071
     1.000     3.000     4.000     4.000     1.000    -0.398
     3.000     4.000     0.000     2.000     0.000    -0.328
     2.000     2.000     1.000     2.000     1.000     0.185
     4.000     2.000     1.000     3.000     0.000     0.144
     4.000     1.000     3.000     1.000     3.000     1.086
     1.000     2.000     1.000     3.000     1.000    -0.149
     2.000     3.000     1.000     3.000     1.000    -0.252
     3.000     4.000     2.000     2.000     3.000     0.008
     2.000     2.000     2.000     2.000     0.000     0.200
     2.000     2.000     0.000     4.000     3.000    -0.231
     1.000     3.000     1.000     3.000     1.000    -0.380
     2.000     2.000     2.000     4.000     1.000    -0.163
     1.000     3.000     2.000     3.000     2.000    -0.247
     2.000     2.000     2.000     2.000     2.000     0.316
     4.000     0.000     3.000     1.000     4.000     1.388
     2.000     2.000     2.000     4.000     0.000    -0.229
     3.000     0.000     2.000     2.000     4.000     0.972
     4.000     4.000     1.000     4.000     1.000    -0.505
     2.000     1.000     1.000     2.000     2.000     0.463
     3.000     1.000     1.000     2.000     0.000     0.460
     2.000     3.000     2.000     2.000     1.000     0.034
     2.000     4.000     1.000     4.000     3.000    -0.640
     2.000     2.000     2.000     3.000     0.000    -0.008
     3.000     2.000     2.000     2.000     2.000     0.429
     3.000     3.000     1.000     4.000     1.000    -0.359
     0.000     4.000     0.000     4.000     2.000    -1.150
     3.000     2.000     1.000     4.000     2.000    -0.070
     1.000     3.000     1.000     4.000     1.000    -0.620
     0.000     4.000     1.000     3.000     0.000    -0.850
     4.000     0.000     3.000     0.000     2.000     1.495
     2.000     4.000     2.000     3.000     0.000    -0.487
     4.000     2.000     2.000     2.000     2.000     0.551
     3.000     2.000     3.000     2.000     1.000     0.440
     1.000     3.000     1.000     4.000     0.000    -0.694
     0.000     1.000     3.000     1.000     3.000     0.594
     2.000     2.000     2.000     2.000     3.000     0.367
     2.000     3.000     1.000     3.000     3.000    -0.148
     2.000     2.000     3.000     3.000     1.000     0.121
     1.000     3.000     1.000     3.000     1.000    -0.380
     2.000     1.000     1.000     1.000     4.000     0.765
     0.000     4.000     0.000     4.000     0.000    -1.341
     2.000     2.000     2.000     2.000     0.000     0.200
     3.000     2.000     3.000     2.000     0.000     0.379
     1.000     3.000     3.000     4.000     0.000    -0.535
     2.000     3.000     3.000     3.000     1.000    -0.107
     3.000     2.000     2.000     2.000     2.000     0.429
     3.000     1.000     4.000     0.000     1.000     1.106
     0.000     4.000     2.000     4.000     0.000    -1.079
     2.000     2.000     3.000     3.000     1.000     0.121
     3.000     3.000     1.000     2.000     3.000     0.175
     3.000     2.000     2.000     3.000     2.000     0.223
     2.000     2.000     4.000     2.000     3.000     0.499
     2.000     3.000     2.000     3.000     3.000    -0.069
     2.000     2.000     2.000     2.000     3.000     0.367
     3.000     2.000     2.000     3.000     0.000     0.108
     3.000     3.000     3.000     4.000     2.000    -0.156
     3.000     3.000     2.000     2.000     0.000     0.086
     0.000     4.000     2.000     2.000     0.000    -0.539
     1.000     3.000     1.000     2.000     2.000    -0.118
     2.000     3.000     4.000     3.000     0.000    -0.107
     1.000     4.000     1.000     4.000     0.000    -0.998
     1.000     2.000     1.000     2.000     1.000     0.057
     3.000     3.000     1.000     2.000     2.000     0.124
     0.000     0.000     2.000     2.000     2.000     0.500
     4.000     1.000     3.000     2.000     1.000     0.785
     1.000     2.000     2.000     3.000     2.000    -0.018
     1.000     3.000     3.000     3.000     0.000    -0.300
     2.000     2.000     2.000     2.000     2.000     0.316
     4.000     0.000     2.000     1.000     0.000     1.087
     0.000     2.000     2.000     1.000     1.000     0.216
     2.000     3.000     2.000     4.000     2.000    -0.345
     1.000     1.000     0.000     3.000     0.000    -0.071
     1.000     2.000     1.000     2.000     2.000     0.110
     2.000     2.000     1.000     1.000     2.000     0.447
     2.000     4.000     1.000     4.000     0.000    -0.841
     2.000     4.000     2.000     2.000     0.000    -0.275
     2.000     3.000     2.000     2.000     2.000     0.087
     3.000     2.000     2.000     3.000     0.000     0.108
     2.000     3.000     2.000     3.000     2.000    -0.120
     1.000     3.000     0.000     4.000     2.000    -0.664
     2.000     2.000     3.000     2.000     3.000     0.431
     4.000     3.000     2.000     2.000     2.000     0.317
     2.000     3.000     2.000     3.000     0.000    -0.238
     3.000     1.000     2.000     2.000     1.000     0.595
     2.000     3.000     1.000     2.000     1.000    -0.044
     3.000     2.000     4.000     2.000     0.000     0.446
     1.000     3.000     0.000     4.000     2.000    -0.664
     1.000     4.000     2.000     3.000     2.000    -0.493
     3.000     1.000     3.000     3.000     4.000     0.607
     3.000     3.000     2.000     3.000     0.000    -0.120
     2.000     3.000     3.000     3.000     3.000    -0.003
     2.000     4.000     0.000     4.000     0.000    -0.957
     2.000     3.000     2.000     4.000     0.000    -0.471
     2.000     2.000     1.000     3.000     2.000     0.031
     1.000     4.000     2.000     4.000     3.000    -0.691
     3.000     1.000     1.000     3.000     2.000     0.369
     2.000     3.000     4.000     4.000     1.000    -0.266
     1.000     4.000     3.000     3.000     0.000    -0.548
     1.000     3.000     1.000     3.000     2.000    -0.327
     2.000     2.000     2.000     3.000     1.000     0.056
     4.000     4.000     1.000     4.000     1.000    -0.505
     1.000     3.000     3.000     3.000     1.000    -0.234
     0.000     3.000     1.000     3.000     2.000    -0.462
     0.000     4.000     3.000     4.000     2.000    -0.834
     3.000     2.000     2.000     2.000     3.000     0.479
     3.000     2.000     1.000     3.000     1.000     0.093
     3.000     1.000     3.000     2.000     2.000     0.710
     2.000     3.000     2.000     3.000     2.000    -0.120
     1.000     2.000     1.000     4.000     3.000    -0.266
     1.000     2.000     1.000     3.000     1.000    -0.149
     2.000     1.000     2.000     2.000     2.000     0.538
     2.000     3.000     3.000     3.000     2.000    -0.054
     1.000     2.000     2.000     2.000     0.000     0.072
     3.000     2.000     2.000     1.000     3.000     0.679
     2.000     1.000     2.000     2.000     2.000     0.538
     1.000     3.000     2.000     2.000     1.000    -0.093
     2.000     2.000     2.000     2.000     2.000     0.316
     3.000     1.000     2.000     2.000     2.000     0.647
     2.000     2.000     1.000     3.000     3.000     0.082
     2.000     3.000     2.000     4.000     2.000    -0.345
     3.000     1.000     2.000     1.000     2.000     0.841
     1.000     3.000     2.000     3.000     1.000    -0.300
     1.000     3.000     1.000     4.000     1.000    -0.620
     2.000     3.000     2.000     3.000     2.000    -0.120
     2.000     3.000     1.000     3.000     1.000    -0.252
     3.000     4.000     0.000     4.000     0.000    -0.805
     1.000     4.000     1.000     3.000     0.000    -0.701
     2.000     2.000     2.000     1.000     2.000     0.522
     4.000     1.000     4.000     3.000     3.000     0.745
     0.000     3.000     1.000     4.000     1.000    -0.771
     4.000     0.000     0.000     0.000     2.000     1.232
     2.000     3.000     1.000     3.000     1.000    -0.252
     3.000     1.000     4.000     2.000     2.000     0.778
     4.000     1.000     4.000     2.000     1.000     0.856
     1.000     3.000     3.000     4.000     3.000    -0.355
     1.000     3.000     0.000     4.000     2.000    -0.664
     4.000     0.000     1.000     0.000     4.000     1.463
     1.000     3.000     1.000     4.000     1.000    -0.620
     1.000     4.000     1.000     3.000     0.000    -0.701
     2.000     3.000     1.000     2.000     3.000     0.060
     2.000     3.000     0.000     3.000     0.000    -0.413
     4.000     1.000     4.000     2.000     2.000     0.911
     1.000     3.000     1.000     4.000     1.000    -0.620
     3.000     2.000     3.000     1.000     2.000     0.693
     2.000     1.000     2.000     2.000     1.000     0.486
     2.000     2.000     2.000     2.000     1.000     0.263
     4.000     3.000     3.000     1.000     2.000     0.587
     3.000     2.000     1.000     3.000     1.000     0.093
     3.000     1.000     1.000     1.000     2.000     0.768
     4.000     3.000     4.000     3.000     1.000     0.187
     2.000     2.000     1.000     4.000     1.000    -0.243
