     2.000     1.000     2.000     3.000     2.000     0.295
     0.000     0.000     3.000     0.000     1.000    -1.247
     1.000     2.000     2.000     0.000     4.000    -0.043
     4.000     4.000     0.000     4.000     4.000     1.975
     0.000     1.000     3.000     0.000     2.000    -0.865
     1.000     1.000     2.000     2.000     1.000    -0.150
     1.000     0.000     3.000     2.000     1.000    -0.555
     2.000     2.000     1.000     2.000     4.000     0.628
     1.000     3.000     4.000     0.000     4.000    -0.180
     1.000     1.000     3.000     1.000     2.000    -0.383
     1.000     0.000     3.000     0.000     1.000    -0.832
     1.000     1.000     4.000     3.000     2.000    -0.319
     2.000     3.000     1.000     3.000     3.000     0.850
     1.000     1.000     3.000     1.000     3.000    -0.339
     1.000     1.000     3.000     0.000     1.000    -0.568
     1.000     3.000     1.000     2.000     2.000     0.444
     1.000     1.000     3.000     2.000     1.000    -0.310
     1.000     1.000     3.000     1.000     4.000    -0.283
     2.000     0.000     3.000     0.000     4.000    -0.338
     2.000     0.000     2.000     4.000     1.000     0.154
     4.000     4.000     0.000     4.000     3.000     1.884
     1.000     1.000     2.000     2.000     3.000    -0.060
     1.000     2.000     1.000     3.000     3.000     0.419
     3.000     4.000     1.000     4.000     4.000     1.434
     1.000     2.000     0.000     4.000     3.000     0.710
     1.000     0.000     2.000     0.000     2.000    -0.610
     1.000     2.000     2.000     1.000     1.000    -0.059
     2.000     1.000     2.000     2.000     4.000     0.280
     0.000     0.000     3.000     2.000     1.000    -0.916
     1.000     1.000     3.000     2.000     2.000    -0.264
     2.000     1.000     3.000     1.000     3.000    -0.039
     2.000     2.000     2.000     2.000     3.000     0.424
     0.000     0.000     4.000     0.000     1.000    -1.542
     4.000     4.000     0.000     4.000     0.000     1.702
     2.000     1.000     2.000     1.000     3.000     0.112
     2.000     3.000     1.000     3.000     2.000     0.809
     1.000     2.000     2.000     1.000     2.000    -0.013
     2.000     1.000     2.000     2.000     1.000     0.140
     0.000     0.000     4.000     0.000     4.000    -1.322
     0.000     2.000     4.000     0.000     2.000    -0.830
     1.000     2.000     1.000     1.000     3.000     0.186
     1.000     1.000     2.000     1.000     3.000    -0.179
     0.000     4.000     3.000     4.000     4.000     0.291
     2.000     3.000     2.000     3.000     1.000     0.622
     0.000     1.000     1.000     1.000     3.000    -0.349
     2.000     2.000     2.000     2.000     2.000     0.382
     1.000     1.000     3.000     1.000     4.000    -0.283
     0.000     1.000     3.000     1.000     1.000    -0.761
     4.000     4.000     0.000     4.000     4.000     1.975
     1.000     0.000     2.000     1.000     2.000    -0.464
     1.000     1.000     2.000     3.000     2.000     0.014
     1.000     0.000     1.000     2.000     4.000    -0.076
     1.000     1.000     2.000     1.000     3.000    -0.179
     1.000     1.000     3.000     0.000     3.000    -0.476
     2.000     2.000     2.000     4.000     4.000     0.717
     1.000     2.000     3.000     0.000     0.000    -0.407
     1.000     1.000     2.000     2.000     3.000    -0.060
     2.000     4.000     1.000     0.000     1.000     0.590
     4.000     4.000     0.000     3.000     2.000     1.626
     0.000     0.000     3.000     1.000     2.000    -0.998
     0.000     0.000     4.000     0.000     4.000    -1.322
     1.000     1.000     2.000     3.000     3.000     0.058
     1.000     1.000     3.000     2.000     4.000    -0.164
     2.000     2.000     3.000     2.000     2.000     0.230
     4.000     0.000     0.000     2.000     3.000     0.725
     2.000     2.000     2.000     2.000     2.000     0.382
     1.000     0.000     4.000     4.000     3.000    -0.396
     2.000     1.000     4.000     0.000     0.000    -0.470
     1.000     2.000     3.000     1.000     2.000    -0.172
     1.000     1.000     2.000     1.000     4.000    -0.123
     0.000     2.000     0.000     0.000     4.000    -0.063
     0.000     1.000     1.000     2.000     3.000    -0.233
     1.000     4.000     2.000     3.000     2.000     0.570
     2.000     3.000     2.000     3.000     4.000     0.762
     3.000     2.000     0.000     2.000     2.000     0.896
     2.000     3.000     1.000     3.000     3.000     0.850
     4.000     4.000     2.000     2.000     4.000     1.255
     0.000     0.000     4.000     0.000     4.000    -1.322
     4.000     4.000     0.000     4.000     4.000     1.975
     1.000     2.000     1.000     2.000     3.000     0.304
     2.000     2.000     1.000     2.000     1.000     0.486
     3.000     2.000     1.000     2.000     0.000     0.649
     2.000     0.000     3.000     0.000     3.000    -0.392
     0.000     0.000     3.000     2.000     3.000    -0.814
     1.000     1.000     2.000     2.000     1.000    -0.150
     0.000     1.000     2.000     3.000     2.000    -0.315
     3.000     2.000     2.000     3.000     3.000     0.744
     2.000     2.000     3.000     2.000     2.000     0.230
     2.000     1.000     1.000     3.000     2.000     0.442
     1.000     0.000     4.000     0.000     3.000    -0.936
     2.000     1.000     1.000     1.000     3.000     0.260
     1.000     1.000     3.000     3.000     3.000    -0.101
     2.000     2.000     2.000     4.000     3.000     0.659
     3.000     3.000     1.000     3.000     3.000     1.049
     1.000     1.000     3.000     1.000     0.000    -0.482
     2.000     3.000     2.000     2.000     2.000     0.557
     1.000     1.000     2.000     1.000     3.000    -0.179
     3.000     3.000     3.000     3.000     4.000     0.816
     0.000     0.000     4.000     1.000     4.000    -1.110
     1.000     2.000     2.000     1.000     2.000    -0.013
     2.000     2.000     4.000     0.000     2.000    -0.170
     1.000     1.000     4.000     1.000     2.000    -0.560
     0.000     0.000     4.000     2.000     1.000    -1.143
     3.000     3.000     1.000     2.000     2.000     0.904
     1.000     1.000     1.000     1.000     1.000    -0.111
     2.000     2.000     2.000     2.000     3.000     0.424
     2.000     2.000     3.000     2.000     3.000     0.272
     4.000     0.000     0.000     1.000     3.000     0.609
     0.000     2.000     4.000     2.000     2.000    -0.558
     3.000     4.000     2.000     4.000     3.000     1.218
     1.000     0.000     3.000     1.000     2.000    -0.631
     0.000     2.000     3.000     4.000     4.000    -0.050
     1.000     2.000     2.000     2.000     3.000     0.149
     3.000     2.000     3.000     2.000     2.000     0.447
     0.000     0.000     4.000     0.000     1.000    -1.542
     1.000     2.000     1.000     2.000     3.000     0.304
     0.000     1.000     4.000     0.000     3.000    -1.022
     0.000     2.000     3.000     3.000     3.000    -0.222
     1.000     3.000     0.000     2.000     4.000     0.703
     1.000     2.000     3.000     0.000     1.000    -0.352
     0.000     2.000     1.000     0.000     1.000    -0.363
     2.000     2.000     2.000     1.000     2.000     0.268
     1.000     0.000     3.000     3.000     3.000    -0.338
     2.000     3.000     1.000     3.000     3.000     0.850
     3.000     3.000     0.000     3.000     4.000     1.266
     2.000     3.000     2.000     2.000     4.000     0.653
     1.000     0.000     3.000     0.000     0.000    -0.891
     2.000     2.000     1.000     2.000     4.000     0.628
     0.000     0.000     2.000     0.000     2.000    -0.986
     1.000     2.000     1.000     0.000     4.000     0.116
     3.000     2.000     1.000     1.000     2.000     0.628
     1.000     1.000     2.000     1.000     3.000    -0.179
     2.000     2.000     2.000     3.000     4.000     0.590
     2.000     3.000     2.000     3.000     1.000     0.622
     0.000     0.000     3.000     1.000     2.000    -0.998
     1.000     1.000     2.000     3.000     3.000     0.058
     2.000     3.000     3.000     4.000     4.000     0.736
     1.000     2.000     2.000     3.000     4.000     0.323
     1.000     1.000     2.000     1.000     2.000    -0.223
     1.000     2.000     3.000     2.000     3.000    -0.010
     2.000     1.000     2.000     1.000     1.000     0.027
     1.000     1.000     1.000     1.000     3.000    -0.021
     0.000     1.000     4.000     1.000     2.000    -0.906
     3.000     4.000     1.000     4.000     4.000     1.434
     2.000     1.000     2.000     1.000     1.000     0.027
     1.000     2.000     2.000     2.000     3.000     0.149
     1.000     1.000     3.000     2.000     3.000    -0.220
     2.000     2.000     3.000     3.000     3.000     0.382
     1.000     2.000     1.000     1.000     2.000     0.143
     0.000     1.000     4.000     0.000     2.000    -1.073
     1.000     2.000     2.000     0.000     1.000    -0.191
     1.000     1.000     3.000     2.000     3.000    -0.220
     1.000     0.000     2.000     1.000     2.000    -0.464
     1.000     0.000     2.000     2.000     1.000    -0.389
     2.000     3.000     1.000     0.000     2.000     0.473
     0.000     2.000     4.000     1.000     3.000    -0.633
     1.000     1.000     1.000     3.000     4.000     0.271
     1.000     2.000     2.000     2.000     1.000     0.060
     0.000     0.000     3.000     2.000     1.000    -0.916
     0.000     0.000     2.000     0.000     1.000    -1.042
     1.000     1.000     1.000     1.000     1.000    -0.111
     1.000     2.000     2.000     2.000     3.000     0.149
     1.000     0.000     4.000     0.000     4.000    -0.876
     0.000     1.000     3.000     1.000     3.000    -0.669
     4.000     3.000     3.000     3.000     3.000     0.959
     0.000     0.000     4.000     0.000     2.000    -1.467
     0.000     2.000     2.000     1.000     1.000    -0.386
     1.000     1.000     2.000     1.000     1.000    -0.269
     0.000     1.000     2.000     2.000     0.000    -0.533
     0.000     0.000     1.000     1.000     2.000    -0.641
     0.000     1.000     4.000     0.000     2.000    -1.073
     1.000     1.000     3.000     2.000     2.000    -0.264
     2.000     1.000     2.000     2.000     1.000     0.140
     1.000     4.000     4.000     4.000     3.000     0.415
     0.000     0.000     4.000     2.000     4.000    -0.965
     2.000     2.000     1.000     2.000     1.000     0.486
     0.000     0.000     2.000     0.000     0.000    -1.110
     0.000     0.000     4.000     4.000     4.000    -0.692
     2.000     1.000     2.000     3.000     4.000     0.392
     3.000     4.000     0.000     4.000     4.000     1.625
     4.000     4.000     0.000     4.000     4.000     1.975
     1.000     0.000     3.000     3.000     2.000    -0.383
     1.000     1.000     4.000     2.000     2.000    -0.440
     3.000     2.000     1.000     4.000     3.000     1.016
     1.000     0.000     2.000     1.000     3.000    -0.418
     0.000     1.000     3.000     1.000     3.000    -0.669
     1.000     2.000     2.000     3.000     2.000     0.222
     2.000     2.000     1.000     2.000     4.000     0.628
     1.000     0.000     1.000     3.000     4.000     0.044
     3.000     1.000     1.000     2.000     3.000     0.587
     0.000     0.000     4.000     0.000     2.000    -1.467
     1.000     1.000     1.000     1.000     4.000     0.035
     1.000     1.000     3.000     2.000     3.000    -0.220
     3.000     1.000     1.000     2.000     4.000     0.642
     3.000     1.000     1.000     4.000     4.000     0.876
     1.000     1.000     3.000     2.000     2.000    -0.264
     1.000     1.000     2.000     2.000     3.000    -0.060
     1.000     3.000     4.000     2.000     4.000     0.069
     0.000     0.000     3.000     0.000     2.000    -1.186
     0.000     2.000     3.000     2.000     3.000    -0.338
     4.000     1.000     1.000     3.000     4.000     0.951
     1.000     1.000     2.000     1.000     3.000    -0.179
     0.000     2.000     4.000     2.000     4.000    -0.458
     1.000     4.000     1.000     4.000     3.000     0.900
     1.000     1.000     3.000     1.000     4.000    -0.283
     1.000     1.000     3.000     1.000     3.000    -0.339
     2.000     1.000     1.000     2.000     1.000     0.289
     0.000     0.000     3.000     1.000     3.000    -0.947
     2.000     3.000     3.000     3.000     3.000     0.556
     3.000     2.000     3.000     1.000     0.000     0.244
     1.000     1.000     2.000     1.000     3.000    -0.179
     0.000     0.000     2.000     0.000     2.000    -0.986
     1.000     1.000     1.000     1.000     2.000    -0.065
     0.000     0.000     4.000     0.000     2.000    -1.467
     4.000     2.000     2.000     2.000     4.000     0.892
     0.000     0.000     4.000     3.000     4.000    -0.823
     0.000     0.000     3.000     1.000     4.000    -0.886
     2.000     2.000     1.000     1.000     2.000     0.416
     2.000     1.000     1.000     3.000     3.000     0.484
     2.000     2.000     0.000     4.000     4.000     1.033
     2.000     1.000     0.000     2.000     2.000     0.486
     0.000     2.000     3.000     3.000     3.000    -0.222
     0.000     0.000     3.000     4.000     4.000    -0.499
     0.000     0.000     4.000     3.000     4.000    -0.823
     1.000     1.000     2.000     1.000     2.000    -0.223
     1.000     0.000     2.000     2.000     3.000    -0.296
     1.000     0.000     3.000     0.000     3.000    -0.734
     1.000     2.000     2.000     2.000     4.000     0.206
     1.000     0.000     3.000     0.000     2.000    -0.782
     0.000     0.000     2.000     2.000     3.000    -0.639
     1.000     1.000     2.000     4.000     4.000     0.240
     0.000     1.000     3.000     3.000     3.000    -0.430
     2.000     2.000     3.000     2.000     1.000     0.187
     0.000     0.000     3.000     1.000     0.000    -1.118
     1.000     1.000     3.000     1.000     3.000    -0.339
     2.000     1.000     1.000     4.000     4.000     0.665
     2.000     3.000     3.000     3.000     3.000     0.556
     3.000     3.000     1.000     2.000     4.000     1.000
     0.000     0.000     4.000     1.000     1.000    -1.297
     0.000     0.000     4.000     0.000     1.000    -1.542
     0.000     0.000     4.000     2.000     4.000    -0.965
     0.000     0.000     4.000     0.000     1.000    -1.542
     1.000     1.000     3.000     3.000     3.000    -0.101
     2.000     1.000     2.000     3.000     4.000     0.392
     1.000     1.000     1.000     1.000     1.000    -0.111
     1.000     2.000     3.000     1.000     1.000    -0.218
     1.000     2.000     3.000     1.000     3.000    -0.128
     3.000     4.000     2.000     3.000     3.000     1.079
     1.000     1.000     3.000     2.000     3.000    -0.220
     2.000     2.000     1.000     3.000     3.000     0.681
     0.000     0.000     4.000     2.000     4.000    -0.965
     1.000     1.000     2.000     2.000     3.000    -0.060
     1.000     2.000     3.000     1.000     2.000    -0.172
     2.000     1.000     2.000     2.000     2.000     0.184
     1.000     1.000     3.000     2.000     2.000    -0.264
     1.000     3.000     3.000     2.000     3.000     0.180
     1.000     1.000     2.000     0.000     3.000    -0.313
     0.000     1.000     4.000     4.000     3.000    -0.487
     2.000     1.000     2.000     3.000     4.000     0.392
     1.000     1.000     1.000     3.000     4.000     0.271
     1.000     0.000     3.000     2.000     4.000    -0.404
     4.000     4.000     2.000     2.000     4.000     1.255
     1.000     3.000     3.000     4.000     4.000     0.474
     1.000     0.000     3.000     0.000     1.000    -0.832
     0.000     0.000     4.000     0.000     2.000    -1.467
     1.000     2.000     3.000     2.000     4.000     0.047
     0.000     1.000     2.000     3.000     1.000    -0.361
     2.000     2.000     2.000     0.000     2.000     0.147
     1.000     1.000     3.000     2.000     3.000    -0.220
     1.000     0.000     0.000     1.000     3.000    -0.092
     0.000     0.000     4.000     2.000     2.000    -1.085
     1.000     0.000     2.000     1.000     2.000    -0.464
     1.000     1.000     3.000     1.000     3.000    -0.339
     1.000     0.000     4.000     4.000     0.000    -0.548
     1.000     0.000     3.000     1.000     2.000    -0.631
     4.000     0.000     2.000     0.000     2.000     0.142
     0.000     1.000     4.000     0.000     3.000    -1.022
     0.000     2.000     3.000     2.000     1.000    -0.427
     0.000     0.000     4.000     0.000     1.000    -1.542
     3.000     3.000     1.000     3.000     4.000     1.105
     1.000     2.000     2.000     2.000     2.000     0.105
     3.000     0.000     0.000     1.000     1.000     0.334
     1.000     2.000     2.000     2.000     4.000     0.206
     3.000     3.000     1.000     3.000     3.000     1.049
     2.000     2.000     1.000     4.000     4.000     0.867
     4.000     4.000     0.000     4.000     0.000     1.702
     0.000     1.000     2.000     1.000     3.000    -0.507
     1.000     1.000     3.000     3.000     3.000    -0.101
     1.000     2.000     3.000     1.000     3.000    -0.128
     1.000     4.000     2.000     1.000     1.000     0.291
     1.000     0.000     1.000     2.000     1.000    -0.225
     1.000     1.000     3.000     1.000     2.000    -0.383
     1.000     2.000     2.000     2.000     2.000     0.105
     1.000     1.000     2.000     2.000     2.000    -0.104
     1.000     2.000     2.000     3.000     2.000     0.222
     1.000     1.000     3.000     2.000     2.000    -0.264
     2.000     4.000     0.000     3.000     4.000     1.254
     2.000     1.000     2.000     3.000     4.000     0.392
     4.000     1.000     2.000     2.000     4.000     0.691
     0.000     2.000     2.000     2.000     4.000    -0.128
     1.000     2.000     2.000     2.000     3.000     0.149
     2.000     4.000     0.000     3.000     4.000     1.254
     4.000     1.000     2.000     2.000     4.000     0.691
     2.000     3.000     1.000     1.000     4.000     0.685
     2.000     3.000     1.000     4.000     3.000     0.979
     2.000     1.000     2.000     1.000     2.000     0.070
     3.000     3.000     2.000     3.000     3.000     0.908
     3.000     3.000     2.000     4.000     3.000     1.036
     1.000     1.000     1.000     2.000     2.000     0.054
     2.000     3.000     0.000     2.000     2.000     0.858
     2.000     1.000     2.000     3.000     4.000     0.392
     2.000     2.000     1.000     3.000     2.000     0.639
     3.000     2.000     1.000     3.000     3.000     0.887
     4.000     3.000     1.000     2.000     4.000     1.213
     3.000     2.000     2.000     2.000     4.000     0.692
     1.000     2.000     1.000     3.000     2.000     0.376
     2.000     2.000     2.000     4.000     3.000     0.659
     2.000     3.000     2.000     3.000     3.000     0.706
     2.000     2.000     2.000     4.000     4.000     0.717
     1.000     0.000     4.000     1.000     2.000    -0.823
     2.000     1.000     1.000     1.000     2.000     0.219
     2.000     2.000     2.000     3.000     2.000     0.492
     1.000     2.000     3.000     2.000     2.000    -0.054
     2.000     2.000     3.000     2.000     2.000     0.230
     0.000     0.000     4.000     2.000     3.000    -1.030
     2.000     2.000     3.000     1.000     2.000     0.117
     3.000     2.000     3.000     3.000     2.000     0.554
     1.000     3.000     1.000     3.000     3.000     0.598
     2.000     2.000     1.000     2.000     3.000     0.571
     1.000     1.000     2.000     2.000     3.000    -0.060
     2.000     2.000     3.000     3.000     3.000     0.382
     3.000     2.000     1.000     4.000     2.000     0.974
     1.000     1.000     3.000     2.000     2.000    -0.264
     1.000     1.000     2.000     3.000     2.000     0.014
     2.000     2.000     2.000     2.000     3.000     0.424
     2.000     2.000     2.000     2.000     4.000     0.479
     0.000     0.000     0.000     2.000     3.000    -0.309
     2.000     2.000     2.000     2.000     2.000     0.382
     1.000     3.000     2.000     1.000     3.000     0.219
     1.000     1.000     2.000     4.000     1.000     0.091
     0.000     0.000     2.000     0.000     4.000    -0.871
     1.000     1.000     3.000     1.000     2.000    -0.383
     2.000     0.000     4.000     1.000     4.000    -0.376
     1.000     1.000     0.000     1.000     3.000     0.138
     0.000     2.000     2.000     4.000     3.000     0.050
     0.000     0.000     2.000     0.000     2.000    -0.986
     1.000     0.000     2.000     0.000     2.000    -0.610
     1.000     0.000     3.000     0.000     2.000    -0.782
     1.000     0.000     3.000     2.000     3.000    -0.461
     1.000     0.000     3.000     3.000     1.000    -0.431
     1.000     1.000     2.000     1.000     2.000    -0.223
     1.000     2.000     2.000     2.000     4.000     0.206
     1.000     2.000     2.000     2.000     2.000     0.105
     1.000     1.000     2.000     2.000     2.000    -0.104
     1.000     0.000     3.000     0.000     1.000    -0.832
     1.000     1.000     3.000     2.000     2.000    -0.264
     0.000     1.000     3.000     1.000     1.000    -0.761
     1.000     0.000     2.000     4.000     2.000    -0.095
     1.000     0.000     3.000     1.000     2.000    -0.631
     3.000     2.000     2.000     2.000     4.000     0.692
     2.000     2.000     2.000     2.000     2.000     0.382
