     1.000     2.000     2.000     0.000     1.000    -0.530
     2.000     2.000     2.000     1.000     2.000    -0.113
     2.000     3.000     3.000     2.000     3.000     0.437
     3.000     3.000     2.000     2.000     3.000     0.585
     2.000     2.000     2.000     2.000     1.000    -0.077
     2.000     2.000     3.000     1.000     2.000     0.054
     2.000     2.000     3.000     2.000     1.000     0.089
     2.000     4.000     4.000     0.000     0.000     0.714
     2.000     3.000     2.000     1.000     2.000     0.190
     1.000     3.000     2.000     1.000     2.000    -0.131
     2.000     2.000     3.000     1.000     2.000     0.054
     2.000     3.000     3.000     1.000     0.000     0.298
     0.000     2.000     1.000     2.000     1.000    -0.884
     2.000     3.000     2.000     1.000     0.000     0.135
     2.000     3.000     3.000     1.000     2.000     0.353
     2.000     4.000     3.000     3.000     1.000     0.764
     3.000     4.000     4.000     2.000     1.000     1.192
     2.000     4.000     4.000     2.000     2.000     0.917
     0.000     0.000     0.000     0.000     1.000    -1.918
     0.000     1.000     1.000     1.000     1.000    -1.253
     1.000     1.000     2.000     2.000     1.000    -0.697
     1.000     1.000     1.000     0.000     1.000    -0.992
     2.000     3.000     1.000     1.000     2.000     0.010
     2.000     3.000     2.000     1.000     0.000     0.135
     0.000     2.000     1.000     0.000     0.000    -1.061
     2.000     2.000     2.000     1.000     1.000    -0.139
     1.000     1.000     1.000     1.000     2.000    -0.893
     1.000     3.000     2.000     1.000     0.000    -0.184
     1.000     3.000     2.000     1.000     2.000    -0.131
     2.000     4.000     3.000     2.000     0.000     0.679
     2.000     3.000     3.000     1.000     2.000     0.353
     2.000     3.000     2.000     1.000     1.000     0.165
     3.000     3.000     3.000     4.000     1.000     0.785
     2.000     3.000     3.000     4.000     1.000     0.493
     1.000     2.000     1.000     1.000     2.000    -0.599
     1.000     3.000     3.000     1.000     1.000     0.005
     2.000     4.000     3.000     1.000     3.000     0.696
     2.000     3.000     2.000     3.000     1.000     0.280
     1.000     4.000     2.000     0.000     2.000     0.097
     2.000     2.000     2.000     4.000     1.000     0.028
     1.000     2.000     2.000     1.000     3.000    -0.406
     2.000     2.000     2.000     1.000     2.000    -0.113
     0.000     4.000     4.000     3.000     1.000     0.249
     1.000     3.000     1.000     1.000     0.000    -0.353
     2.000     3.000     2.000     0.000     0.000     0.061
     2.000     2.000     2.000     2.000     2.000    -0.051
     2.000     2.000     0.000     2.000     2.000    -0.388
     2.000     4.000     2.000     2.000     2.000     0.571
     1.000     3.000     3.000     0.000     1.000    -0.066
     1.000     2.000     2.000     0.000     2.000    -0.505
     2.000     3.000     2.000     1.000     0.000     0.135
     0.000     0.000     1.000     0.000     1.000    -1.675
     2.000     2.000     2.000     2.000     2.000    -0.051
     2.000     4.000     3.000     2.000     2.000     0.735
     0.000     3.000     2.000     4.000     1.000    -0.302
     4.000     4.000     4.000     3.000     1.000     1.593
     1.000     2.000     2.000     2.000     2.000    -0.369
     3.000     1.000     4.000     0.000     3.000     0.158
     2.000     3.000     3.000     1.000     1.000     0.328
     1.000     2.000     2.000     1.000     1.000    -0.454
     1.000     2.000     1.000     0.000     2.000    -0.675
     1.000     2.000     1.000     1.000     1.000    -0.624
     2.000     3.000     3.000     2.000     1.000     0.388
     4.000     4.000     3.000     3.000     3.000     1.405
     1.000     3.000     4.000     2.000     1.000     0.211
     2.000     2.000     3.000     1.000     1.000     0.028
     4.000     4.000     4.000     0.000     2.000     1.388
     1.000     2.000     2.000     1.000     4.000    -0.382
     2.000     3.000     2.000     2.000     0.000     0.197
     2.000     2.000     2.000     1.000     0.000    -0.169
     0.000     4.000     2.000     3.000     1.000    -0.053
     2.000     4.000     4.000     1.000     2.000     0.850
     0.000     3.000     4.000     0.000     3.000    -0.180
     0.000     2.000     3.000     0.000     2.000    -0.648
     3.000     2.000     2.000     2.000     0.000     0.231
     2.000     4.000     3.000     1.000     1.000     0.646
     2.000     4.000     3.000     2.000     0.000     0.679
     2.000     4.000     4.000     4.000     3.000     1.062
     4.000     4.000     4.000     0.000     0.000     1.320
     3.000     4.000     2.000     1.000     1.000     0.789
     2.000     3.000     3.000     0.000     3.000     0.304
     1.000     2.000     2.000     1.000     2.000    -0.429
     4.000     4.000     4.000     4.000     2.000     1.711
     2.000     2.000     2.000     0.000     3.000    -0.165
     1.000     2.000     2.000     1.000     2.000    -0.429
     2.000     3.000     4.000     0.000     1.000     0.414
     1.000     1.000     1.000     1.000     2.000    -0.893
     3.000     2.000     1.000     3.000     2.000     0.162
     4.000     4.000     4.000     2.000     1.000     1.524
     0.000     2.000     2.000     0.000     1.000    -0.855
     3.000     3.000     2.000     3.000     2.000     0.613
     0.000     1.000     3.000     0.000     0.000    -1.008
     2.000     3.000     1.000     2.000     3.000     0.094
     2.000     3.000     1.000     1.000     2.000     0.010
     3.000     3.000     2.000     3.000     1.000     0.589
     0.000     1.000     2.000     3.000     1.000    -0.963
     1.000     2.000     2.000     2.000     3.000    -0.346
     3.000     1.000     3.000     0.000     2.000    -0.002
     1.000     3.000     1.000     1.000     1.000    -0.325
     2.000     2.000     2.000     2.000     2.000    -0.051
     2.000     2.000     2.000     2.000     1.000    -0.077
     1.000     3.000     2.000     1.000     2.000    -0.131
     1.000     3.000     2.000     1.000     1.000    -0.156
     2.000     2.000     3.000     3.000     3.000     0.191
     1.000     2.000     1.000     1.000     0.000    -0.653
     1.000     2.000     4.000     1.000     2.000    -0.116
     1.000     2.000     2.000     2.000     3.000    -0.346
     4.000     2.000     2.000     0.000     4.000     0.425
     2.000     4.000     2.000     2.000     3.000     0.596
     4.000     4.000     4.000     4.000     3.000     1.745
     2.000     3.000     2.000     2.000     1.000     0.226
     2.000     2.000     1.000     2.000     2.000    -0.229
     1.000     3.000     2.000     2.000     3.000    -0.049
     1.000     2.000     2.000     2.000     2.000    -0.369
     2.000     2.000     2.000     0.000     0.000    -0.244
     0.000     1.000     1.000     3.000     3.000    -1.083
     3.000     4.000     2.000     0.000     2.000     0.743
     2.000     3.000     4.000     1.000     1.000     0.488
     2.000     3.000     2.000     1.000     1.000     0.165
     3.000     3.000     2.000     2.000     4.000     0.608
     0.000     1.000     2.000     1.000     0.000    -1.112
     1.000     2.000     4.000     0.000     0.000    -0.243
     1.000     2.000     2.000     0.000     1.000    -0.530
     2.000     4.000     3.000     2.000     0.000     0.679
     0.000     2.000     0.000     1.000     2.000    -1.097
     3.000     4.000     4.000     4.000     3.000     1.364
     2.000     3.000     2.000     3.000     2.000     0.305
     0.000     2.000     1.000     1.000     1.000    -0.947
     2.000     2.000     2.000     2.000     1.000    -0.077
     4.000     3.000     4.000     3.000     1.000     1.146
     1.000     3.000     2.000     3.000     1.000    -0.045
     2.000     2.000     3.000     3.000     1.000     0.142
     0.000     0.000     2.000     2.000     1.000    -1.324
     1.000     2.000     2.000     0.000     1.000    -0.530
     2.000     3.000     2.000     2.000     1.000     0.226
     2.000     3.000     2.000     2.000     2.000     0.252
     2.000     2.000     2.000     2.000     2.000    -0.051
     3.000     4.000     3.000     4.000     1.000     1.113
     2.000     4.000     2.000     1.000     2.000     0.508
     3.000     4.000     1.000     2.000     2.000     0.689
     2.000     4.000     2.000     3.000     1.000     0.600
     2.000     3.000     2.000     2.000     1.000     0.226
     1.000     3.000     2.000     0.000     2.000    -0.204
     2.000     3.000     2.000     4.000     1.000     0.332
     3.000     3.000     3.000     2.000     2.000     0.710
     2.000     2.000     3.000     0.000     2.000    -0.020
     1.000     2.000     2.000     0.000     1.000    -0.530
     2.000     3.000     2.000     2.000     2.000     0.252
     0.000     0.000     1.000     0.000     1.000    -1.675
     1.000     2.000     3.000     1.000     1.000    -0.286
     2.000     4.000     4.000     2.000     2.000     0.917
     1.000     3.000     1.000     2.000     2.000    -0.242
     3.000     4.000     4.000     1.000     0.000     1.095
     1.000     2.000     3.000     1.000     1.000    -0.286
     2.000     2.000     4.000     1.000     2.000     0.208
     2.000     3.000     2.000     3.000     2.000     0.305
     0.000     1.000     0.000     2.000     2.000    -1.346
     1.000     3.000     1.000     2.000     4.000    -0.196
     1.000     3.000     4.000     0.000     2.000     0.105
     2.000     3.000     2.000     2.000     1.000     0.226
     2.000     2.000     2.000     2.000     3.000    -0.028
     1.000     1.000     1.000     1.000     1.000    -0.917
     4.000     4.000     4.000     0.000     4.000     1.449
     1.000     1.000     2.000     0.000     1.000    -0.831
     3.000     4.000     3.000     2.000     1.000     1.005
     2.000     3.000     3.000     1.000     1.000     0.328
     3.000     3.000     3.000     2.000     3.000     0.732
     3.000     3.000     4.000     2.000     1.000     0.844
     2.000     3.000     2.000     2.000     2.000     0.252
     1.000     2.000     2.000     1.000     1.000    -0.454
     0.000     0.000     1.000     4.000     1.000    -1.391
     2.000     3.000     3.000     1.000     1.000     0.328
     2.000     3.000     2.000     2.000     3.000     0.275
     2.000     3.000     3.000     0.000     1.000     0.255
     0.000     1.000     1.000     0.000     1.000    -1.340
     2.000     4.000     3.000     3.000     3.000     0.815
     2.000     2.000     2.000     2.000     2.000    -0.051
     4.000     1.000     4.000     4.000     1.000     0.553
     1.000     4.000     1.000     0.000     0.000    -0.128
     2.000     4.000     4.000     2.000     0.000     0.858
     2.000     3.000     4.000     2.000     0.000     0.520
     0.000     2.000     1.000     1.000     2.000    -0.921
     2.000     4.000     3.000     0.000     1.000     0.571
     0.000     1.000     0.000     0.000     1.000    -1.536
     0.000     1.000     1.000     1.000     1.000    -1.253
     2.000     3.000     0.000     3.000     2.000    -0.033
     2.000     3.000     2.000     2.000     3.000     0.275
     2.000     2.000     2.000     2.000     3.000    -0.028
     2.000     3.000     3.000     1.000     0.000     0.298
     2.000     3.000     2.000     1.000     1.000     0.165
     2.000     3.000     2.000     2.000     1.000     0.226
     1.000     3.000     2.000     1.000     0.000    -0.184
     1.000     2.000     2.000     2.000     2.000    -0.369
     1.000     2.000     3.000     0.000     1.000    -0.360
     2.000     3.000     2.000     0.000     3.000     0.140
     2.000     3.000     3.000     3.000     2.000     0.466
     2.000     4.000     2.000     1.000     1.000     0.481
     3.000     4.000     4.000     2.000     1.000     1.192
     1.000     1.000     1.000     1.000     1.000    -0.917
     0.000     1.000     1.000     0.000     1.000    -1.340
     0.000     1.000     3.000     1.000     1.000    -0.899
     2.000     4.000     3.000     4.000     2.000     0.847
     3.000     3.000     3.000     1.000     2.000     0.654
     0.000     2.000     3.000     2.000     1.000    -0.536
     4.000     4.000     0.000     2.000     3.000     0.801
     2.000     4.000     1.000     1.000     1.000     0.294
     1.000     4.000     2.000     1.000     2.000     0.168
     2.000     2.000     2.000     1.000     2.000    -0.113
     1.000     2.000     1.000     1.000     1.000    -0.624
     2.000     3.000     3.000     0.000     2.000     0.280
     1.000     3.000     3.000     1.000     3.000     0.051
     0.000     1.000     0.000     0.000     0.000    -1.571
     2.000     4.000     4.000     2.000     1.000     0.890
     2.000     3.000     3.000     1.000     2.000     0.353
     2.000     2.000     2.000     2.000     4.000    -0.003
     1.000     3.000     2.000     0.000     1.000    -0.228
     1.000     2.000     1.000     0.000     1.000    -0.700
     3.000     3.000     3.000     3.000     2.000     0.758
     2.000     3.000     3.000     1.000     1.000     0.328
     0.000     3.000     3.000     2.000     4.000    -0.170
     2.000     3.000     2.000     2.000     1.000     0.226
     1.000     3.000     2.000     0.000     1.000    -0.228
     3.000     4.000     4.000     2.000     3.000     1.245
     2.000     2.000     2.000     2.000     1.000    -0.077
     2.000     3.000     2.000     3.000     3.000     0.329
     2.000     2.000     2.000     0.000     2.000    -0.189
     4.000     4.000     4.000     3.000     0.000     1.554
     2.000     2.000     2.000     1.000     1.000    -0.139
     3.000     3.000     4.000     1.000     2.000     0.810
     1.000     4.000     4.000     2.000     2.000     0.540
     3.000     3.000     3.000     2.000     2.000     0.710
     1.000     1.000     2.000     1.000     1.000    -0.756
     1.000     2.000     2.000     1.000     1.000    -0.454
     3.000     4.000     4.000     0.000     2.000     1.078
     1.000     3.000     1.000     2.000     2.000    -0.242
     0.000     2.000     3.000     0.000     2.000    -0.648
     2.000     3.000     2.000     1.000     0.000     0.135
     1.000     2.000     3.000     2.000     1.000    -0.227
     2.000     3.000     2.000     3.000     1.000     0.280
     3.000     4.000     4.000     4.000     2.000     1.338
     0.000     0.000     1.000     1.000     3.000    -1.520
     0.000     2.000     2.000     0.000     3.000    -0.804
     1.000     2.000     3.000     2.000     3.000    -0.180
     1.000     3.000     1.000     1.000     1.000    -0.325
     2.000     2.000     3.000     3.000     1.000     0.142
     1.000     3.000     3.000     2.000     2.000     0.087
     2.000     4.000     3.000     2.000     3.000     0.760
     1.000     3.000     3.000     1.000     2.000     0.029
     3.000     3.000     2.000     1.000     2.000     0.506
     1.000     3.000     0.000     2.000     2.000    -0.396
     0.000     0.000     0.000     0.000     0.000    -1.960
     2.000     3.000     2.000     2.000     1.000     0.226
     1.000     3.000     3.000     1.000     2.000     0.029
     0.000     2.000     2.000     0.000     2.000    -0.828
     1.000     2.000     2.000     1.000     2.000    -0.429
     1.000     2.000     2.000     2.000     3.000    -0.346
     3.000     4.000     2.000     3.000     1.000     0.902
     0.000     2.000     0.000     1.000     0.000    -1.156
     1.000     2.000     1.000     1.000     0.000    -0.653
     3.000     4.000     3.000     3.000     1.000     1.057
     2.000     3.000     3.000     1.000     1.000     0.328
     4.000     3.000     3.000     4.000     3.000     1.071
     1.000     3.000     1.000     2.000     2.000    -0.242
     2.000     2.000     2.000     2.000     3.000    -0.028
     2.000     3.000     2.000     2.000     2.000     0.252
     2.000     2.000     4.000     1.000     1.000     0.183
     1.000     2.000     1.000     1.000     1.000    -0.624
     0.000     2.000     2.000     0.000     2.000    -0.828
     1.000     2.000     3.000     1.000     1.000    -0.286
     2.000     3.000     2.000     1.000     0.000     0.135
     1.000     2.000     2.000     0.000     1.000    -0.530
     2.000     2.000     3.000     0.000     2.000    -0.020
     1.000     2.000     1.000     1.000     1.000    -0.624
     4.000     4.000     4.000     1.000     1.000     1.444
     2.000     3.000     2.000     3.000     3.000     0.329
     1.000     2.000     4.000     0.000     3.000    -0.166
     0.000     0.000     0.000     2.000     1.000    -1.722
     2.000     4.000     2.000     2.000     1.000     0.545
     4.000     4.000     4.000     0.000     2.000     1.388
     0.000     2.000     1.000     0.000     2.000    -1.003
     1.000     2.000     2.000     2.000     2.000    -0.369
     3.000     4.000     3.000     1.000     1.000     0.943
     1.000     1.000     2.000     2.000     2.000    -0.673
     1.000     2.000     2.000     1.000     3.000    -0.406
     2.000     2.000     1.000     0.000     0.000    -0.420
     2.000     2.000     2.000     1.000     0.000    -0.169
     2.000     2.000     2.000     1.000     2.000    -0.113
     1.000     4.000     4.000     1.000     2.000     0.480
     1.000     2.000     2.000     1.000     2.000    -0.429
     2.000     3.000     3.000     0.000     2.000     0.280
     1.000     3.000     4.000     3.000     2.000     0.287
     2.000     3.000     3.000     3.000     2.000     0.466
     1.000     3.000     2.000     0.000     3.000    -0.181
     1.000     2.000     2.000     1.000     3.000    -0.406
     1.000     2.000     2.000     2.000     4.000    -0.322
     2.000     2.000     1.000     3.000     2.000    -0.176
     0.000     1.000     1.000     1.000     0.000    -1.285
     0.000     1.000     1.000     0.000     2.000    -1.312
     0.000     4.000     2.000     0.000     1.000    -0.234
     1.000     3.000     2.000     1.000     2.000    -0.131
     2.000     2.000     3.000     0.000     2.000    -0.020
     2.000     4.000     4.000     0.000     2.000     0.773
     0.000     4.000     4.000     0.000     0.000     0.042
     2.000     2.000     1.000     1.000     2.000    -0.290
     3.000     3.000     0.000     0.000     3.000     0.142
     2.000     2.000     2.000     2.000     2.000    -0.051
     0.000     1.000     2.000     1.000     2.000    -1.055
     1.000     3.000     2.000     0.000     1.000    -0.228
     1.000     2.000     1.000     1.000     0.000    -0.653
     2.000     3.000     2.000     1.000     1.000     0.165
     0.000     1.000     1.000     4.000     3.000    -1.033
     1.000     2.000     1.000     1.000     1.000    -0.624
     1.000     2.000     0.000     1.000     1.000    -0.785
     1.000     1.000     4.000     2.000     3.000    -0.346
     1.000     3.000     2.000     2.000     1.000    -0.096
     3.000     3.000     2.000     2.000     1.000     0.540
     2.000     1.000     2.000     1.000     3.000    -0.409
     2.000     3.000     2.000     2.000     1.000     0.226
     1.000     1.000     1.000     1.000     1.000    -0.917
     0.000     1.000     1.000     1.000     1.000    -1.253
     1.000     2.000     2.000     1.000     1.000    -0.454
     1.000     3.000     3.000     2.000     2.000     0.087
     3.000     4.000     3.000     1.000     1.000     0.943
     2.000     2.000     1.000     3.000     2.000    -0.176
     3.000     4.000     3.000     0.000     2.000     0.898
     2.000     3.000     1.000     2.000     1.000     0.046
     1.000     3.000     1.000     2.000     2.000    -0.242
     2.000     2.000     2.000     1.000     3.000    -0.090
     2.000     2.000     2.000     2.000     1.000    -0.077
     2.000     3.000     2.000     0.000     2.000     0.116
     2.000     2.000     3.000     2.000     2.000     0.115
     2.000     1.000     1.000     1.000     1.000    -0.621
     1.000     2.000     2.000     1.000     1.000    -0.454
     3.000     3.000     3.000     1.000     1.000     0.630
     2.000     3.000     2.000     2.000     2.000     0.252
     0.000     4.000     0.000     0.000     0.000    -0.583
     1.000     3.000     0.000     1.000     2.000    -0.455
     2.000     2.000     2.000     2.000     3.000    -0.028
     3.000     4.000     3.000     0.000     3.000     0.921
     0.000     2.000     2.000     1.000     1.000    -0.774
     4.000     4.000     0.000     0.000     2.000     0.645
     1.000     2.000     3.000     1.000     1.000    -0.286
     4.000     4.000     4.000     1.000     2.000     1.477
     3.000     3.000     3.000     1.000     1.000     0.630
     2.000     4.000     3.000     2.000     2.000     0.735
     1.000     1.000     0.000     0.000     0.000    -1.184
     4.000     4.000     4.000     4.000     2.000     1.711
     1.000     1.000     1.000     0.000     1.000    -0.992
     1.000     2.000     2.000     1.000     1.000    -0.454
     2.000     3.000     2.000     1.000     1.000     0.165
     1.000     2.000     2.000     1.000     0.000    -0.484
     0.000     1.000     0.000     0.000     4.000    -1.453
     1.000     3.000     3.000     1.000     2.000     0.029
     2.000     2.000     2.000     1.000     2.000    -0.113
     2.000     2.000     2.000     1.000     2.000    -0.113
     1.000     1.000     1.000     0.000     2.000    -0.968
     2.000     2.000     2.000     2.000     2.000    -0.051
     2.000     2.000     3.000     0.000     1.000    -0.045
     4.000     4.000     4.000     1.000     2.000     1.477
     2.000     3.000     4.000     2.000     4.000     0.625
     2.000     2.000     2.000     2.000     1.000    -0.077
