     3.000     3.000     4.000     4.000     2.000     0.306
     4.000     4.000     4.000     2.000     4.000     0.757
     3.000     3.000     2.000     4.000     4.000    -0.098
     3.000     4.000     4.000     4.000     4.000     0.769
     2.000     1.000     2.000     2.000     1.000    -1.190
     3.000     3.000     4.000     3.000     3.000     0.231
     3.000     1.000     4.000     4.000     2.000    -0.143
     4.000     4.000     4.000     4.000     4.000     1.243
     4.000     3.000     4.000     4.000     4.000     0.847
     3.000     3.000     4.000     3.000     3.000     0.231
     2.000     2.000     3.000     2.000     2.000    -0.666
     3.000     4.000     4.000     4.000     2.000     0.549
     3.000     3.000     4.000     3.000     3.000     0.231
     3.000     2.000     3.000     3.000     2.000    -0.328
     3.000     2.000     3.000     4.000     2.000    -0.196
     2.000     2.000     3.000     4.000     3.000    -0.349
     3.000     2.000     3.000     3.000     2.000    -0.328
     3.000     3.000     4.000     4.000     3.000     0.399
     2.000     3.000     4.000     4.000     2.000     0.040
     4.000     3.000     3.000     4.000     1.000     0.167
     2.000     3.000     3.000     3.000     3.000    -0.287
     4.000     4.000     4.000     4.000     3.000     1.063
     3.000     3.000     4.000     3.000     3.000     0.231
     2.000     4.000     3.000     4.000     0.000    -0.212
     4.000     4.000     4.000     4.000     4.000     1.243
     2.000     3.000     3.000     2.000     1.000    -0.555
     3.000     3.000     4.000     3.000     2.000     0.144
     3.000     2.000     3.000     3.000     2.000    -0.328
     4.000     3.000     4.000     4.000     2.000     0.616
     2.000     2.000     3.000     3.000     2.000    -0.557
     2.000     3.000     3.000     2.000     2.000    -0.473
     3.000     3.000     4.000     4.000     2.000     0.306
     1.000     1.000     3.000     3.000     1.000    -1.058
     4.000     3.000     4.000     4.000     2.000     0.616
     2.000     3.000     3.000     3.000     2.000    -0.367
     3.000     3.000     4.000     3.000     2.000     0.144
     3.000     3.000     4.000     3.000     2.000     0.144
     3.000     4.000     3.000     4.000     1.000     0.112
     4.000     4.000     4.000     2.000     2.000     0.537
     2.000     2.000     2.000     2.000     3.000    -0.831
     3.000     2.000     3.000     3.000     2.000    -0.328
     4.000     3.000     4.000     4.000     2.000     0.616
     2.000     2.000     3.000     2.000     4.000    -0.504
     3.000     3.000     4.000     2.000     3.000     0.116
     4.000     4.000     4.000     4.000     4.000     1.243
     2.000     2.000     3.000     2.000     2.000    -0.666
     3.000     4.000     4.000     4.000     0.000     0.345
     3.000     3.000     3.000     3.000     3.000    -0.058
     3.000     4.000     4.000     4.000     4.000     0.769
     3.000     3.000     3.000     3.000     2.000    -0.139
     2.000     1.000     2.000     3.000     1.000    -1.081
     4.000     4.000     3.000     4.000     2.000     0.467
     4.000     3.000     4.000     2.000     1.000     0.206
     3.000     2.000     3.000     2.000     1.000    -0.520
     2.000     4.000     3.000     2.000     4.000    -0.124
     0.000     2.000     1.000     1.000     0.000    -1.888
     3.000     4.000     4.000     4.000     3.000     0.651
     2.000     2.000     3.000     3.000     2.000    -0.557
     3.000     2.000     3.000     4.000     2.000    -0.196
     1.000     2.000     3.000     4.000     2.000    -0.664
     4.000     4.000     4.000     4.000     2.000     0.927
     3.000     3.000     4.000     3.000     3.000     0.231
     2.000     3.000     3.000     4.000     2.000    -0.239
     3.000     3.000     4.000     4.000     4.000     0.501
     4.000     2.000     4.000     3.000     1.000     0.117
     4.000     2.000     4.000     3.000     2.000     0.209
     2.000     4.000     4.000     4.000     1.000     0.159
     2.000     4.000     2.000     4.000     3.000    -0.220
     2.000     3.000     4.000     2.000     2.000    -0.212
     2.000     2.000     2.000     2.000     1.000    -0.996
     4.000     4.000     3.000     4.000     4.000     0.652
     3.000     3.000     4.000     4.000     3.000     0.399
     1.000     4.000     4.000     0.000     0.000    -0.632
     3.000     4.000     4.000     4.000     3.000     0.651
     2.000     2.000     4.000     4.000     2.000    -0.160
     3.000     3.000     4.000     3.000     1.000     0.054
     2.000     2.000     4.000     2.000     2.000    -0.404
     4.000     4.000     3.000     4.000     2.000     0.467
     4.000     4.000     4.000     4.000     2.000     0.927
     3.000     2.000     4.000     3.000     1.000    -0.144
     3.000     2.000     2.000     3.000     2.000    -0.579
     4.000     3.000     3.000     3.000     3.000     0.188
     4.000     4.000     4.000     2.000     2.000     0.537
     4.000     3.000     4.000     4.000     2.000     0.616
     3.000     3.000     4.000     3.000     2.000     0.144
     3.000     4.000     4.000     4.000     1.000     0.442
     2.000     2.000     3.000     3.000     2.000    -0.557
     2.000     4.000     4.000     3.000     3.000     0.182
     4.000     2.000     4.000     3.000     3.000     0.298
     4.000     4.000     4.000     4.000     3.000     1.063
     2.000     3.000     2.000     2.000     0.000    -0.882
     2.000     3.000     2.000     3.000     3.000    -0.532
     2.000     2.000     2.000     4.000     2.000    -0.684
     2.000     2.000     3.000     3.000     3.000    -0.476
     4.000     4.000     4.000     3.000     0.000     0.463
     2.000     3.000     2.000     2.000     2.000    -0.718
     2.000     2.000     2.000     3.000     2.000    -0.805
     3.000     4.000     4.000     2.000     4.000     0.430
     4.000     4.000     3.000     3.000     2.000     0.305
     2.000     2.000     3.000     2.000     2.000    -0.666
     4.000     4.000     2.000     4.000     2.000     0.185
     1.000     1.000     4.000     1.000     0.000    -1.099
     3.000     3.000     4.000     3.000     1.000     0.054
     3.000     3.000     2.000     1.000     3.000    -0.529
     3.000     2.000     4.000     2.000     2.000    -0.168
     4.000     2.000     3.000     3.000     4.000     0.083
     1.000     2.000     2.000     2.000     2.000    -1.140
     2.000     3.000     3.000     2.000     4.000    -0.314
     3.000     2.000     4.000     4.000     2.000     0.094
     2.000     2.000     3.000     3.000     1.000    -0.640
     2.000     1.000     2.000     2.000     1.000    -1.190
     2.000     2.000     0.000     3.000     0.000    -1.426
     2.000     3.000     2.000     3.000     2.000    -0.612
     2.000     2.000     3.000     1.000     2.000    -0.782
     3.000     3.000     3.000     3.000     3.000    -0.058
     2.000     2.000     3.000     1.000     1.000    -0.863
     4.000     4.000     4.000     4.000     1.000     0.790
     4.000     4.000     4.000     4.000     1.000     0.790
     3.000     2.000     3.000     2.000     1.000    -0.520
     2.000     4.000     4.000     3.000     3.000     0.182
     3.000     3.000     4.000     4.000     3.000     0.399
     4.000     1.000     4.000     4.000     3.000     0.211
     3.000     3.000     4.000     4.000     3.000     0.399
     4.000     3.000     3.000     4.000     4.000     0.428
     4.000     4.000     4.000     4.000     4.000     1.243
     4.000     4.000     4.000     4.000     4.000     1.243
     2.000     2.000     2.000     1.000     1.000    -1.110
     3.000     4.000     4.000     4.000     2.000     0.549
     1.000     2.000     2.000     3.000     1.000    -1.110
     4.000     4.000     4.000     2.000     4.000     0.757
     2.000     2.000     4.000     3.000     3.000    -0.213
     3.000     2.000     2.000     2.000     2.000    -0.687
     4.000     3.000     4.000     4.000     2.000     0.616
     1.000     2.000     3.000     4.000     2.000    -0.664
     3.000     3.000     4.000     4.000     3.000     0.399
     2.000     2.000     3.000     3.000     2.000    -0.557
     1.000     3.000     3.000     3.000     2.000    -0.593
     4.000     3.000     4.000     4.000     2.000     0.616
     3.000     3.000     4.000     4.000     4.000     0.501
     2.000     3.000     3.000     4.000     4.000    -0.075
     3.000     2.000     2.000     2.000     1.000    -0.769
     3.000     3.000     4.000     4.000     3.000     0.399
     3.000     3.000     4.000     4.000     2.000     0.306
     3.000     3.000     4.000     3.000     3.000     0.231
     2.000     3.000     2.000     2.000     2.000    -0.718
     3.000     3.000     4.000     3.000     1.000     0.054
     3.000     3.000     3.000     4.000     3.000     0.082
     3.000     2.000     1.000     2.000     1.000    -1.018
     3.000     4.000     4.000     4.000     3.000     0.651
     2.000     2.000     3.000     2.000     2.000    -0.666
     2.000     2.000     4.000     2.000     0.000    -0.571
     3.000     2.000     3.000     3.000     2.000    -0.328
     3.000     4.000     4.000     4.000     4.000     0.769
     2.000     2.000     2.000     2.000     2.000    -0.914
     4.000     4.000     4.000     4.000     2.000     0.927
     3.000     2.000     2.000     3.000     1.000    -0.661
     3.000     1.000     4.000     4.000     3.000    -0.058
     2.000     2.000     2.000     4.000     2.000    -0.684
     4.000     4.000     4.000     3.000     3.000     0.780
     4.000     2.000     3.000     2.000     1.000    -0.268
     2.000     2.000     2.000     2.000     2.000    -0.914
     1.000     3.000     1.000     4.000     2.000    -0.965
     4.000     1.000     4.000     4.000     2.000     0.122
     3.000     3.000     4.000     3.000     3.000     0.231
     4.000     2.000     4.000     4.000     4.000     0.586
     4.000     4.000     4.000     4.000     4.000     1.243
     3.000     3.000     3.000     4.000     3.000     0.082
     4.000     3.000     3.000     3.000     3.000     0.188
     3.000     3.000     4.000     3.000     4.000     0.323
     3.000     3.000     3.000     2.000     2.000    -0.245
     4.000     4.000     4.000     4.000     3.000     1.063
     4.000     4.000     4.000     4.000     2.000     0.927
     2.000     2.000     2.000     2.000     2.000    -0.914
     4.000     4.000     4.000     4.000     3.000     1.063
     4.000     4.000     4.000     4.000     2.000     0.927
     3.000     3.000     4.000     4.000     2.000     0.306
     1.000     2.000     1.000     4.000     0.000    -1.324
     4.000     4.000     2.000     4.000     4.000     0.355
     4.000     4.000     4.000     4.000     2.000     0.927
     4.000     4.000     3.000     4.000     4.000     0.652
     4.000     4.000     4.000     4.000     3.000     1.063
     3.000     3.000     4.000     4.000     3.000     0.399
     3.000     2.000     4.000     4.000     2.000     0.094
     4.000     4.000     4.000     4.000     3.000     1.063
     3.000     3.000     3.000     4.000     3.000     0.082
     2.000     2.000     2.000     3.000     2.000    -0.805
     4.000     3.000     2.000     2.000     2.000    -0.249
     2.000     1.000     2.000     2.000     2.000    -1.109
     2.000     2.000     3.000     4.000     1.000    -0.516
     4.000     4.000     4.000     4.000     3.000     1.063
     1.000     3.000     3.000     4.000     1.000    -0.553
     4.000     4.000     4.000     4.000     4.000     1.243
     2.000     3.000     2.000     3.000     1.000    -0.692
     4.000     1.000     3.000     4.000     1.000    -0.245
     4.000     3.000     4.000     3.000     2.000     0.421
     2.000     2.000     2.000     3.000     2.000    -0.805
     4.000     4.000     4.000     4.000     2.000     0.927
     4.000     4.000     3.000     3.000     2.000     0.305
     4.000     4.000     4.000     4.000     4.000     1.243
     4.000     4.000     4.000     4.000     1.000     0.790
     4.000     3.000     4.000     4.000     2.000     0.616
     3.000     2.000     3.000     4.000     2.000    -0.196
     3.000     3.000     4.000     4.000     1.000     0.209
     3.000     3.000     3.000     4.000     3.000     0.082
     2.000     1.000     1.000     3.000     0.000    -1.399
     3.000     4.000     4.000     4.000     2.000     0.549
     4.000     4.000     4.000     4.000     4.000     1.243
     3.000     3.000     4.000     4.000     1.000     0.209
     1.000     1.000     3.000     4.000     3.000    -0.783
     2.000     3.000     3.000     4.000     1.000    -0.323
     3.000     3.000     4.000     3.000     3.000     0.231
     4.000     4.000     4.000     4.000     4.000     1.243
     1.000     1.000     2.000     1.000     1.000    -1.520
     4.000     4.000     4.000     4.000     2.000     0.927
     4.000     3.000     2.000     0.000     1.000    -0.540
     4.000     4.000     4.000     3.000     2.000     0.673
     3.000     2.000     3.000     4.000     3.000    -0.112
     1.000     1.000     1.000     2.000     1.000    -1.637
     3.000     4.000     4.000     4.000     4.000     0.769
     4.000     4.000     4.000     4.000     4.000     1.243
     3.000     2.000     3.000     2.000     3.000    -0.355
     4.000     4.000     4.000     4.000     3.000     1.063
     4.000     4.000     4.000     4.000     3.000     1.063
     3.000     2.000     3.000     4.000     2.000    -0.196
     2.000     1.000     2.000     1.000     1.000    -1.300
     4.000     4.000     4.000     4.000     2.000     0.927
     4.000     3.000     4.000     4.000     1.000     0.506
     3.000     4.000     3.000     4.000     2.000     0.200
     4.000     4.000     4.000     3.000     2.000     0.673
     3.000     3.000     4.000     4.000     0.000     0.119
     2.000     2.000     3.000     4.000     3.000    -0.349
     3.000     2.000     4.000     4.000     2.000     0.094
     3.000     3.000     4.000     4.000     3.000     0.399
     4.000     3.000     3.000     3.000     3.000     0.188
     3.000     3.000     3.000     3.000     3.000    -0.058
     4.000     4.000     4.000     4.000     4.000     1.243
     3.000     2.000     4.000     3.000     2.000    -0.056
     2.000     2.000     3.000     4.000     2.000    -0.432
     3.000     3.000     3.000     3.000     2.000    -0.139
     3.000     2.000     2.000     1.000     2.000    -0.802
     4.000     3.000     4.000     2.000     4.000     0.491
     3.000     3.000     4.000     4.000     2.000     0.306
     3.000     3.000     4.000     4.000     2.000     0.306
     3.000     3.000     4.000     4.000     3.000     0.399
     1.000     1.000     1.000     1.000     0.000    -1.831
     3.000     3.000     3.000     4.000     1.000    -0.087
     2.000     3.000     3.000     2.000     3.000    -0.393
     3.000     2.000     3.000     4.000     3.000    -0.112
     4.000     4.000     4.000     4.000     4.000     1.243
     1.000     2.000     1.000     2.000     1.000    -1.457
     4.000     3.000     4.000     4.000     2.000     0.616
     2.000     2.000     3.000     2.000     3.000    -0.583
     2.000     2.000     3.000     4.000     3.000    -0.349
     3.000     3.000     4.000     4.000     3.000     0.399
     3.000     3.000     4.000     4.000     3.000     0.399
     3.000     2.000     3.000     3.000     3.000    -0.247
     0.000     2.000     2.000     3.000     1.000    -1.353
     3.000     4.000     4.000     4.000     4.000     0.769
     3.000     2.000     2.000     3.000     2.000    -0.579
     2.000     2.000     2.000     4.000     1.000    -0.767
     4.000     4.000     4.000     4.000     2.000     0.927
     1.000     0.000     1.000     1.000     2.000    -1.842
     3.000     2.000     2.000     4.000     4.000    -0.290
     2.000     2.000     2.000     3.000     2.000    -0.805
     3.000     4.000     3.000     4.000     3.000     0.284
     1.000     4.000     3.000     4.000     3.000    -0.201
     2.000     2.000     3.000     3.000     1.000    -0.640
     2.000     4.000     4.000     4.000     2.000     0.254
     3.000     2.000     3.000     4.000     3.000    -0.112
     4.000     4.000     4.000     4.000     0.000     0.674
     4.000     3.000     4.000     4.000     3.000     0.722
     3.000     4.000     4.000     2.000     3.000     0.332
     3.000     3.000     4.000     3.000     3.000     0.231
     1.000     2.000     2.000     0.000     1.000    -1.441
     3.000     4.000     4.000     4.000     2.000     0.549
     3.000     4.000     3.000     4.000     4.000     0.373
     4.000     3.000     4.000     4.000     4.000     0.847
     4.000     2.000     4.000     3.000     2.000     0.209
     3.000     1.000     4.000     4.000     0.000    -0.315
     2.000     3.000     3.000     4.000     0.000    -0.405
     3.000     2.000     3.000     4.000     2.000    -0.196
     3.000     3.000     3.000     2.000     1.000    -0.329
     2.000     2.000     2.000     2.000     1.000    -0.996
     3.000     3.000     2.000     2.000     2.000    -0.495
     2.000     1.000     3.000     4.000     3.000    -0.559
     4.000     4.000     4.000     4.000     4.000     1.243
     3.000     3.000     3.000     3.000     2.000    -0.139
     2.000     3.000     4.000     3.000     4.000     0.065
     3.000     3.000     3.000     2.000     2.000    -0.245
     1.000     4.000     4.000     4.000     3.000     0.077
     2.000     2.000     4.000     3.000     4.000    -0.130
     2.000     2.000     2.000     2.000     2.000    -0.914
     2.000     3.000     3.000     2.000     2.000    -0.473
     2.000     2.000     2.000     2.000     1.000    -0.996
     3.000     2.000     3.000     3.000     1.000    -0.412
     3.000     3.000     4.000     2.000     3.000     0.116
     3.000     2.000     3.000     3.000     1.000    -0.412
     3.000     3.000     4.000     4.000     2.000     0.306
     3.000     1.000     4.000     4.000     4.000     0.030
     3.000     3.000     4.000     4.000     4.000     0.501
     3.000     3.000     3.000     3.000     1.000    -0.222
     4.000     4.000     4.000     4.000     4.000     1.243
     4.000     3.000     4.000     3.000     4.000     0.619
     2.000     3.000     3.000     3.000     2.000    -0.367
     1.000     3.000     3.000     4.000     3.000    -0.390
     1.000     2.000     3.000     2.000     2.000    -0.892
     4.000     4.000     4.000     4.000     3.000     1.063
     3.000     2.000     3.000     4.000     2.000    -0.196
     3.000     4.000     4.000     4.000     2.000     0.549
     2.000     2.000     3.000     4.000     2.000    -0.432
     4.000     3.000     4.000     4.000     2.000     0.616
     3.000     1.000     3.000     3.000     3.000    -0.457
     3.000     3.000     3.000     4.000     3.000     0.082
     4.000     2.000     4.000     4.000     3.000     0.477
     3.000     2.000     3.000     3.000     2.000    -0.328
     2.000     2.000     4.000     3.000     3.000    -0.213
     3.000     3.000     2.000     4.000     2.000    -0.261
     2.000     3.000     3.000     3.000     2.000    -0.367
     2.000     2.000     3.000     4.000     2.000    -0.432
     4.000     2.000     3.000     4.000     2.000     0.060
     1.000     2.000     3.000     1.000     3.000    -0.923
     2.000     2.000     3.000     2.000     3.000    -0.583
     4.000     3.000     4.000     3.000     2.000     0.421
     3.000     3.000     2.000     2.000     3.000    -0.414
     3.000     3.000     3.000     4.000     2.000    -0.001
     3.000     3.000     3.000     3.000     3.000    -0.058
     3.000     3.000     3.000     2.000     2.000    -0.245
     3.000     4.000     2.000     3.000     1.000    -0.283
     1.000     2.000     3.000     2.000     3.000    -0.810
     3.000     3.000     4.000     4.000     3.000     0.399
     2.000     2.000     2.000     2.000     2.000    -0.914
     3.000     3.000     3.000     4.000     1.000    -0.087
     3.000     3.000     4.000     3.000     3.000     0.231
     3.000     3.000     4.000     3.000     2.000     0.144
     1.000     2.000     3.000     2.000     1.000    -0.973
     4.000     4.000     4.000     4.000     2.000     0.927
     4.000     4.000     4.000     4.000     3.000     1.063
     2.000     2.000     2.000     2.000     2.000    -0.914
     3.000     3.000     4.000     1.000     3.000    -0.011
     4.000     3.000     4.000     4.000     3.000     0.722
     0.000     0.000     0.000     2.000     0.000    -2.409
     3.000     3.000     3.000     3.000     2.000    -0.139
     3.000     2.000     4.000     3.000     2.000    -0.056
     3.000     3.000     2.000     2.000     2.000    -0.495
     3.000     3.000     2.000     4.000     2.000    -0.261
     4.000     4.000     4.000     4.000     4.000     1.243
     1.000     0.000     1.000     1.000     2.000    -1.842
     3.000     3.000     4.000     4.000     3.000     0.399
     3.000     3.000     3.000     3.000     2.000    -0.139
     3.000     3.000     4.000     4.000     3.000     0.399
     4.000     4.000     4.000     3.000     4.000     0.909
     3.000     2.000     4.000     3.000     1.000    -0.144
     4.000     3.000     4.000     3.000     3.000     0.514
     3.000     4.000     3.000     3.000     2.000     0.054
     3.000     3.000     3.000     4.000     3.000     0.082
     2.000     3.000     3.000     3.000     1.000    -0.449
     3.000     4.000     3.000     3.000     2.000     0.054
     2.000     3.000     4.000     4.000     2.000     0.040
     2.000     2.000     2.000     2.000     1.000    -0.996
     4.000     4.000     4.000     4.000     4.000     1.243
     2.000     2.000     3.000     2.000     4.000    -0.504
