     3.000     3.000     4.000     3.000     2.000     0.658
     1.000     1.000     3.000     3.000     3.000     0.090
     2.000     0.000     2.000     3.000     2.000    -0.169
     1.000     2.000     4.000     3.000     4.000     0.510
     3.000     1.000     2.000     2.000     3.000     0.067
     1.000     1.000     2.000     1.000     1.000    -0.663
     3.000     3.000     3.000     3.000     2.000     0.479
     2.000     3.000     3.000     2.000     4.000     0.437
     2.000     4.000     2.000     4.000     4.000     0.692
     1.000     1.000     2.000     1.000     0.000    -0.802
     1.000     1.000     2.000     3.000     2.000    -0.198
     3.000     2.000     2.000     2.000     2.000     0.057
     3.000     2.000     3.000     3.000     2.000     0.379
     3.000     1.000     3.000     2.000     3.000     0.237
     2.000     2.000     1.000     2.000     1.000    -0.395
     3.000     1.000     3.000     1.000     3.000     0.066
     3.000     2.000     3.000     3.000     2.000     0.379
     2.000     2.000     3.000     2.000     4.000     0.333
     2.000     2.000     2.000     1.000     2.000    -0.270
     3.000     1.000     1.000     3.000     1.000    -0.193
     3.000     3.000     4.000     3.000     3.000     0.775
     2.000     3.000     4.000     3.000     4.000     0.779
     3.000     3.000     3.000     3.000     3.000     0.594
     0.000     2.000     3.000     1.000     3.000    -0.274
     4.000     4.000     4.000     2.000     2.000     0.779
     3.000     1.000     3.000     2.000     3.000     0.237
     1.000     2.000     2.000     2.000     2.000    -0.248
     2.000     2.000     4.000     2.000     3.000     0.378
     2.000     1.000     2.000     1.000     1.000    -0.513
     2.000     1.000     2.000     1.000     3.000    -0.258
     2.000     1.000     3.000     2.000     2.000    -0.032
     2.000     2.000     3.000     2.000     4.000     0.333
     1.000     1.000     1.000     1.000     0.000    -0.964
     4.000     3.000     3.000     4.000     3.000     0.912
     1.000     1.000     2.000     2.000     3.000    -0.236
     2.000     3.000     3.000     2.000     4.000     0.437
     1.000     0.000     3.000     2.000     2.000    -0.307
     1.000     1.000     1.000     1.000     3.000    -0.574
     3.000     0.000     3.000     0.000     3.000    -0.243
     1.000     2.000     3.000     2.000     4.000     0.174
     1.000     2.000     2.000     2.000     2.000    -0.248
     2.000     2.000     2.000     3.000     2.000     0.063
     3.000     3.000     3.000     4.000     4.000     0.907
     3.000     3.000     3.000     2.000     4.000     0.587
     2.000     1.000     2.000     1.000     3.000    -0.258
     2.000     2.000     2.000     2.000     2.000    -0.095
     2.000     2.000     1.000     1.000     1.000    -0.568
     2.000     0.000     2.000     3.000     2.000    -0.169
     3.000     4.000     4.000     3.000     4.000     1.053
     2.000     3.000     2.000     1.000     2.000    -0.165
     3.000     2.000     2.000     3.000     2.000     0.211
     2.000     1.000     4.000     2.000     3.000     0.267
     2.000     2.000     4.000     2.000     3.000     0.378
     1.000     0.000     2.000     2.000     2.000    -0.483
     2.000     2.000     4.000     0.000     2.000    -0.107
     2.000     1.000     3.000     4.000     4.000     0.534
     2.000     4.000     4.000     2.000     2.000     0.471
     2.000     2.000     0.000     2.000     2.000    -0.419
     2.000     2.000     2.000     2.000     3.000     0.026
     0.000     1.000     1.000     1.000     1.000    -0.984
     1.000     2.000     2.000     1.000     1.000    -0.552
     2.000     1.000     3.000     2.000     3.000     0.089
     2.000     1.000     2.000     2.000     2.000    -0.206
     2.000     3.000     2.000     1.000     4.000     0.086
     0.000     1.000     2.000     2.000     4.000    -0.261
     4.000     2.000     2.000     2.000     2.000     0.202
     3.000     2.000     2.000     2.000     1.000    -0.074
     2.000     2.000     0.000     1.000     1.000    -0.724
     3.000     3.000     3.000     2.000     4.000     0.587
     2.000     1.000     2.000     2.000     3.000    -0.084
     4.000     0.000     3.000     2.000     4.000     0.400
     1.000     1.000     2.000     1.000     2.000    -0.533
     1.000     3.000     3.000     2.000     1.000    -0.103
     3.000     3.000     3.000     3.000     3.000     0.594
     2.000     2.000     2.000     3.000     3.000     0.181
     2.000     2.000     3.000     1.000     4.000     0.156
     2.000     2.000     2.000     2.000     2.000    -0.095
     1.000     1.000     0.000     0.000     1.000    -1.184
     4.000     4.000     4.000     4.000     4.000     1.474
     3.000     1.000     1.000     3.000     3.000     0.050
     1.000     1.000     3.000     1.000     3.000    -0.235
     3.000     1.000     2.000     3.000     3.000     0.220
     0.000     0.000     2.000     1.000     4.000    -0.566
     2.000     0.000     2.000     3.000     2.000    -0.169
     3.000     2.000     2.000     2.000     2.000     0.057
     3.000     4.000     3.000     2.000     2.000     0.437
     1.000     2.000     2.000     2.000     1.000    -0.378
     3.000     2.000     2.000     2.000     3.000     0.176
     3.000     0.000     4.000     2.000     4.000     0.432
     0.000     2.000     2.000     1.000     4.000    -0.325
     3.000     1.000     2.000     3.000     4.000     0.353
     1.000     2.000     2.000     1.000     1.000    -0.552
     4.000     3.000     1.000     2.000     4.000     0.381
     1.000     1.000     1.000     1.000     1.000    -0.825
     1.000     2.000     2.000     2.000     3.000    -0.127
     2.000     2.000     2.000     2.000     2.000    -0.095
     1.000     1.000     1.000     1.000     1.000    -0.825
     4.000     0.000     3.000     4.000     3.000     0.570
     1.000     3.000     2.000     1.000     2.000    -0.318
     2.000     2.000     2.000     3.000     2.000     0.063
     2.000     2.000     3.000     3.000     1.000     0.103
     4.000     2.000     2.000     0.000     0.000    -0.429
     1.000     1.000     2.000     2.000     2.000    -0.358
     3.000     3.000     2.000     3.000     2.000     0.311
     3.000     2.000     2.000     3.000     4.000     0.463
     4.000     2.000     2.000     3.000     3.000     0.474
     3.000     2.000     3.000     3.000     1.000     0.250
     4.000     0.000     2.000     4.000     2.000     0.275
     3.000     2.000     2.000     1.000     1.000    -0.246
     2.000     0.000     3.000     1.000     4.000    -0.080
     1.000     2.000     3.000     3.000     2.000     0.080
     0.000     2.000     2.000     0.000     0.000    -1.050
     1.000     1.000     1.000     2.000     1.000    -0.652
     3.000     2.000     2.000     3.000     2.000     0.211
     2.000     1.000     2.000     1.000     3.000    -0.258
     1.000     0.000     1.000     0.000     1.000    -1.152
     2.000     1.000     2.000     4.000     2.000     0.099
     2.000     2.000     2.000     0.000     2.000    -0.461
     1.000     2.000     2.000     2.000     0.000    -0.514
     0.000     0.000     1.000     0.000     1.000    -1.330
     3.000     2.000     3.000     3.000     3.000     0.495
     2.000     4.000     4.000     4.000     4.000     1.088
     3.000     2.000     2.000     3.000     2.000     0.211
     4.000     4.000     3.000     4.000     4.000     1.219
     3.000     1.000     4.000     4.000     3.000     0.725
     1.000     4.000     4.000     4.000     2.000     0.621
     1.000     1.000     0.000     1.000     1.000    -0.984
     3.000     3.000     4.000     1.000     1.000     0.204
     1.000     1.000     1.000     1.000     2.000    -0.697
     3.000     1.000     2.000     3.000     3.000     0.220
     1.000     2.000     2.000     1.000     3.000    -0.299
     2.000     2.000     2.000     2.000     3.000     0.026
     3.000     3.000     3.000     3.000     2.000     0.479
     1.000     3.000     3.000     3.000     2.000     0.181
     4.000     2.000     3.000     1.000     2.000     0.201
     2.000     2.000     2.000     3.000     2.000     0.063
     2.000     2.000     3.000     3.000     3.000     0.351
     2.000     3.000     3.000     3.000     4.000     0.591
     2.000     3.000     4.000     1.000     3.000     0.306
     1.000     1.000     3.000     2.000     3.000    -0.064
     1.000     1.000     3.000     1.000     3.000    -0.235
     2.000     2.000     3.000     4.000     4.000     0.648
     2.000     1.000     2.000     1.000     2.000    -0.382
     2.000     4.000     4.000     3.000     4.000     0.900
     2.000     1.000     1.000     1.000     2.000    -0.549
     3.000     1.000     2.000     1.000     2.000    -0.226
     2.000     2.000     3.000     1.000     2.000    -0.095
     3.000     2.000     3.000     3.000     3.000     0.495
     2.000     2.000     2.000     0.000     4.000    -0.213
     0.000     1.000     3.000     0.000     4.000    -0.452
     1.000     2.000     1.000     2.000     0.000    -0.678
     2.000     2.000     3.000     1.000     3.000     0.026
     4.000     3.000     2.000     2.000     4.000     0.566
     2.000     0.000     2.000     2.000     2.000    -0.331
     2.000     2.000     3.000     3.000     3.000     0.351
     2.000     0.000     3.000     1.000     1.000    -0.461
     2.000     1.000     1.000     1.000     3.000    -0.426
     2.000     2.000     2.000     2.000     2.000    -0.095
     3.000     3.000     4.000     2.000     4.000     0.776
     2.000     0.000     4.000     4.000     4.000     0.598
     1.000     1.000     1.000     1.000     1.000    -0.825
     2.000     2.000     2.000     2.000     3.000     0.026
     4.000     4.000     3.000     4.000     2.000     0.911
     3.000     3.000     3.000     2.000     2.000     0.329
     4.000     4.000     3.000     4.000     4.000     1.219
     2.000     2.000     1.000     1.000     4.000    -0.193
     3.000     2.000     3.000     2.000     1.000     0.097
     2.000     1.000     3.000     1.000     3.000    -0.084
     0.000     2.000     3.000     2.000     2.000    -0.223
     2.000     1.000     3.000     2.000     1.000    -0.163
     4.000     4.000     4.000     1.000     4.000     0.878
     2.000     2.000     4.000     3.000     2.000     0.411
     2.000     1.000     1.000     2.000     2.000    -0.375
     3.000     3.000     4.000     2.000     3.000     0.627
     4.000     4.000     2.000     3.000     4.000     0.838
     3.000     3.000     3.000     2.000     1.000     0.199
     0.000     0.000     0.000     0.000     0.000    -1.710
     4.000     0.000     4.000     4.000     2.000     0.637
     4.000     4.000     4.000     4.000     4.000     1.474
     4.000     4.000     4.000     4.000     4.000     1.474
     2.000     3.000     3.000     1.000     4.000     0.260
     1.000     1.000     2.000     1.000     1.000    -0.663
     3.000     3.000     2.000     3.000     4.000     0.565
     1.000     3.000     3.000     2.000     3.000     0.146
     2.000     3.000     3.000     2.000     2.000     0.181
     2.000     1.000     3.000     2.000     3.000     0.089
     2.000     2.000     2.000     2.000     2.000    -0.095
     2.000     1.000     3.000     2.000     3.000     0.089
     2.000     2.000     2.000     3.000     4.000     0.314
     1.000     2.000     4.000     2.000     2.000     0.102
     2.000     4.000     2.000     2.000     4.000     0.373
     0.000     2.000     4.000     1.000     4.000     0.031
     1.000     1.000     2.000     1.000     1.000    -0.663
     0.000     1.000     2.000     0.000     2.000    -0.884
     1.000     2.000     4.000     2.000     1.000    -0.029
     2.000     3.000     2.000     3.000     3.000     0.282
     0.000     1.000     3.000     1.000     3.000    -0.384
     4.000     3.000     4.000     4.000     3.000     1.118
     0.000     1.000     2.000     1.000     3.000    -0.561
     1.000     1.000     2.000     1.000     2.000    -0.533
     1.000     3.000     1.000     1.000     2.000    -0.483
     3.000     2.000     3.000     3.000     4.000     0.636
     2.000     3.000     2.000     1.000     1.000    -0.297
     1.000     3.000     3.000     2.000     4.000     0.277
     1.000     1.000     3.000     0.000     3.000    -0.423
     1.000     2.000     2.000     2.000     4.000     0.000
     2.000     2.000     2.000     2.000     2.000    -0.095
     1.000     1.000     1.000     1.000     3.000    -0.574
     2.000     3.000     3.000     1.000     3.000     0.128
     2.000     1.000     2.000     1.000     3.000    -0.258
     3.000     3.000     3.000     2.000     3.000     0.447
     2.000     3.000     0.000     2.000     3.000    -0.194
     2.000     1.000     3.000     2.000     3.000     0.089
     2.000     2.000     1.000     2.000     2.000    -0.266
     3.000     0.000     4.000     4.000     4.000     0.753
     1.000     2.000     3.000     2.000     2.000    -0.075
     1.000     3.000     2.000     2.000     2.000    -0.145
     3.000     3.000     3.000     3.000     2.000     0.479
     1.000     2.000     3.000     0.000     2.000    -0.436
     0.000     0.000     2.000     4.000     2.000    -0.327
     3.000     2.000     2.000     2.000     2.000     0.057
     2.000     2.000     2.000     2.000     2.000    -0.095
     4.000     3.000     0.000     1.000     2.000    -0.193
     2.000     2.000     3.000     0.000     1.000    -0.416
     1.000     1.000     2.000     3.000     1.000    -0.327
     2.000     2.000     4.000     2.000     2.000     0.258
     3.000     1.000     3.000     1.000     4.000     0.197
     2.000     2.000     3.000     2.000     4.000     0.333
     2.000     1.000     1.000     1.000     2.000    -0.549
     0.000     1.000     1.000     2.000     2.000    -0.676
     0.000     3.000     1.000     2.000     1.000    -0.589
     3.000     2.000     3.000     1.000     4.000     0.307
     2.000     2.000     2.000     2.000     3.000     0.026
     3.000     1.000     3.000     1.000     2.000    -0.053
     3.000     1.000     2.000     2.000     2.000    -0.053
     1.000     3.000     3.000     1.000     3.000    -0.025
     2.000     2.000     3.000     3.000     4.000     0.488
     3.000     4.000     3.000     2.000     3.000     0.555
     4.000     3.000     3.000     2.000     3.000     0.596
     4.000     1.000     1.000     2.000     3.000     0.038
     2.000     2.000     1.000     1.000     1.000    -0.568
     0.000     0.000     2.000     2.000     0.000    -0.915
     0.000     1.000     2.000     1.000     2.000    -0.688
     1.000     3.000     2.000     2.000     3.000    -0.025
     3.000     2.000     3.000     4.000     4.000     0.800
     2.000     2.000     2.000     3.000     1.000    -0.068
     2.000     2.000     3.000     2.000     2.000     0.078
     3.000     2.000     2.000     1.000     1.000    -0.246
     2.000     3.000     3.000     2.000     1.000     0.050
     1.000     1.000     1.000     1.000     3.000    -0.574
     2.000     3.000     3.000     0.000     4.000     0.066
     2.000     1.000     2.000     2.000     3.000    -0.084
     2.000     1.000     2.000     1.000     1.000    -0.513
     2.000     2.000     1.000     1.000     2.000    -0.438
     2.000     3.000     2.000     2.000     2.000     0.008
     1.000     2.000     3.000     3.000     2.000     0.080
     1.000     2.000     2.000     4.000     4.000     0.307
     1.000     4.000     4.000     2.000     4.000     0.573
     2.000     2.000     2.000     2.000     2.000    -0.095
     3.000     1.000     3.000     3.000     3.000     0.388
     0.000     1.000     1.000     1.000     1.000    -0.984
     1.000     1.000     2.000     4.000     1.000    -0.186
     1.000     4.000     2.000     3.000     2.000     0.116
     0.000     0.000     2.000     1.000     1.000    -0.954
     2.000     2.000     3.000     2.000     3.000     0.198
     2.000     3.000     3.000     2.000     4.000     0.437
     1.000     2.000     1.000     2.000     2.000    -0.415
     2.000     2.000     4.000     2.000     2.000     0.258
     3.000     2.000     3.000     3.000     3.000     0.495
     3.000     3.000     1.000     1.000     4.000     0.062
     2.000     4.000     3.000     1.000     3.000     0.234
     1.000     1.000     2.000     1.000     1.000    -0.663
     3.000     2.000     3.000     2.000     3.000     0.346
     4.000     1.000     0.000     2.000     2.000    -0.233
     2.000     1.000     2.000     4.000     0.000    -0.168
     3.000     3.000     2.000     1.000     2.000    -0.013
     2.000     0.000     2.000     2.000     2.000    -0.331
     3.000     0.000     2.000     2.000     2.000    -0.176
     0.000     0.000     0.000     1.000     1.000    -1.295
     2.000     0.000     2.000     1.000     3.000    -0.383
     2.000     3.000     1.000     1.000     2.000    -0.335
     3.000     1.000     3.000     2.000     3.000     0.237
     2.000     2.000     2.000     2.000     4.000     0.157
     2.000     2.000     2.000     1.000     3.000    -0.147
     4.000     4.000     4.000     2.000     4.000     1.074
     4.000     2.000     2.000     3.000     4.000     0.616
     2.000     2.000     3.000     1.000     2.000    -0.095
     3.000     2.000     3.000     4.000     4.000     0.800
     2.000     2.000     3.000     2.000     3.000     0.198
     3.000     1.000     2.000     1.000     2.000    -0.226
     1.000     1.000     1.000     2.000     4.000    -0.281
     0.000     2.000     1.000     2.000     3.000    -0.442
     2.000     2.000     3.000     2.000     2.000     0.078
     1.000     1.000     2.000     1.000     1.000    -0.663
     1.000     2.000     1.000     1.000     2.000    -0.587
     2.000     1.000     1.000     2.000     2.000    -0.375
     2.000     1.000     3.000     3.000     3.000     0.243
     2.000     3.000     3.000     2.000     1.000     0.050
     2.000     3.000     2.000     3.000     3.000     0.282
     2.000     3.000     2.000     3.000     1.000     0.034
     2.000     2.000     2.000     3.000     3.000     0.181
     0.000     0.000     2.000     0.000     0.000    -1.319
     4.000     2.000     4.000     4.000     2.000     0.882
     2.000     2.000     2.000     3.000     2.000     0.063
     1.000     4.000     2.000     3.000     2.000     0.116
     1.000     1.000     3.000     1.000     1.000    -0.486
     4.000     2.000     3.000     4.000     2.000     0.686
     2.000     2.000     3.000     3.000     3.000     0.351
     2.000     3.000     2.000     2.000     2.000     0.008
     3.000     1.000     3.000     3.000     4.000     0.525
     2.000     4.000     3.000     2.000     3.000     0.408
     2.000     3.000     1.000     2.000     3.000    -0.043
     3.000     3.000     3.000     3.000     3.000     0.594
     4.000     4.000     1.000     2.000     4.000     0.492
     3.000     3.000     2.000     2.000     3.000     0.277
     3.000     3.000     2.000     2.000     3.000     0.277
     2.000     2.000     2.000     2.000     2.000    -0.095
     2.000     2.000     2.000     2.000     2.000    -0.095
     2.000     3.000     2.000     2.000     3.000     0.129
     2.000     1.000     1.000     1.000     1.000    -0.678
     2.000     2.000     1.000     1.000     0.000    -0.705
     2.000     2.000     2.000     2.000     1.000    -0.227
     2.000     1.000     3.000     2.000     3.000     0.089
     3.000     1.000     3.000     2.000     2.000     0.119
     2.000     1.000     3.000     1.000     2.000    -0.206
     2.000     2.000     3.000     2.000     2.000     0.078
     2.000     3.000     2.000     3.000     2.000     0.164
     2.000     1.000     3.000     2.000     2.000    -0.032
     2.000     3.000     2.000     2.000     2.000     0.008
     1.000     2.000     2.000     2.000     2.000    -0.248
     2.000     1.000     2.000     2.000     2.000    -0.206
     3.000     3.000     3.000     3.000     3.000     0.594
     2.000     2.000     2.000     2.000     2.000    -0.095
     3.000     2.000     3.000     3.000     3.000     0.495
     2.000     3.000     2.000     3.000     2.000     0.164
     4.000     4.000     4.000     4.000     4.000     1.474
     3.000     3.000     3.000     4.000     2.000     0.633
     2.000     2.000     2.000     2.000     3.000     0.026
     1.000     0.000     1.000     1.000     1.000    -0.954
     1.000     1.000     2.000     1.000     3.000    -0.409
     0.000     0.000     0.000     0.000     0.000    -1.710
     2.000     2.000     2.000     2.000     3.000     0.026
     4.000     1.000     1.000     2.000     1.000    -0.211
     2.000     0.000     2.000     1.000     1.000    -0.641
     1.000     4.000     0.000     0.000     2.000    -0.726
     2.000     0.000     0.000     1.000     0.000    -1.116
     2.000     1.000     1.000     1.000     2.000    -0.549
     3.000     1.000     1.000     2.000     2.000    -0.223
     3.000     3.000     4.000     4.000     4.000     1.115
     3.000     2.000     3.000     2.000     3.000     0.346
     2.000     1.000     2.000     0.000     4.000    -0.325
     1.000     1.000     2.000     0.000     2.000    -0.724
     2.000     2.000     3.000     2.000     2.000     0.078
     1.000     1.000     2.000     1.000     3.000    -0.409
     2.000     1.000     2.000     2.000     2.000    -0.206
     1.000     1.000     1.000     1.000     2.000    -0.697
     3.000     2.000     2.000     2.000     2.000     0.057
     2.000     2.000     2.000     2.000     3.000     0.026
     2.000     0.000     1.000     1.000     1.000    -0.806
     3.000     1.000     3.000     4.000     1.000     0.289
     2.000     2.000     2.000     4.000     2.000     0.210
