     3.000     1.000     2.000     2.000     3.000     0.233
     0.000     1.000     2.000     3.000     2.000    -0.978
     0.000     0.000     1.000     0.000     0.000    -1.752
     3.000     1.000     4.000     0.000     0.000     0.269
     1.000     1.000     3.000     1.000     1.000    -0.517
     1.000     1.000     2.000     1.000     2.000    -0.632
     3.000     1.000     2.000     1.000     2.000     0.101
     4.000     3.000     4.000     4.000     4.000     1.607
     0.000     0.000     4.000     1.000     4.000    -0.614
     1.000     3.000     2.000     1.000     1.000    -0.526
     1.000     1.000     1.000     2.000     3.000    -0.690
     4.000     2.000     4.000     3.000     3.000     1.244
     2.000     3.000     3.000     2.000     3.000     0.264
     1.000     2.000     2.000     3.000     3.000    -0.347
     2.000     2.000     3.000     2.000     3.000     0.176
     1.000     1.000     3.000     1.000     1.000    -0.517
     2.000     2.000     1.000     2.000     3.000    -0.209
     2.000     2.000     3.000     2.000     4.000     0.266
     2.000     1.000     4.000     1.000     3.000     0.239
     2.000     4.000     3.000     1.000     3.000     0.312
     1.000     3.000     2.000     1.000     3.000    -0.353
     4.000     3.000     4.000     1.000     4.000     1.380
     3.000     1.000     2.000     2.000     2.000     0.151
     4.000     3.000     2.000     1.000     2.000     0.645
     4.000     3.000     4.000     2.000     0.000     0.984
     1.000     2.000     2.000     1.000     1.000    -0.618
     3.000     1.000     2.000     1.000     2.000     0.101
     2.000     2.000     3.000     0.000     1.000    -0.102
     3.000     0.000     3.000     1.000     2.000     0.179
     2.000     1.000     2.000     2.000     3.000    -0.109
     1.000     1.000     1.000     2.000     1.000    -0.863
     2.000     1.000     3.000     1.000     3.000     0.031
     3.000     1.000     3.000     1.000     3.000     0.370
     3.000     1.000     3.000     1.000     0.000     0.124
     1.000     2.000     3.000     2.000     2.000    -0.281
     3.000     2.000     3.000     2.000     2.000     0.431
     0.000     0.000     2.000     1.000     2.000    -1.217
     1.000     1.000     3.000     3.000     1.000    -0.419
     0.000     1.000     4.000     0.000     0.000    -0.913
     4.000     2.000     3.000     4.000     4.000     1.120
     2.000     1.000     2.000     2.000     2.000    -0.192
     4.000     1.000     4.000     3.000     4.000     1.253
     4.000     4.000     4.000     3.000     3.000     1.531
     2.000     4.000     3.000     2.000     3.000     0.363
     2.000     2.000     4.000     1.000     4.000     0.428
     2.000     2.000     2.000     2.000     2.000    -0.098
     2.000     1.000     3.000     2.000     1.000    -0.084
     1.000     1.000     2.000     1.000     2.000    -0.632
     4.000     3.000     4.000     3.000     4.000     1.523
     2.000     1.000     3.000     1.000     2.000    -0.052
     2.000     2.000     2.000     3.000     3.000     0.029
     1.000     2.000     3.000     3.000     3.000    -0.151
     2.000     2.000     3.000     3.000     4.000     0.309
     1.000     0.000     1.000     4.000     1.000    -0.894
     4.000     3.000     2.000     4.000     4.000     0.998
     2.000     2.000     2.000     0.000     1.000    -0.293
     3.000     3.000     4.000     3.000     4.000     0.963
     2.000     2.000     1.000     3.000     2.000    -0.249
     2.000     3.000     2.000     2.000     4.000     0.164
     2.000     1.000     3.000     2.000     3.000     0.082
     2.000     1.000     3.000     1.000     4.000     0.121
     3.000     1.000     3.000     2.000     2.000     0.338
     1.000     1.000     2.000     2.000     2.000    -0.578
     2.000     2.000     2.000     3.000     1.000    -0.137
     1.000     0.000     2.000     2.000     1.000    -0.787
     2.000     2.000     4.000     2.000     2.000     0.301
     3.000     3.000     3.000     1.000     2.000     0.468
     0.000     0.000     2.000     3.000     0.000    -1.309
     2.000     3.000     2.000     2.000     2.000    -0.009
     1.000     1.000     2.000     1.000     1.000    -0.718
     1.000     0.000     3.000     0.000     4.000    -0.437
     0.000     0.000     2.000     1.000     1.000    -1.310
     1.000     0.000     1.000     3.000     0.000    -1.038
     4.000     0.000     4.000     1.000     0.000     0.591
     4.000     3.000     0.000     4.000     2.000     0.388
     1.000     2.000     2.000     2.000     3.000    -0.391
     2.000     0.000     2.000     3.000     2.000    -0.263
     4.000     1.000     4.000     2.000     2.000     0.966
     4.000     0.000     4.000     0.000     2.000     0.709
     2.000     1.000     1.000     3.000     1.000    -0.425
     1.000     1.000     1.000     1.000     0.000    -1.012
     1.000     1.000     2.000     0.000     2.000    -0.698
     1.000     0.000     2.000     1.000     2.000    -0.755
     0.000     0.000     2.000     2.000     3.000    -1.063
     3.000     2.000     3.000     2.000     3.000     0.512
     3.000     2.000     4.000     0.000     3.000     0.617
     2.000     1.000     3.000     1.000     1.000    -0.135
     4.000     2.000     3.000     2.000     2.000     0.810
     0.000     1.000     1.000     0.000     0.000    -1.580
     2.000     2.000     4.000     2.000     4.000     0.480
     1.000     1.000     1.000     2.000     1.000    -0.863
     2.000     1.000     2.000     1.000     2.000    -0.244
     3.000     2.000     3.000     3.000     2.000     0.473
     3.000     1.000     3.000     2.000     1.000     0.256
     1.000     3.000     3.000     1.000     4.000    -0.067
     1.000     2.000     1.000     1.000     2.000    -0.732
     2.000     1.000     3.000     1.000     3.000     0.031
     4.000     4.000     1.000     3.000     3.000     0.723
     4.000     1.000     4.000     1.000     4.000     1.128
     2.000     3.000     2.000     2.000     2.000    -0.009
     1.000     2.000     4.000     0.000     2.000    -0.190
     0.000     2.000     4.000     0.000     3.000    -0.550
     1.000     1.000     1.000     1.000     1.000    -0.917
     2.000     1.000     2.000     2.000     2.000    -0.192
     1.000     1.000     2.000     2.000     1.000    -0.664
     1.000     0.000     2.000     3.000     2.000    -0.655
     2.000     0.000     2.000     3.000     2.000    -0.263
     0.000     1.000     0.000     0.000     0.000    -1.860
     3.000     3.000     4.000     2.000     2.000     0.736
     0.000     0.000     1.000     0.000     0.000    -1.752
     1.000     1.000     3.000     1.000     1.000    -0.517
     3.000     1.000     4.000     3.000     2.000     0.595
     2.000     2.000     1.000     1.000     1.000    -0.425
     2.000     2.000     3.000     2.000     2.000     0.093
     1.000     2.000     3.000     1.000     2.000    -0.333
     1.000     1.000     2.000     2.000     2.000    -0.578
     2.000     0.000     4.000     1.000     2.000     0.040
     2.000     2.000     3.000     0.000     2.000    -0.019
     3.000     1.000     3.000     1.000     2.000     0.289
     0.000     2.000     3.000     0.000     3.000    -0.751
     2.000     0.000     3.000     1.000     3.000    -0.081
     2.000     1.000     4.000     1.000     2.000     0.154
     3.000     1.000     4.000     1.000     2.000     0.500
     4.000     3.000     1.000     2.000     3.000     0.572
     2.000     2.000     3.000     2.000     2.000     0.093
     4.000     4.000     3.000     4.000     4.000     1.366
     0.000     1.000     1.000     1.000     3.000    -1.195
     4.000     2.000     4.000     1.000     0.000     0.820
     1.000     1.000     2.000     2.000     1.000    -0.664
     0.000     1.000     3.000     1.000     1.000    -0.959
     2.000     2.000     2.000     4.000     2.000    -0.008
     2.000     2.000     2.000     3.000     3.000     0.029
     4.000     4.000     4.000     1.000     3.000     1.387
     3.000     3.000     3.000     3.000     2.000     0.560
     3.000     1.000     3.000     1.000     0.000     0.124
     3.000     3.000     3.000     1.000     2.000     0.468
     2.000     2.000     2.000     2.000     3.000    -0.014
     3.000     1.000     3.000     1.000     1.000     0.206
     2.000     3.000     3.000     2.000     1.000     0.098
     1.000     1.000     1.000     0.000     0.000    -1.078
     1.000     3.000     1.000     1.000     1.000    -0.725
     2.000     2.000     2.000     3.000     3.000     0.029
     2.000     2.000     3.000     2.000     2.000     0.093
     4.000     4.000     4.000     1.000     2.000     1.269
     2.000     2.000     2.000     2.000     3.000    -0.014
     1.000     2.000     3.000     3.000     3.000    -0.151
     3.000     1.000     3.000     1.000     3.000     0.370
     1.000     3.000     2.000     1.000     2.000    -0.440
     3.000     2.000     4.000     3.000     3.000     0.774
     1.000     0.000     2.000     4.000     2.000    -0.607
     2.000     0.000     2.000     2.000     1.000    -0.390
     3.000     1.000     3.000     2.000     3.000     0.420
     3.000     0.000     2.000     1.000     1.000    -0.091
     0.000     0.000     0.000     1.000     1.000    -1.809
     3.000     2.000     3.000     2.000     4.000     0.603
     0.000     1.000     2.000     1.000     1.000    -1.171
     4.000     0.000     3.000     1.000     3.000     0.625
     2.000     2.000     2.000     2.000     2.000    -0.098
     3.000     2.000     3.000     3.000     4.000     0.646
     0.000     0.000     1.000     3.000     2.000    -1.323
     1.000     1.000     1.000     1.000     2.000    -0.832
     1.000     1.000     2.000     0.000     2.000    -0.698
     4.000     4.000     4.000     0.000     1.000     1.075
     4.000     4.000     3.000     1.000     3.000     1.063
     0.000     0.000     4.000     4.000     3.000    -0.559
     4.000     2.000     4.000     2.000     4.000     1.323
     1.000     1.000     3.000     2.000     3.000    -0.292
     1.000     1.000     1.000     1.000     1.000    -0.917
     3.000     1.000     2.000     2.000     3.000     0.233
     2.000     1.000     2.000     2.000     2.000    -0.192
     4.000     1.000     4.000     4.000     4.000     1.323
     1.000     3.000     2.000     2.000     2.000    -0.387
     1.000     1.000     1.000     2.000     2.000    -0.778
     4.000     3.000     3.000     3.000     4.000     1.168
     4.000     4.000     4.000     2.000     2.000     1.340
     2.000     3.000     2.000     1.000     2.000    -0.061
     0.000     0.000     0.000     0.000     4.000    -1.553
     4.000     4.000     4.000     4.000     4.000     1.808
     4.000     2.000     4.000     1.000     3.000     1.121
     3.000     3.000     4.000     1.000     4.000     0.867
     3.000     0.000     3.000     1.000     1.000     0.097
     2.000     2.000     3.000     1.000     1.000    -0.041
     4.000     1.000     4.000     3.000     3.000     1.122
     4.000     3.000     4.000     1.000     2.000     1.130
     4.000     3.000     4.000     3.000     3.000     1.369
     1.000     1.000     2.000     0.000     0.000    -0.879
     1.000     2.000     2.000     4.000     4.000    -0.209
     1.000     0.000     1.000     1.000     2.000    -0.956
     3.000     0.000     4.000     1.000     1.000     0.303
     2.000     1.000     2.000     2.000     1.000    -0.275
     4.000     3.000     4.000     2.000     2.000     1.196
     3.000     2.000     4.000     3.000     0.000     0.520
     1.000     1.000     3.000     1.000     1.000    -0.517
     3.000     1.000     3.000     2.000     2.000     0.338
     1.000     0.000     1.000     1.000     1.000    -1.041
     3.000     3.000     3.000     1.000     1.000     0.385
     1.000     0.000     1.000     0.000     2.000    -1.022
     2.000     1.000     1.000     1.000     0.000    -0.606
     0.000     1.000     2.000     1.000     2.000    -1.082
     3.000     3.000     4.000     1.000     4.000     0.867
     3.000     1.000     4.000     1.000     3.000     0.584
     3.000     2.000     4.000     4.000     2.000     0.739
     3.000     2.000     3.000     2.000     3.000     0.512
     4.000     1.000     4.000     2.000     2.000     0.966
     3.000     0.000     3.000     3.000     0.000     0.106
     1.000     1.000     2.000     2.000     3.000    -0.490
     1.000     0.000     3.000     2.000     1.000    -0.583
     1.000     1.000     3.000     3.000     1.000    -0.419
     3.000     3.000     3.000     3.000     2.000     0.560
     2.000     1.000     3.000     3.000     3.000     0.125
     2.000     3.000     3.000     1.000     2.000     0.130
     2.000     1.000     2.000     2.000     2.000    -0.192
     0.000     0.000     1.000     0.000     1.000    -1.619
     3.000     2.000     2.000     1.000     2.000     0.194
     0.000     4.000     4.000     4.000     1.000    -0.329
     2.000     3.000     4.000     2.000     3.000     0.476
     3.000     2.000     3.000     1.000     2.000     0.381
     1.000     3.000     1.000     1.000     2.000    -0.640
     2.000     2.000     3.000     3.000     4.000     0.309
     4.000     4.000     3.000     0.000     3.000     0.992
     2.000     2.000     1.000     1.000     2.000    -0.343
     3.000     2.000     4.000     1.000     1.000     0.509
     3.000     2.000     4.000     1.000     3.000     0.679
     4.000     0.000     3.000     3.000     4.000     0.829
     1.000     1.000     1.000     1.000     2.000    -0.832
     4.000     2.000     2.000     3.000     2.000     0.650
     0.000     1.000     3.000     0.000     0.000    -1.126
     4.000     1.000     4.000     1.000     0.000     0.714
     1.000     1.000     0.000     1.000     0.000    -1.214
     0.000     0.000     3.000     4.000     4.000    -0.673
     4.000     1.000     4.000     2.000     2.000     0.966
     3.000     1.000     4.000     0.000     1.000     0.353
     2.000     3.000     3.000     2.000     3.000     0.264
     1.000     1.000     1.000     0.000     0.000    -1.078
     4.000     2.000     3.000     2.000     2.000     0.810
     3.000     1.000     4.000     2.000     4.000     0.731
     3.000     2.000     3.000     4.000     0.000     0.355
     4.000     3.000     4.000     2.000     2.000     1.196
     4.000     3.000     4.000     4.000     3.000     1.443
     0.000     1.000     0.000     0.000     2.000    -1.609
     2.000     2.000     2.000     4.000     4.000     0.165
     0.000     0.000     2.000     2.000     2.000    -1.158
     2.000     1.000     3.000     1.000     2.000    -0.052
     4.000     1.000     2.000     1.000     3.000     0.541
     1.000     2.000     1.000     0.000     1.000    -0.882
     1.000     1.000     3.000     3.000     2.000    -0.334
     2.000     2.000     3.000     3.000     0.000    -0.032
     2.000     2.000     3.000     1.000     1.000    -0.041
     4.000     3.000     4.000     3.000     2.000     1.253
     2.000     3.000     2.000     2.000     1.000    -0.092
     4.000     4.000     4.000     4.000     4.000     1.808
     1.000     2.000     3.000     3.000     2.000    -0.236
     1.000     2.000     2.000     2.000     2.000    -0.479
     2.000     3.000     3.000     1.000     4.000     0.304
     3.000     2.000     3.000     2.000     3.000     0.512
     3.000     2.000     4.000     1.000     2.000     0.595
     1.000     2.000     2.000     3.000     3.000    -0.347
     4.000     2.000     4.000     3.000     4.000     1.385
     2.000     1.000     3.000     2.000     4.000     0.172
     2.000     3.000     1.000     1.000     1.000    -0.337
     1.000     0.000     3.000     1.000     3.000    -0.463
     1.000     1.000     2.000     4.000     1.000    -0.571
     4.000     2.000     4.000     3.000     4.000     1.385
     1.000     1.000     2.000     1.000     2.000    -0.632
     2.000     2.000     4.000     1.000     2.000     0.250
     3.000     2.000     3.000     4.000     3.000     0.601
     3.000     2.000     4.000     2.000     3.000     0.730
     4.000     2.000     4.000     2.000     2.000     1.081
     3.000     3.000     3.000     2.000     3.000     0.599
     4.000     4.000     4.000     1.000     3.000     1.387
     3.000     2.000     4.000     2.000     3.000     0.730
     1.000     2.000     2.000     1.000     3.000    -0.445
     2.000     0.000     3.000     4.000     3.000     0.060
     3.000     3.000     0.000     0.000     4.000     0.012
     1.000     3.000     2.000     1.000     3.000    -0.353
     2.000     2.000     3.000     2.000     2.000     0.093
     2.000     2.000     2.000     0.000     3.000    -0.127
     0.000     1.000     1.000     1.000     2.000    -1.291
     0.000     1.000     0.000     2.000     0.000    -1.691
     2.000     1.000     2.000     1.000     1.000    -0.326
     4.000     0.000     3.000     2.000     2.000     0.591
     0.000     3.000     3.000     1.000     2.000    -0.683
     2.000     1.000     3.000     2.000     2.000    -0.001
     2.000     3.000     2.000     2.000     1.000    -0.092
     4.000     1.000     3.000     1.000     4.000     0.847
     2.000     2.000     4.000     4.000     3.000     0.478
     2.000     2.000     3.000     2.000     2.000     0.093
     4.000     3.000     4.000     1.000     4.000     1.380
     1.000     2.000     3.000     2.000     2.000    -0.281
     0.000     0.000     1.000     0.000     1.000    -1.619
     1.000     2.000     2.000     1.000     2.000    -0.532
     2.000     2.000     2.000     1.000     1.000    -0.231
     1.000     1.000     2.000     1.000     2.000    -0.632
     1.000     1.000     2.000     2.000     1.000    -0.664
     3.000     1.000     2.000     2.000     1.000     0.069
     3.000     0.000     4.000     2.000     2.000     0.439
     1.000     0.000     2.000     4.000     0.000    -0.788
     3.000     0.000     3.000     2.000     1.000     0.147
     2.000     3.000     4.000     2.000     1.000     0.306
     2.000     2.000     3.000     1.000     3.000     0.125
     2.000     1.000     2.000     2.000     1.000    -0.275
     2.000     0.000     4.000     0.000     4.000     0.154
     2.000     0.000     4.000     4.000     2.000     0.184
     2.000     1.000     2.000     1.000     2.000    -0.244
     3.000     3.000     3.000     3.000     0.000     0.395
     1.000     1.000     2.000     3.000     1.000    -0.619
     2.000     1.000     2.000     0.000     4.000    -0.133
     2.000     3.000     3.000     1.000     2.000     0.130
     2.000     1.000     3.000     2.000     3.000     0.082
     3.000     1.000     3.000     3.000     0.000     0.216
     4.000     3.000     4.000     2.000     3.000     1.308
     3.000     3.000     3.000     1.000     2.000     0.468
     3.000     2.000     3.000     2.000     3.000     0.512
     2.000     2.000     4.000     2.000     3.000     0.386
     3.000     2.000     3.000     2.000     2.000     0.431
     4.000     1.000     3.000     1.000     2.000     0.654
     1.000     4.000     2.000     2.000     1.000    -0.372
     3.000     3.000     3.000     2.000     3.000     0.599
     4.000     2.000     2.000     2.000     1.000     0.517
     1.000     0.000     3.000     0.000     2.000    -0.617
     1.000     2.000     2.000     2.000     2.000    -0.479
     1.000     2.000     2.000     2.000     0.000    -0.657
     1.000     0.000     2.000     1.000     1.000    -0.842
     2.000     2.000     2.000     1.000     2.000    -0.149
     3.000     2.000     2.000     2.000     2.000     0.244
     1.000     2.000     2.000     3.000     2.000    -0.434
     2.000     3.000     3.000     1.000     3.000     0.213
     1.000     2.000     2.000     0.000     0.000    -0.777
     1.000     2.000     2.000     1.000     2.000    -0.532
     2.000     0.000     3.000     2.000     3.000    -0.030
     1.000     1.000     2.000     2.000     2.000    -0.578
     4.000     2.000     3.000     2.000     2.000     0.810
     2.000     1.000     3.000     3.000     3.000     0.125
     3.000     2.000     2.000     1.000     2.000     0.194
     3.000     2.000     3.000     1.000     3.000     0.462
     4.000     4.000     4.000     2.000     2.000     1.340
     2.000     2.000     2.000     0.000     2.000    -0.211
     2.000     2.000     2.000     2.000     2.000    -0.098
     0.000     1.000     0.000     3.000     2.000    -1.407
     4.000     0.000     4.000     3.000     2.000     0.887
     0.000     0.000     0.000     2.000     0.000    -1.881
     2.000     1.000     3.000     1.000     2.000    -0.052
     3.000     2.000     3.000     1.000     1.000     0.299
     1.000     1.000     1.000     2.000     1.000    -0.863
     3.000     3.000     4.000     0.000     3.000     0.707
     0.000     1.000     2.000     0.000     4.000    -0.966
     0.000     0.000     2.000     0.000     1.000    -1.386
     1.000     1.000     2.000     2.000     3.000    -0.490
     3.000     2.000     4.000     1.000     3.000     0.679
     2.000     1.000     2.000     3.000     3.000    -0.065
     2.000     1.000     2.000     1.000     3.000    -0.160
     4.000     2.000     2.000     1.000     2.000     0.552
     3.000     3.000     3.000     1.000     2.000     0.468
     0.000     1.000     2.000     2.000     1.000    -1.114
     1.000     1.000     2.000     2.000     2.000    -0.578
     1.000     1.000     2.000     1.000     2.000    -0.632
     2.000     2.000     1.000     1.000     3.000    -0.260
     3.000     0.000     4.000     2.000     2.000     0.439
     1.000     1.000     1.000     2.000     2.000    -0.778
     3.000     1.000     3.000     2.000     1.000     0.256
     1.000     3.000     2.000     1.000     2.000    -0.440
