     3.000     3.000     4.000     4.000     4.000     0.525
     2.000     2.000     3.000     2.000     2.000    -0.497
     0.000     2.000     3.000     2.000     3.000    -0.738
     4.000     3.000     4.000     3.000     4.000     0.600
     2.000     3.000     3.000     3.000     3.000    -0.022
     2.000     2.000     3.000     2.000     2.000    -0.497
     3.000     2.000     3.000     0.000     4.000    -0.304
     4.000     4.000     4.000     4.000     4.000     1.323
     1.000     3.000     4.000     0.000     1.000    -0.447
     1.000     2.000     2.000     2.000     2.000    -0.795
     2.000     2.000     2.000     3.000     1.000    -0.642
     2.000     4.000     3.000     2.000     4.000     0.310
     3.000     4.000     3.000     3.000     2.000     0.337
     3.000     3.000     3.000     1.000     3.000    -0.038
     2.000     3.000     2.000     3.000     3.000    -0.166
     3.000     4.000     3.000     4.000     3.000     0.552
     3.000     2.000     3.000     3.000     2.000    -0.266
     2.000     4.000     4.000     3.000     3.000     0.474
     3.000     4.000     4.000     0.000     2.000     0.264
     1.000     2.000     4.000     2.000     1.000    -0.585
     3.000     4.000     4.000     3.000     2.000     0.534
     4.000     4.000     4.000     3.000     1.000     0.633
     2.000     3.000     3.000     2.000     3.000    -0.109
     4.000     4.000     3.000     3.000     4.000     0.781
     4.000     4.000     4.000     4.000     4.000     1.323
     3.000     3.000     3.000     3.000     3.000     0.127
     2.000     2.000     1.000     1.000     2.000    -0.853
     3.000     3.000     4.000     1.000     2.000     0.030
     3.000     3.000     3.000     2.000     2.000    -0.057
     3.000     3.000     4.000     3.000     3.000     0.300
     1.000     1.000     1.000     2.000     2.000    -1.217
     4.000     4.000     4.000     2.000     3.000     0.770
     3.000     3.000     3.000     3.000     2.000     0.030
     3.000     4.000     3.000     4.000     1.000     0.346
     1.000     2.000     2.000     2.000     2.000    -0.795
     3.000     3.000     3.000     3.000     3.000     0.127
     1.000     3.000     3.000     3.000     3.000    -0.176
     2.000     3.000     4.000     2.000     3.000     0.058
     2.000     4.000     4.000     2.000     2.000     0.271
     0.000     1.000     1.000     2.000     0.000    -1.578
     2.000     2.000     2.000     3.000     3.000    -0.458
     4.000     4.000     4.000     3.000     4.000     1.099
     4.000     4.000     3.000     4.000     2.000     0.640
     1.000     3.000     4.000     3.000     3.000    -0.010
     2.000     3.000     4.000     1.000     4.000     0.091
     3.000     4.000     4.000     4.000     3.000     0.785
     2.000     3.000     2.000     3.000     2.000    -0.262
     2.000     3.000     4.000     2.000     3.000     0.058
     3.000     4.000     4.000     4.000     1.000     0.546
     1.000     2.000     2.000     1.000     2.000    -0.873
     2.000     3.000     3.000     3.000     4.000     0.089
     1.000     2.000     2.000     1.000     4.000    -0.668
     2.000     2.000     3.000     3.000     2.000    -0.412
     1.000     2.000     2.000     2.000     2.000    -0.795
     1.000     0.000     2.000     0.000     0.000    -1.680
     0.000     1.000     3.000     0.000     2.000    -1.282
     4.000     4.000     4.000     3.000     3.000     0.896
     2.000     2.000     3.000     3.000     2.000    -0.412
     3.000     2.000     3.000     2.000     2.000    -0.350
     4.000     4.000     4.000     1.000     3.000     0.663
     2.000     4.000     4.000     2.000     4.000     0.505
     3.000     3.000     3.000     1.000     3.000    -0.038
     1.000     1.000     2.000     2.000     0.000    -1.262
     4.000     4.000     4.000     4.000     4.000     1.323
     2.000     3.000     3.000     1.000     2.000    -0.282
     2.000     3.000     4.000     2.000     2.000    -0.041
     3.000     3.000     4.000     3.000     3.000     0.300
     2.000     4.000     4.000     3.000     2.000     0.365
     3.000     3.000     4.000     3.000     2.000     0.200
     2.000     2.000     2.000     2.000     1.000    -0.727
     2.000     4.000     3.000     0.000     0.000    -0.233
     2.000     4.000     3.000     4.000     4.000     0.513
     1.000     2.000     2.000     3.000     3.000    -0.613
     4.000     4.000     4.000     3.000     3.000     0.896
     2.000     2.000     4.000     2.000     2.000    -0.339
     3.000     3.000     4.000     3.000     4.000     0.418
     2.000     3.000     3.000     2.000     3.000    -0.109
     3.000     3.000     4.000     2.000     1.000     0.018
     4.000     4.000     4.000     4.000     4.000     1.323
     3.000     4.000     4.000     2.000     3.000     0.547
     1.000     3.000     2.000     1.000     3.000    -0.480
     2.000     2.000     3.000     2.000     2.000    -0.497
     1.000     3.000     3.000     0.000     3.000    -0.420
     3.000     4.000     4.000     4.000     2.000     0.657
     1.000     3.000     2.000     1.000     1.000    -0.661
     4.000     4.000     3.000     4.000     4.000     0.925
     4.000     3.000     4.000     4.000     3.000     0.586
     2.000     3.000     4.000     3.000     3.000     0.147
     2.000     4.000     4.000     4.000     4.000     0.741
     1.000     3.000     2.000     2.000     2.000    -0.498
     1.000     2.000     3.000     1.000     2.000    -0.732
     3.000     2.000     3.000     3.000     1.000    -0.355
     3.000     3.000     3.000     2.000     3.000     0.040
     2.000     3.000     3.000     4.000     3.000     0.077
     1.000     3.000     3.000     3.000     3.000    -0.176
     2.000     2.000     2.000     2.000     1.000    -0.727
     2.000     3.000     3.000     1.000     2.000    -0.282
     2.000     3.000     4.000     2.000     2.000    -0.041
     2.000     1.000     2.000     2.000     2.000    -0.935
     2.000     3.000     3.000     2.000     2.000    -0.205
     1.000     2.000     2.000     2.000     2.000    -0.795
     2.000     0.000     2.000     1.000     1.000    -1.325
     2.000     3.000     3.000     3.000     3.000    -0.022
     2.000     2.000     1.000     2.000     2.000    -0.776
     2.000     2.000     2.000     1.000     3.000    -0.619
     2.000     2.000     3.000     2.000     2.000    -0.497
     1.000     3.000     2.000     2.000     2.000    -0.498
     0.000     0.000     1.000     0.000     1.000    -1.937
     4.000     3.000     4.000     1.000     1.000     0.104
     3.000     4.000     3.000     3.000     4.000     0.567
     1.000     2.000     2.000     1.000     2.000    -0.873
     4.000     4.000     4.000     4.000     4.000     1.323
     1.000     3.000     3.000     2.000     0.000    -0.540
     2.000     2.000     2.000     2.000     3.000    -0.543
     2.000     3.000     2.000     3.000     3.000    -0.166
     1.000     1.000     2.000     1.000     2.000    -1.156
     4.000     3.000     4.000     2.000     4.000     0.506
     2.000     3.000     4.000     2.000     3.000     0.058
     1.000     2.000     2.000     1.000     3.000    -0.777
     2.000     1.000     2.000     1.000     1.000    -1.089
     3.000     4.000     3.000     3.000     4.000     0.567
     4.000     4.000     4.000     3.000     4.000     1.099
     3.000     3.000     4.000     3.000     4.000     0.418
     2.000     3.000     3.000     3.000     4.000     0.089
     3.000     4.000     4.000     4.000     3.000     0.785
     3.000     4.000     4.000     3.000     4.000     0.804
     1.000     2.000     1.000     0.000     3.000    -1.005
     1.000     1.000     2.000     2.000     2.000    -1.084
     4.000     4.000     3.000     2.000     4.000     0.670
     2.000     4.000     3.000     3.000     2.000     0.184
     4.000     4.000     4.000     4.000     4.000     1.323
     2.000     2.000     3.000     3.000     3.000    -0.317
     4.000     3.000     4.000     4.000     4.000     0.714
     4.000     4.000     1.000     3.000     3.000     0.314
     2.000     4.000     4.000     2.000     3.000     0.376
     3.000     3.000     3.000     4.000     4.000     0.340
     2.000     3.000     4.000     3.000     4.000     0.262
     4.000     4.000     4.000     2.000     4.000     0.948
     4.000     4.000     4.000     4.000     4.000     1.323
     3.000     4.000     3.000     3.000     3.000     0.441
     4.000     3.000     3.000     3.000     2.000     0.194
     2.000     4.000     3.000     4.000     4.000     0.513
     2.000     3.000     3.000     1.000     2.000    -0.282
     3.000     4.000     4.000     3.000     3.000     0.652
     1.000     2.000     2.000     1.000     2.000    -0.873
     2.000     2.000     3.000     1.000     3.000    -0.479
     3.000     3.000     3.000     3.000     3.000     0.127
     2.000     3.000     4.000     3.000     3.000     0.147
     2.000     2.000     3.000     2.000     2.000    -0.497
     2.000     4.000     4.000     4.000     3.000     0.593
     0.000     2.000     3.000     2.000     1.000    -0.926
     4.000     3.000     4.000     3.000     3.000     0.477
     3.000     3.000     4.000     3.000     4.000     0.418
     1.000     3.000     3.000     2.000     2.000    -0.358
     2.000     3.000     2.000     3.000     2.000    -0.262
     3.000     4.000     2.000     4.000     1.000     0.194
     2.000     4.000     1.000     2.000     1.000    -0.262
     2.000     2.000     2.000     2.000     2.000    -0.638
     4.000     3.000     3.000     4.000     3.000     0.396
     0.000     1.000     2.000     0.000     0.000    -1.605
     1.000     2.000     2.000     2.000     2.000    -0.795
     3.000     4.000     3.000     2.000     2.000     0.247
     4.000     2.000     4.000     4.000     4.000     0.362
     3.000     3.000     4.000     3.000     3.000     0.300
     4.000     4.000     4.000     1.000     2.000     0.540
     2.000     3.000     4.000     3.000     3.000     0.147
     2.000     3.000     3.000     2.000     1.000    -0.295
     3.000     4.000     3.000     3.000     3.000     0.441
     3.000     3.000     3.000     1.000     3.000    -0.038
     2.000     3.000     2.000     2.000     2.000    -0.346
     4.000     4.000     4.000     3.000     2.000     0.754
     3.000     3.000     4.000     3.000     3.000     0.300
     2.000     1.000     1.000     2.000     2.000    -1.064
     3.000     3.000     3.000     4.000     4.000     0.340
     4.000     4.000     2.000     3.000     2.000     0.357
     3.000     4.000     3.000     1.000     3.000     0.266
     0.000     0.000     0.000     0.000     0.000    -2.299
     4.000     4.000     3.000     3.000     3.000     0.635
     4.000     4.000     4.000     4.000     2.000     0.906
     4.000     4.000     4.000     1.000     4.000     0.825
     4.000     4.000     4.000     4.000     4.000     1.323
     2.000     3.000     4.000     2.000     3.000     0.058
     3.000     3.000     4.000     0.000     4.000     0.165
     4.000     2.000     4.000     3.000     4.000     0.261
     4.000     4.000     4.000     3.000     3.000     0.896
     1.000     2.000     3.000     3.000     3.000    -0.471
     4.000     4.000     4.000     3.000     3.000     0.896
     3.000     3.000     4.000     1.000     3.000     0.130
     4.000     4.000     4.000     4.000     2.000     0.906
     4.000     4.000     4.000     3.000     3.000     0.896
     2.000     2.000     3.000     2.000     2.000    -0.497
     4.000     4.000     4.000     4.000     4.000     1.323
     1.000     3.000     4.000     3.000     4.000     0.104
     4.000     4.000     4.000     4.000     3.000     1.070
     4.000     4.000     4.000     2.000     3.000     0.770
     2.000     3.000     3.000     3.000     3.000    -0.022
     3.000     3.000     2.000     2.000     4.000     0.005
     2.000     4.000     3.000     3.000     3.000     0.283
     2.000     3.000     3.000     3.000     4.000     0.089
     3.000     3.000     3.000     3.000     3.000     0.127
     4.000     4.000     4.000     3.000     4.000     1.099
     2.000     2.000     2.000     3.000     3.000    -0.458
     3.000     3.000     4.000     2.000     4.000     0.327
     3.000     4.000     4.000     2.000     3.000     0.547
     4.000     4.000     4.000     4.000     4.000     1.323
     1.000     4.000     3.000     2.000     4.000     0.153
     1.000     3.000     4.000     0.000     3.000    -0.259
     1.000     2.000     2.000     2.000     2.000    -0.795
     3.000     3.000     3.000     3.000     3.000     0.127
     4.000     4.000     4.000     4.000     3.000     1.070
     1.000     2.000     4.000     1.000     2.000    -0.572
     4.000     4.000     2.000     4.000     1.000     0.367
     2.000     1.000     2.000     3.000     2.000    -0.856
     3.000     2.000     4.000     2.000     2.000    -0.192
     4.000     4.000     4.000     1.000     3.000     0.663
     2.000     3.000     4.000     3.000     3.000     0.147
     3.000     3.000     4.000     4.000     3.000     0.405
     3.000     3.000     3.000     3.000     3.000     0.127
     1.000     4.000     4.000     3.000     4.000     0.430
     2.000     4.000     4.000     4.000     4.000     0.741
     2.000     3.000     3.000     3.000     3.000    -0.022
     3.000     4.000     4.000     4.000     4.000     0.956
     2.000     4.000     4.000     2.000     4.000     0.505
     1.000     2.000     1.000     2.000     2.000    -0.936
     1.000     1.000     3.000     1.000     1.000    -1.110
     1.000     2.000     4.000     4.000     4.000    -0.105
     3.000     3.000     4.000     3.000     3.000     0.300
     2.000     4.000     3.000     3.000     2.000     0.184
     1.000     2.000     1.000     1.000     1.000    -1.105
     1.000     2.000     1.000     2.000     4.000    -0.730
     4.000     1.000     2.000     1.000     2.000    -0.720
     4.000     4.000     4.000     2.000     4.000     0.948
     2.000     3.000     4.000     2.000     3.000     0.058
     2.000     3.000     4.000     3.000     3.000     0.147
     1.000     2.000     4.000     2.000     3.000    -0.397
     3.000     4.000     4.000     4.000     3.000     0.785
     3.000     3.000     3.000     3.000     4.000     0.239
     3.000     3.000     3.000     3.000     3.000     0.127
     0.000     2.000     3.000     2.000     2.000    -0.835
     0.000     0.000     0.000     0.000     2.000    -2.027
     1.000     1.000     3.000     1.000     0.000    -1.203
     4.000     4.000     4.000     3.000     3.000     0.896
     1.000     3.000     3.000     3.000     3.000    -0.176
     2.000     3.000     2.000     2.000     2.000    -0.346
     3.000     4.000     3.000     1.000     1.000     0.077
     2.000     3.000     3.000     2.000     2.000    -0.205
     1.000     2.000     3.000     2.000     3.000    -0.557
     1.000     3.000     3.000     2.000     2.000    -0.358
     4.000     3.000     3.000     3.000     3.000     0.293
     2.000     2.000     1.000     2.000     2.000    -0.776
     4.000     4.000     4.000     4.000     3.000     1.070
     0.000     1.000     1.000     3.000     1.000    -1.395
     3.000     4.000     3.000     3.000     4.000     0.567
     2.000     3.000     2.000     3.000     2.000    -0.262
     4.000     3.000     3.000     2.000     4.000     0.319
     2.000     2.000     3.000     3.000     2.000    -0.412
     3.000     4.000     3.000     3.000     4.000     0.567
     3.000     3.000     3.000     4.000     3.000     0.227
     3.000     4.000     4.000     4.000     4.000     0.956
     4.000     4.000     4.000     3.000     3.000     0.896
     3.000     3.000     3.000     2.000     3.000     0.040
     1.000     3.000     3.000     2.000     0.000    -0.540
     3.000     4.000     4.000     1.000     3.000     0.455
     1.000     2.000     2.000     1.000     2.000    -0.873
     3.000     2.000     4.000     3.000     3.000    -0.012
     4.000     4.000     4.000     3.000     4.000     1.099
     1.000     2.000     2.000     1.000     2.000    -0.873
     2.000     2.000     2.000     2.000     2.000    -0.638
     3.000     3.000     3.000     2.000     3.000     0.040
     4.000     4.000     4.000     4.000     3.000     1.070
     3.000     3.000     3.000     1.000     2.000    -0.135
     2.000     3.000     1.000     2.000     0.000    -0.660
     2.000     1.000     1.000     1.000     1.000    -1.219
     0.000     2.000     2.000     1.000     1.000    -1.145
     0.000     3.000     1.000     1.000     3.000    -0.788
     3.000     3.000     2.000     2.000     3.000    -0.104
     4.000     4.000     3.000     3.000     2.000     0.521
     1.000     3.000     1.000     3.000     4.000    -0.348
     4.000     4.000     3.000     2.000     4.000     0.670
     4.000     1.000     3.000     0.000     1.000    -0.751
     2.000     2.000     1.000     3.000     3.000    -0.595
     0.000     3.000     2.000     1.000     2.000    -0.746
     2.000     2.000     4.000     2.000     1.000    -0.429
     2.000     3.000     3.000     2.000     1.000    -0.295
     3.000     4.000     4.000     4.000     4.000     0.956
     4.000     4.000     3.000     3.000     3.000     0.635
     3.000     4.000     3.000     3.000     3.000     0.441
     1.000     3.000     4.000     2.000     3.000    -0.099
     1.000     2.000     3.000     2.000     3.000    -0.557
     3.000     4.000     3.000     4.000     3.000     0.552
     2.000     2.000     1.000     0.000     3.000    -0.843
     0.000     1.000     1.000     2.000     3.000    -1.299
     1.000     2.000     3.000     2.000     2.000    -0.654
     1.000     2.000     2.000     2.000     2.000    -0.795
     3.000     3.000     3.000     2.000     3.000     0.040
     1.000     2.000     2.000     3.000     2.000    -0.709
     1.000     2.000     3.000     2.000     3.000    -0.557
     3.000     3.000     4.000     3.000     3.000     0.300
     3.000     4.000     2.000     3.000     3.000     0.285
     3.000     4.000     4.000     1.000     3.000     0.455
     3.000     3.000     3.000     3.000     3.000     0.127
     0.000     4.000     4.000     2.000     4.000     0.138
     2.000     4.000     4.000     0.000     4.000     0.329
     3.000     3.000     3.000     2.000     3.000     0.040
     3.000     3.000     3.000     4.000     3.000     0.227
     3.000     4.000     4.000     3.000     1.000     0.429
     2.000     3.000     4.000     3.000     1.000    -0.046
     4.000     3.000     3.000     3.000     3.000     0.293
     3.000     4.000     3.000     3.000     3.000     0.441
     3.000     4.000     4.000     4.000     3.000     0.785
     4.000     4.000     2.000     3.000     3.000     0.463
     3.000     3.000     3.000     3.000     2.000     0.030
     3.000     4.000     3.000     4.000     2.000     0.444
     4.000     4.000     3.000     4.000     4.000     0.925
     3.000     2.000     2.000     3.000     3.000    -0.312
     3.000     2.000     3.000     1.000     1.000    -0.516
     3.000     4.000     3.000     3.000     3.000     0.441
     3.000     3.000     4.000     3.000     3.000     0.300
     4.000     4.000     4.000     3.000     4.000     1.099
     1.000     3.000     2.000     2.000     1.000    -0.586
     2.000     2.000     1.000     1.000     1.000    -0.943
     2.000     2.000     3.000     1.000     1.000    -0.664
     3.000     4.000     3.000     2.000     3.000     0.348
     3.000     2.000     2.000     2.000     3.000    -0.396
     3.000     3.000     4.000     1.000     2.000     0.030
     3.000     4.000     3.000     2.000     2.000     0.247
     1.000     2.000     2.000     3.000     2.000    -0.709
     2.000     2.000     2.000     2.000     3.000    -0.543
     2.000     2.000     3.000     2.000     3.000    -0.402
     3.000     2.000     4.000     0.000     3.000    -0.253
     2.000     2.000     2.000     2.000     2.000    -0.638
     3.000     4.000     3.000     3.000     4.000     0.567
     3.000     3.000     1.000     1.000     1.000    -0.499
     4.000     4.000     4.000     1.000     3.000     0.663
     3.000     3.000     3.000     4.000     2.000     0.129
     2.000     4.000     4.000     3.000     4.000     0.610
     1.000     2.000     3.000     1.000     1.000    -0.823
     2.000     2.000     2.000     2.000     2.000    -0.638
     1.000     2.000     2.000     2.000     4.000    -0.590
     2.000     4.000     4.000     4.000     2.000     0.478
     3.000     3.000     0.000     0.000     0.000    -0.828
     2.000     3.000     2.000     3.000     2.000    -0.262
     3.000     4.000     4.000     2.000     3.000     0.547
     1.000     3.000     2.000     1.000     2.000    -0.573
     2.000     4.000     2.000     2.000     2.000    -0.045
     4.000     4.000     4.000     0.000     1.000     0.346
     1.000     2.000     1.000     2.000     1.000    -1.027
     3.000     3.000     4.000     3.000     4.000     0.418
     3.000     3.000     3.000     2.000     3.000     0.040
     3.000     3.000     4.000     3.000     2.000     0.200
     4.000     4.000     4.000     0.000     1.000     0.346
     3.000     3.000     3.000     2.000     2.000    -0.057
     3.000     3.000     3.000     3.000     3.000     0.127
     1.000     3.000     2.000     4.000     2.000    -0.317
     2.000     3.000     2.000     2.000     2.000    -0.346
     2.000     2.000     2.000     2.000     2.000    -0.638
     2.000     2.000     3.000     2.000     2.000    -0.497
     3.000     3.000     3.000     0.000     1.000    -0.304
     1.000     2.000     1.000     1.000     1.000    -1.105
     4.000     4.000     4.000     0.000     4.000     0.719
     4.000     4.000     4.000     2.000     3.000     0.770
