     4.000     3.000     3.000     3.000     3.000     0.636
     3.000     3.000     3.000     2.000     3.000     0.119
     1.000     0.000     2.000     0.000     2.000    -1.375
     4.000     4.000     3.000     3.000     4.000     0.941
     2.000     2.000     3.000     3.000     3.000    -0.001
     3.000     3.000     3.000     2.000     3.000     0.119
     3.000     2.000     4.000     2.000     3.000     0.118
     4.000     3.000     1.000     3.000     3.000     0.421
     4.000     3.000     2.000     3.000     2.000     0.394
     2.000     2.000     1.000     2.000     2.000    -0.574
     2.000     1.000     1.000     1.000     3.000    -0.802
     4.000     2.000     1.000     3.000     2.000     0.162
     4.000     3.000     2.000     4.000     3.000     0.810
     2.000     1.000     3.000     2.000     3.000    -0.371
     2.000     2.000     3.000     2.000     3.000    -0.245
     2.000     0.000     2.000     1.000     3.000    -0.816
     3.000     2.000     3.000     2.000     2.000    -0.139
     4.000     1.000     1.000     4.000     4.000     0.561
     4.000     4.000     0.000     4.000     2.000     0.593
     3.000     3.000     4.000     3.000     2.000     0.369
     3.000     3.000     3.000     3.000     3.000     0.365
     3.000     3.000     4.000     3.000     4.000     0.633
     2.000     1.000     2.000     3.000     3.000    -0.230
     3.000     2.000     1.000     2.000     3.000    -0.220
     4.000     4.000     4.000     4.000     4.000     1.510
     3.000     3.000     3.000     1.000     2.000    -0.255
     2.000     2.000     1.000     3.000     3.000    -0.203
     4.000     3.000     3.000     4.000     4.000     1.105
     2.000     3.000     3.000     2.000     4.000     0.017
     4.000     4.000     3.000     2.000     2.000     0.400
     2.000     2.000     2.000     1.000     2.000    -0.705
     3.000     3.000     2.000     2.000     2.000    -0.114
     3.000     3.000     3.000     3.000     3.000     0.365
     0.000     0.000     2.000     2.000     3.000    -1.009
     3.000     3.000     2.000     2.000     3.000     0.012
     3.000     3.000     3.000     3.000     3.000     0.365
     2.000     3.000     3.000     2.000     3.000    -0.115
     3.000     3.000     1.000     2.000     4.000     0.045
     4.000     4.000     4.000     1.000     3.000     0.392
     1.000     0.000     0.000     1.000     3.000    -1.236
     3.000     2.000     2.000     2.000     2.000    -0.246
     3.000     4.000     3.000     3.000     2.000     0.380
     4.000     4.000     3.000     2.000     2.000     0.400
     3.000     3.000     2.000     4.000     3.000     0.517
     4.000     4.000     4.000     4.000     3.000     1.300
     3.000     2.000     3.000     2.000     2.000    -0.139
     4.000     1.000     2.000     3.000     3.000     0.256
     4.000     3.000     3.000     3.000     2.000     0.506
     4.000     4.000     2.000     4.000     2.000     0.834
     3.000     4.000     2.000     3.000     2.000     0.271
     3.000     2.000     3.000     3.000     1.000    -0.013
     2.000     3.000     3.000     4.000     4.000     0.516
     3.000     4.000     3.000     3.000     3.000     0.507
     2.000     2.000     1.000     1.000     2.000    -0.803
     4.000     4.000     4.000     2.000     2.000     0.537
     2.000     0.000     4.000     1.000     2.000    -0.713
     4.000     3.000     4.000     3.000     3.000     0.776
     0.000     3.000     0.000     3.000     1.000    -0.840
     3.000     3.000     2.000     2.000     3.000     0.012
     2.000     3.000     1.000     3.000     2.000    -0.197
     4.000     4.000     2.000     4.000     3.000     0.982
     3.000     2.000     3.000     3.000     3.000     0.234
     4.000     2.000     2.000     1.000     2.000    -0.232
     3.000     1.000     1.000     2.000     2.000    -0.474
     3.000     4.000     4.000     4.000     2.000     0.793
     4.000     3.000     2.000     2.000     2.000     0.147
     2.000     2.000     2.000     4.000     4.000     0.276
     4.000     2.000     4.000     4.000     1.000     0.656
     4.000     2.000     3.000     3.000     3.000     0.502
     2.000     2.000     1.000     2.000     2.000    -0.574
     4.000     4.000     2.000     2.000     3.000     0.417
     3.000     3.000     2.000     4.000     3.000     0.517
     3.000     0.000     2.000     2.000     1.000    -0.604
     3.000     3.000     3.000     3.000     4.000     0.500
     1.000     2.000     2.000     1.000     1.000    -1.016
     3.000     3.000     3.000     3.000     2.000     0.239
     3.000     3.000     1.000     2.000     2.000    -0.214
     2.000     3.000     2.000     4.000     2.000     0.147
     0.000     4.000     4.000     4.000     4.000     0.350
     1.000     1.000     3.000     2.000     1.000    -0.816
     3.000     2.000     1.000     2.000     3.000    -0.220
     2.000     2.000     2.000     2.000     1.000    -0.589
     0.000     1.000     2.000     0.000     2.000    -1.483
     2.000     3.000     1.000     2.000     2.000    -0.443
     3.000     3.000     3.000     3.000     3.000     0.365
     3.000     3.000     1.000     3.000     4.000     0.291
     2.000     2.000     1.000     2.000     2.000    -0.574
     4.000     2.000     3.000     2.000     3.000     0.251
     1.000     1.000     3.000     0.000     3.000    -1.023
     3.000     3.000     3.000     3.000     2.000     0.239
     1.000     1.000     2.000     1.000     2.000    -1.025
     4.000     2.000     2.000     3.000     2.000     0.262
     3.000     2.000     2.000     1.000     1.000    -0.601
     3.000     3.000     2.000     1.000     1.000    -0.473
     4.000     4.000     2.000     2.000     2.000     0.288
     1.000     3.000     1.000     2.000     2.000    -0.651
     3.000     2.000     1.000     2.000     3.000    -0.220
     4.000     0.000     3.000     3.000     4.000     0.391
     4.000     4.000     4.000     4.000     3.000     1.300
     3.000     2.000     2.000     2.000     2.000    -0.246
     2.000     3.000     2.000     2.000     2.000    -0.343
     3.000     1.000     0.000     0.000     1.000    -1.161
     3.000     3.000     3.000     3.000     3.000     0.365
     2.000     2.000     2.000     2.000     2.000    -0.474
     4.000     4.000     3.000     3.000     2.000     0.656
     2.000     3.000     2.000     2.000     2.000    -0.343
     3.000     3.000     2.000     3.000     3.000     0.257
     3.000     3.000     3.000     0.000     2.000    -0.466
     4.000     2.000     2.000     4.000     3.000     0.666
     1.000     0.000     1.000     1.000     3.000    -1.116
     1.000     1.000     2.000     2.000     3.000    -0.681
     2.000     4.000     0.000     2.000     4.000    -0.169
     3.000     2.000     0.000     2.000     1.000    -0.584
     3.000     3.000     2.000     2.000     3.000     0.012
     3.000     3.000     3.000     2.000     0.000    -0.227
     1.000     2.000     1.000     3.000     1.000    -0.645
     4.000     4.000     2.000     4.000     4.000     1.157
     3.000     3.000     1.000     3.000     2.000     0.033
     1.000     0.000     2.000     3.000     0.000    -0.876
     3.000     3.000     1.000     2.000     2.000    -0.214
     4.000     2.000     3.000     3.000     3.000     0.502
     4.000     3.000     3.000     3.000     4.000     0.780
     2.000     2.000     2.000     3.000     3.000    -0.105
     1.000     2.000     2.000     1.000     3.000    -0.786
     4.000     4.000     3.000     4.000     4.000     1.308
     2.000     2.000     3.000     2.000     3.000    -0.245
     2.000     2.000     1.000     1.000     0.000    -1.013
     1.000     2.000     3.000     2.000     3.000    -0.455
     2.000     2.000     1.000     2.000     1.000    -0.689
     2.000     2.000     1.000     3.000     3.000    -0.203
     1.000     2.000     2.000     1.000     2.000    -0.907
     2.000     3.000     2.000     3.000     2.000    -0.099
     4.000     2.000     3.000     4.000     4.000     0.949
     2.000     3.000     0.000     4.000     3.000     0.058
     3.000     2.000     2.000     2.000     2.000    -0.246
     3.000     2.000     2.000     2.000     2.000    -0.246
     4.000     2.000     3.000     3.000     2.000     0.372
     3.000     2.000     4.000     3.000     3.000     0.365
     4.000     3.000     3.000     3.000     3.000     0.636
     2.000     1.000     1.000     1.000     2.000    -0.923
     2.000     2.000     1.000     2.000     2.000    -0.574
     3.000     2.000     3.000     2.000     2.000    -0.139
     3.000     2.000     3.000     3.000     3.000     0.234
     4.000     4.000     1.000     4.000     3.000     0.866
     2.000     2.000     2.000     2.000     2.000    -0.474
     3.000     3.000     1.000     2.000     1.000    -0.334
     3.000     2.000     2.000     2.000     1.000    -0.365
     2.000     3.000     3.000     2.000     2.000    -0.239
     4.000     3.000     3.000     4.000     2.000     0.792
     2.000     1.000     1.000     2.000     2.000    -0.698
     1.000     2.000     0.000     2.000     0.000    -1.116
     3.000     3.000     3.000     3.000     3.000     0.365
     2.000     1.000     0.000     2.000     4.000    -0.560
     2.000     2.000     1.000     0.000     1.000    -1.137
     3.000     3.000     2.000     2.000     3.000     0.012
     3.000     2.000     3.000     2.000     3.000    -0.012
     4.000     3.000     2.000     1.000     2.000    -0.105
     3.000     3.000     3.000     2.000     3.000     0.119
     3.000     3.000     3.000     3.000     4.000     0.500
     2.000     4.000     3.000     2.000     4.000     0.154
     1.000     2.000     2.000     1.000     1.000    -1.016
     1.000     1.000     1.000     1.000     3.000    -1.002
     1.000     2.000     0.000     2.000     2.000    -0.901
     3.000     3.000     3.000     4.000     3.000     0.631
     3.000     3.000     4.000     4.000     4.000     0.920
     4.000     4.000     3.000     3.000     2.000     0.656
     3.000     2.000     3.000     3.000     3.000     0.234
     1.000     3.000     1.000     2.000     2.000    -0.651
     1.000     4.000     1.000     3.000     3.000    -0.151
     2.000     2.000     2.000     2.000     2.000    -0.474
     4.000     4.000     4.000     4.000     4.000     1.510
     3.000     3.000     2.000     1.000     3.000    -0.236
     2.000     2.000     3.000     2.000     2.000    -0.369
     3.000     3.000     4.000     4.000     3.000     0.771
     4.000     3.000     4.000     4.000     3.000     1.099
     2.000     2.000     2.000     2.000     3.000    -0.349
     0.000     2.000     3.000     0.000     2.000    -1.251
     4.000     4.000     4.000     4.000     4.000     1.510
     4.000     3.000     4.000     4.000     4.000     1.281
     1.000     3.000     4.000     4.000     4.000     0.426
     1.000     1.000     1.000     4.000     4.000    -0.162
     3.000     3.000     0.000     2.000     2.000    -0.333
     2.000     3.000     2.000     4.000     3.000     0.272
     4.000     4.000     3.000     4.000     4.000     1.308
     3.000     4.000     3.000     3.000     3.000     0.507
     4.000     3.000     3.000     1.000     1.000    -0.119
     3.000     2.000     3.000     4.000     3.000     0.496
     3.000     2.000     1.000     2.000     2.000    -0.347
     2.000     2.000     2.000     4.000     4.000     0.276
     3.000     1.000     1.000     3.000     3.000    -0.102
     2.000     2.000     3.000     3.000     3.000    -0.001
     1.000     2.000     2.000     2.000     2.000    -0.682
     2.000     2.000     1.000     3.000     2.000    -0.325
     3.000     2.000     1.000     3.000     4.000     0.161
     3.000     4.000     2.000     2.000     3.000     0.150
     2.000     2.000     3.000     2.000     2.000    -0.369
     1.000     3.000     1.000     2.000     2.000    -0.651
     3.000     2.000     3.000     3.000     4.000     0.369
     3.000     3.000     3.000     3.000     3.000     0.365
     4.000     4.000     2.000     1.000     4.000     0.286
     4.000     3.000     3.000     4.000     4.000     1.105
     4.000     4.000     4.000     4.000     3.000     1.300
     3.000     1.000     1.000     3.000     3.000    -0.102
     4.000     2.000     1.000     4.000     2.000     0.425
     4.000     4.000     2.000     3.000     3.000     0.672
     3.000     4.000     3.000     3.000     3.000     0.507
     1.000     2.000     3.000     2.000     3.000    -0.455
     3.000     3.000     3.000     3.000     3.000     0.365
     3.000     3.000     3.000     3.000     3.000     0.365
     3.000     2.000     1.000     2.000     3.000    -0.220
     2.000     2.000     3.000     2.000     3.000    -0.245
     2.000     2.000     4.000     2.000     2.000    -0.242
     1.000     1.000     1.000     1.000     1.000    -1.230
     2.000     3.000     3.000     2.000     2.000    -0.239
     4.000     2.000     4.000     1.000     3.000     0.121
     3.000     4.000     3.000     3.000     4.000     0.645
     4.000     3.000     1.000     3.000     3.000     0.421
     2.000     1.000     1.000     2.000     3.000    -0.574
     3.000     1.000     1.000     3.000     3.000    -0.102
     4.000     4.000     3.000     4.000     3.000     1.120
     2.000     2.000     3.000     2.000     2.000    -0.369
     4.000     2.000     3.000     4.000     3.000     0.789
     3.000     1.000     3.000     4.000     2.000     0.232
     3.000     2.000     2.000     3.000     3.000     0.127
     1.000     1.000     1.000     1.000     1.000    -1.230
     2.000     1.000     2.000     2.000     4.000    -0.344
     3.000     1.000     1.000     1.000     4.000    -0.457
     3.000     2.000     3.000     4.000     3.000     0.496
     2.000     3.000     1.000     0.000     1.000    -1.004
     2.000     2.000     0.000     2.000     2.000    -0.692
     2.000     2.000     1.000     2.000     1.000    -0.689
     3.000     4.000     4.000     3.000     3.000     0.641
     3.000     3.000     2.000     3.000     2.000     0.132
     2.000     2.000     4.000     1.000     4.000    -0.230
     3.000     1.000     2.000     3.000     2.000    -0.127
     4.000     2.000     3.000     4.000     3.000     0.789
     3.000     3.000     3.000     2.000     3.000     0.119
     4.000     2.000     3.000     4.000     3.000     0.789
     3.000     2.000     2.000     2.000     2.000    -0.246
     2.000     3.000     1.000     0.000     2.000    -0.890
     4.000     0.000     3.000     4.000     1.000     0.260
     2.000     2.000     2.000     2.000     4.000    -0.218
     3.000     2.000     0.000     3.000     2.000    -0.214
     3.000     3.000     2.000     4.000     3.000     0.517
     1.000     1.000     3.000     0.000     3.000    -1.023
     2.000     2.000     1.000     2.000     2.000    -0.574
     3.000     2.000     2.000     3.000     3.000     0.127
     4.000     1.000     4.000     3.000     3.000     0.499
     3.000     4.000     4.000     3.000     4.000     0.782
     3.000     3.000     2.000     1.000     2.000    -0.358
     4.000     2.000     3.000     4.000     4.000     0.949
     3.000     3.000     2.000     2.000     3.000     0.012
     2.000     3.000     2.000     2.000     2.000    -0.343
     4.000     4.000     4.000     4.000     3.000     1.300
     3.000     3.000     3.000     3.000     2.000     0.239
     3.000     3.000     4.000     3.000     2.000     0.369
     0.000     1.000     0.000     0.000     2.000    -1.737
     4.000     2.000     4.000     4.000     2.000     0.797
     3.000     2.000     3.000     3.000     3.000     0.234
     1.000     2.000     1.000     1.000     2.000    -1.005
     3.000     3.000     2.000     3.000     2.000     0.132
     2.000     2.000     1.000     4.000     4.000     0.177
     3.000     3.000     3.000     2.000     3.000     0.119
     1.000     1.000     2.000     2.000     3.000    -0.681
     3.000     2.000     2.000     3.000     2.000     0.002
     3.000     4.000     3.000     3.000     2.000     0.380
     3.000     2.000     1.000     1.000     2.000    -0.585
     2.000     3.000     2.000     2.000     2.000    -0.343
     3.000     1.000     2.000     3.000     3.000    -0.003
     3.000     4.000     2.000     2.000     3.000     0.150
     3.000     4.000     2.000     4.000     4.000     0.815
     2.000     2.000     2.000     2.000     2.000    -0.474
     2.000     3.000     1.000     1.000     3.000    -0.554
     0.000     2.000     1.000     1.000     2.000    -1.219
     3.000     3.000     2.000     2.000     2.000    -0.114
     2.000     1.000     3.000     3.000     4.000     0.002
     4.000     3.000     4.000     4.000     2.000     0.946
     3.000     2.000     2.000     3.000     2.000     0.002
     2.000     1.000     2.000     0.000     0.000    -1.261
     3.000     2.000     4.000     3.000     2.000     0.239
     2.000     2.000     3.000     2.000     3.000    -0.245
     2.000     2.000     3.000     2.000     3.000    -0.245
     4.000     2.000     3.000     2.000     2.000     0.123
     3.000     3.000     2.000     3.000     2.000     0.132
     4.000     4.000     4.000     4.000     3.000     1.300
     4.000     3.000     4.000     4.000     4.000     1.281
     3.000     4.000     1.000     4.000     3.000     0.563
     4.000     2.000     3.000     3.000     3.000     0.502
     3.000     3.000     3.000     3.000     2.000     0.239
     3.000     2.000     1.000     3.000     3.000     0.027
     3.000     4.000     3.000     3.000     3.000     0.507
     2.000     4.000     2.000     1.000     1.000    -0.561
     3.000     2.000     3.000     2.000     3.000    -0.012
     2.000     2.000     1.000     1.000     2.000    -0.803
     2.000     3.000     1.000     2.000     2.000    -0.443
     2.000     4.000     2.000     3.000     2.000     0.034
     4.000     2.000     2.000     4.000     2.000     0.530
     2.000     4.000     1.000     4.000     3.000     0.312
     3.000     3.000     2.000     2.000     3.000     0.012
     4.000     3.000     1.000     4.000     3.000     0.700
     2.000     4.000     1.000     3.000     2.000    -0.064
     4.000     4.000     0.000     2.000     4.000     0.334
     4.000     4.000     0.000     2.000     4.000     0.334
     3.000     3.000     3.000     2.000     3.000     0.119
     3.000     1.000     1.000     3.000     3.000    -0.102
     2.000     2.000     1.000     1.000     2.000    -0.803
     3.000     4.000     3.000     3.000     4.000     0.645
     3.000     3.000     2.000     3.000     3.000     0.257
     3.000     3.000     1.000     3.000     3.000     0.157
     3.000     2.000     3.000     2.000     3.000    -0.012
     3.000     3.000     3.000     3.000     3.000     0.365
     3.000     3.000     3.000     3.000     3.000     0.365
     3.000     3.000     3.000     4.000     1.000     0.373
     4.000     3.000     3.000     4.000     4.000     1.105
     3.000     2.000     2.000     4.000     3.000     0.384
     2.000     2.000     2.000     3.000     2.000    -0.227
     2.000     4.000     2.000     2.000     2.000    -0.209
     2.000     3.000     2.000     2.000     3.000    -0.219
     4.000     2.000     2.000     3.000     3.000     0.390
     4.000     4.000     1.000     4.000     1.000     0.583
     2.000     1.000     2.000     2.000     1.000    -0.712
     3.000     2.000     2.000     2.000     2.000    -0.246
     3.000     3.000     1.000     2.000     3.000    -0.089
     2.000     2.000     2.000     2.000     1.000    -0.589
     2.000     4.000     1.000     2.000     3.000    -0.184
     2.000     2.000     3.000     3.000     3.000    -0.001
     3.000     2.000     3.000     3.000     3.000     0.234
     3.000     3.000     2.000     2.000     2.000    -0.114
     2.000     2.000     2.000     1.000     2.000    -0.705
     2.000     3.000     3.000     3.000     4.000     0.259
     3.000     3.000     2.000     2.000     2.000    -0.114
     3.000     3.000     2.000     3.000     3.000     0.257
     4.000     3.000     3.000     2.000     2.000     0.256
     3.000     3.000     3.000     3.000     3.000     0.365
     3.000     3.000     2.000     3.000     2.000     0.132
     4.000     2.000     4.000     2.000     2.000     0.256
     3.000     3.000     3.000     3.000     3.000     0.365
     3.000     2.000     2.000     1.000     0.000    -0.698
     4.000     3.000     2.000     2.000     2.000     0.147
     2.000     2.000     2.000     2.000     3.000    -0.349
     0.000     0.000     0.000     0.000     0.000    -2.165
     3.000     3.000     3.000     3.000     3.000     0.365
     1.000     2.000     3.000     2.000     2.000    -0.579
     1.000     2.000     1.000     1.000     2.000    -1.005
     3.000     2.000     4.000     3.000     3.000     0.365
     4.000     4.000     3.000     1.000     4.000     0.396
     1.000     1.000     3.000     0.000     2.000    -1.149
     3.000     4.000     3.000     3.000     2.000     0.380
     2.000     2.000     3.000     3.000     3.000    -0.001
     4.000     2.000     3.000     3.000     3.000     0.502
     3.000     2.000     3.000     3.000     2.000     0.109
     3.000     2.000     0.000     0.000     2.000    -0.922
     3.000     3.000     2.000     3.000     2.000     0.132
     2.000     2.000     2.000     1.000     3.000    -0.584
     2.000     3.000     2.000     2.000     3.000    -0.219
     2.000     3.000     2.000     2.000     2.000    -0.343
     2.000     3.000     2.000     1.000     2.000    -0.577
     3.000     3.000     1.000     2.000     3.000    -0.089
     1.000     1.000     0.000     0.000     1.000    -1.599
     3.000     4.000     3.000     2.000     4.000     0.396
     3.000     2.000     3.000     2.000     2.000    -0.139
