     3.000     1.000     3.000     0.453
     3.000     0.000     3.000     0.581
     1.000     1.000     1.000    -0.999
     3.000     1.000     3.000     0.453
     1.000     2.000     1.000    -1.097
     3.000     1.000     3.000     0.453
     3.000     2.000     2.000    -0.069
     3.000     1.000     4.000     0.890
     2.000     1.000     2.000    -0.284
     2.000     2.000     2.000    -0.393
     2.000     1.000     2.000    -0.284
     3.000     2.000     3.000     0.343
     3.000     1.000     3.000     0.453
     2.000     1.000     2.000    -0.284
     3.000     2.000     2.000    -0.069
     1.000     3.000     1.000    -1.184
     2.000     2.000     2.000    -0.393
     2.000     4.000     2.000    -0.591
     3.000     1.000     3.000     0.453
     3.000     3.000     3.000     0.248
     2.000     0.000     3.000     0.275
     4.000     1.000     3.000     0.749
     3.000     0.000     4.000     1.027
     2.000     2.000     2.000    -0.393
     4.000     0.000     4.000     1.411
     2.000     1.000     2.000    -0.284
     2.000     1.000     3.000     0.145
     2.000     2.000     2.000    -0.393
     2.000     1.000     2.000    -0.284
     2.000     0.000     2.000    -0.157
     1.000     1.000     1.000    -0.999
     2.000     1.000     3.000     0.145
     0.000     3.000     0.000    -1.879
     2.000     2.000     2.000    -0.393
     2.000     1.000     3.000     0.145
     3.000     1.000     3.000     0.453
     1.000     2.000     2.000    -0.713
     2.000     0.000     3.000     0.275
     1.000     2.000     3.000    -0.305
     0.000     2.000     1.000    -1.374
     2.000     2.000     2.000    -0.393
     2.000     1.000     3.000     0.145
     3.000     4.000     3.000     0.155
     2.000     1.000     3.000     0.145
     4.000     0.000     4.000     1.411
     2.000     1.000     2.000    -0.284
     1.000     2.000     2.000    -0.713
     2.000     1.000     2.000    -0.284
     4.000     2.000     4.000     1.096
     2.000     1.000     2.000    -0.284
     1.000     1.000     2.000    -0.610
     2.000     2.000     3.000     0.033
     3.000     1.000     3.000     0.453
     2.000     1.000     2.000    -0.284
     2.000     2.000     0.000    -1.205
     2.000     0.000     1.000    -0.594
     2.000     2.000     1.000    -0.813
     1.000     1.000     3.000    -0.204
     2.000     2.000     3.000     0.033
     2.000     2.000     1.000    -0.813
     3.000     1.000     3.000     0.453
     3.000     0.000     3.000     0.581
     2.000     2.000     2.000    -0.393
     1.000     3.000     3.000    -0.393
     1.000     0.000     2.000    -0.489
     2.000     1.000     2.000    -0.284
     2.000     2.000     3.000     0.033
     4.000     2.000     3.000     0.638
     2.000     3.000     3.000    -0.064
     1.000     3.000     1.000    -1.184
     3.000     1.000     3.000     0.453
     2.000     1.000     3.000     0.145
     1.000     2.000     2.000    -0.713
     3.000     0.000     3.000     0.581
     2.000     2.000     2.000    -0.393
     2.000     2.000     3.000     0.033
     3.000     0.000     4.000     1.027
     2.000     3.000     2.000    -0.490
     4.000     0.000     4.000     1.411
     2.000     0.000     3.000     0.275
     0.000     1.000     1.000    -1.274
     2.000     1.000     2.000    -0.284
     3.000     0.000     4.000     1.027
     2.000     2.000     4.000     0.492
     3.000     3.000     3.000     0.248
     4.000     1.000     4.000     1.230
     2.000     1.000     3.000     0.145
     3.000     2.000     3.000     0.343
     3.000     0.000     3.000     0.581
     2.000     1.000     3.000     0.145
     2.000     0.000     2.000    -0.157
     2.000     1.000     3.000     0.145
     2.000     4.000     2.000    -0.591
     3.000     1.000     3.000     0.453
     4.000     1.000     3.000     0.749
     1.000     2.000     3.000    -0.305
     1.000     2.000     2.000    -0.713
     4.000     3.000     3.000     0.541
     2.000     2.000     2.000    -0.393
     2.000     1.000     3.000     0.145
     2.000     3.000     2.000    -0.490
     2.000     1.000     0.000    -1.108
     2.000     1.000     2.000    -0.284
     1.000     1.000     3.000    -0.204
     2.000     2.000     2.000    -0.393
     3.000     0.000     2.000     0.151
     3.000     1.000     3.000     0.453
     3.000     0.000     3.000     0.581
     1.000     2.000     2.000    -0.713
     2.000     3.000     1.000    -0.902
     1.000     3.000     2.000    -0.804
     4.000     2.000     3.000     0.638
     2.000     2.000     2.000    -0.393
     2.000     1.000     2.000    -0.284
     3.000     0.000     2.000     0.151
     2.000     1.000     3.000     0.145
     2.000     2.000     2.000    -0.393
     2.000     1.000     3.000     0.145
     1.000     2.000     4.000     0.148
     2.000     2.000     1.000    -0.813
     3.000     0.000     4.000     1.027
     2.000     0.000     2.000    -0.157
     3.000     1.000     2.000     0.033
     2.000     1.000     4.000     0.598
     3.000     0.000     3.000     0.581
     4.000     2.000     4.000     1.096
     0.000     3.000     1.000    -1.463
     4.000     0.000     4.000     1.411
     2.000     1.000     2.000    -0.284
     3.000     1.000     3.000     0.453
     2.000     1.000     1.000    -0.712
     2.000     3.000     3.000    -0.064
     3.000     0.000     4.000     1.027
     0.000     3.000     1.000    -1.463
     1.000     2.000     2.000    -0.713
     2.000     3.000     1.000    -0.902
     2.000     1.000     2.000    -0.284
     3.000     1.000     3.000     0.453
     3.000     1.000     3.000     0.453
     2.000     2.000     2.000    -0.393
     2.000     1.000     3.000     0.145
     2.000     1.000     3.000     0.145
     3.000     2.000     2.000    -0.069
     4.000     1.000     4.000     1.230
     1.000     2.000     2.000    -0.713
     3.000     1.000     3.000     0.453
     2.000     1.000     3.000     0.145
     2.000     1.000     3.000     0.145
     1.000     1.000     3.000    -0.204
     1.000     1.000     2.000    -0.610
     1.000     4.000     2.000    -0.900
     2.000     2.000     3.000     0.033
     2.000     1.000     3.000     0.145
     2.000     1.000     3.000     0.145
     4.000     2.000     2.000     0.209
     3.000     2.000     3.000     0.343
     3.000     2.000     4.000     0.778
     2.000     1.000     1.000    -0.712
     3.000     1.000     4.000     0.890
     4.000     0.000     4.000     1.411
     2.000     2.000     2.000    -0.393
     1.000     3.000     2.000    -0.804
     1.000     4.000     4.000    -0.019
     3.000     1.000     3.000     0.453
     1.000     4.000     0.000    -1.670
     2.000     3.000     3.000    -0.064
     3.000     3.000     4.000     0.683
     3.000     1.000     3.000     0.453
     3.000     4.000     1.000    -0.657
     2.000     1.000     3.000     0.145
     2.000     1.000     4.000     0.598
     3.000     1.000     3.000     0.453
     2.000     2.000     2.000    -0.393
     3.000     1.000     3.000     0.453
     2.000     4.000     1.000    -0.999
     2.000     2.000     2.000    -0.393
     0.000     1.000     1.000    -1.274
     4.000     0.000     4.000     1.411
     4.000     3.000     3.000     0.541
     2.000     2.000     1.000    -0.813
     4.000     0.000     3.000     0.881
     2.000     1.000     3.000     0.145
     3.000     1.000     4.000     0.890
     4.000     0.000     4.000     1.411
     3.000     0.000     4.000     1.027
     1.000     2.000     2.000    -0.713
     2.000     3.000     1.000    -0.902
     1.000     2.000     1.000    -1.097
     1.000     2.000     2.000    -0.713
     2.000     2.000     2.000    -0.393
     2.000     1.000     3.000     0.145
     4.000     0.000     4.000     1.411
     3.000     1.000     3.000     0.453
     1.000     2.000     3.000    -0.305
     2.000     2.000     2.000    -0.393
     2.000     2.000     2.000    -0.393
     4.000     1.000     4.000     1.230
     2.000     1.000     2.000    -0.284
     3.000     1.000     3.000     0.453
     3.000     1.000     4.000     0.890
     4.000     0.000     4.000     1.411
     2.000     2.000     2.000    -0.393
     3.000     2.000     3.000     0.343
     3.000     1.000     3.000     0.453
     2.000     1.000     2.000    -0.284
     2.000     1.000     2.000    -0.284
     3.000     2.000     4.000     0.778
     1.000     2.000     1.000    -1.097
     3.000     2.000     2.000    -0.069
     2.000     2.000     2.000    -0.393
     2.000     1.000     3.000     0.145
     3.000     0.000     3.000     0.581
     2.000     1.000     1.000    -0.712
     2.000     0.000     3.000     0.275
     4.000     0.000     3.000     0.881
     4.000     1.000     3.000     0.749
     4.000     2.000     3.000     0.638
     1.000     2.000     1.000    -1.097
     2.000     2.000     4.000     0.492
     4.000     0.000     4.000     1.411
     3.000     1.000     4.000     0.890
     3.000     1.000     3.000     0.453
     1.000     4.000     3.000    -0.482
     2.000     1.000     2.000    -0.284
     1.000     3.000     1.000    -1.184
     3.000     2.000     2.000    -0.069
     0.000     2.000     1.000    -1.374
     2.000     0.000     3.000     0.275
     2.000     2.000     2.000    -0.393
     1.000     4.000     2.000    -0.900
     2.000     2.000     4.000     0.492
     2.000     1.000     2.000    -0.284
     2.000     1.000     2.000    -0.284
     2.000     2.000     2.000    -0.393
     2.000     1.000     1.000    -0.712
     4.000     2.000     4.000     1.096
     2.000     3.000     1.000    -0.902
     3.000     1.000     3.000     0.453
     2.000     3.000     2.000    -0.490
     2.000     2.000     2.000    -0.393
     2.000     3.000     3.000    -0.064
     2.000     2.000     2.000    -0.393
     2.000     2.000     2.000    -0.393
     2.000     3.000     4.000     0.400
     1.000     1.000     1.000    -0.999
     3.000     2.000     2.000    -0.069
     1.000     3.000     1.000    -1.184
     2.000     3.000     2.000    -0.490
     2.000     3.000     2.000    -0.490
     1.000     3.000     1.000    -1.184
     4.000     3.000     4.000     0.987
     2.000     1.000     3.000     0.145
     1.000     2.000     2.000    -0.713
     3.000     1.000     4.000     0.890
     3.000     2.000     3.000     0.343
     2.000     3.000     2.000    -0.490
     0.000     1.000     1.000    -1.274
     4.000     0.000     4.000     1.411
     2.000     1.000     3.000     0.145
     1.000     1.000     1.000    -0.999
     3.000     2.000     3.000     0.343
     0.000     3.000     1.000    -1.463
     2.000     1.000     3.000     0.145
     3.000     1.000     2.000     0.033
     2.000     3.000     2.000    -0.490
     2.000     3.000     2.000    -0.490
     0.000     2.000     1.000    -1.374
     3.000     2.000     4.000     0.778
     2.000     2.000     3.000     0.033
     4.000     0.000     4.000     1.411
     3.000     1.000     3.000     0.453
     3.000     1.000     2.000     0.033
     3.000     0.000     4.000     1.027
     2.000     0.000     2.000    -0.157
     1.000     3.000     0.000    -1.566
     4.000     4.000     3.000     0.448
     3.000     2.000     2.000    -0.069
     3.000     1.000     3.000     0.453
     3.000     0.000     3.000     0.581
     2.000     1.000     4.000     0.598
     3.000     2.000     3.000     0.343
     2.000     0.000     3.000     0.275
     2.000     2.000     4.000     0.492
     2.000     0.000     2.000    -0.157
     3.000     1.000     3.000     0.453
     3.000     4.000     3.000     0.155
     2.000     2.000     2.000    -0.393
     3.000     2.000     4.000     0.778
     3.000     1.000     3.000     0.453
     4.000     0.000     3.000     0.881
     1.000     0.000     2.000    -0.489
     1.000     3.000     0.000    -1.566
     2.000     2.000     3.000     0.033
     2.000     1.000     2.000    -0.284
     2.000     1.000     3.000     0.145
     2.000     2.000     2.000    -0.393
     1.000     0.000     3.000    -0.086
     4.000     2.000     3.000     0.638
     3.000     2.000     4.000     0.778
     3.000     1.000     3.000     0.453
     3.000     1.000     3.000     0.453
     4.000     0.000     4.000     1.411
     4.000     0.000     4.000     1.411
     2.000     1.000     3.000     0.145
     1.000     3.000     2.000    -0.804
     2.000     1.000     2.000    -0.284
     4.000     0.000     4.000     1.411
     3.000     1.000     2.000     0.033
     1.000     2.000     3.000    -0.305
     2.000     3.000     2.000    -0.490
     3.000     2.000     3.000     0.343
     2.000     3.000     2.000    -0.490
     3.000     1.000     4.000     0.890
     4.000     0.000     3.000     0.881
     3.000     1.000     1.000    -0.391
     2.000     1.000     2.000    -0.284
     2.000     2.000     2.000    -0.393
     2.000     2.000     3.000     0.033
     2.000     2.000     2.000    -0.393
     2.000     1.000     3.000     0.145
     2.000     2.000     2.000    -0.393
     2.000     1.000     2.000    -0.284
     3.000     1.000     2.000     0.033
     3.000     3.000     3.000     0.248
     3.000     2.000     3.000     0.343
     3.000     1.000     2.000     0.033
     2.000     3.000     2.000    -0.490
     2.000     2.000     2.000    -0.393
     2.000     1.000     2.000    -0.284
     2.000     2.000     2.000    -0.393
     2.000     2.000     2.000    -0.393
     2.000     1.000     4.000     0.598
     3.000     1.000     3.000     0.453
     3.000     3.000     3.000     0.248
     2.000     1.000     3.000     0.145
     2.000     1.000     4.000     0.598
     3.000     2.000     3.000     0.343
     2.000     3.000     2.000    -0.490
     2.000     2.000     2.000    -0.393
     4.000     0.000     4.000     1.411
     0.000     4.000     0.000    -2.007
     3.000     1.000     3.000     0.453
     1.000     2.000     1.000    -1.097
     2.000     1.000     2.000    -0.284
     2.000     2.000     3.000     0.033
     2.000     0.000     2.000    -0.157
     1.000     4.000     0.000    -1.670
     2.000     1.000     3.000     0.145
     3.000     1.000     3.000     0.453
     3.000     2.000     2.000    -0.069
     2.000     0.000     4.000     0.725
     3.000     1.000     3.000     0.453
     3.000     1.000     3.000     0.453
     2.000     2.000     2.000    -0.393
     2.000     1.000     3.000     0.145
     3.000     1.000     2.000     0.033
     2.000     2.000     3.000     0.033
     1.000     1.000     3.000    -0.204
     2.000     1.000     3.000     0.145
     4.000     0.000     4.000     1.411
     2.000     1.000     3.000     0.145
