     2.000     3.000     0.000     2.000     1.000    -0.486
     3.000     1.000     2.000     2.000     2.000    -0.498
     2.000     3.000     1.000     1.000     3.000    -0.309
     2.000     3.000     1.000     3.000     3.000     0.044
     4.000     4.000     2.000     3.000     2.000     0.657
     1.000     3.000     1.000     1.000     3.000    -0.457
     2.000     3.000     2.000     2.000     3.000    -0.087
     2.000     2.000     2.000     2.000     2.000    -0.474
     2.000     3.000     2.000     2.000     2.000    -0.239
     2.000     3.000     1.000     1.000     2.000    -0.456
     2.000     3.000     0.000     3.000     2.000    -0.178
     3.000     3.000     3.000     3.000     2.000     0.191
     3.000     3.000     2.000     3.000     4.000     0.483
     0.000     3.000     3.000     2.000     3.000    -0.338
     2.000     3.000     2.000     1.000     2.000    -0.402
     4.000     4.000     0.000     3.000     4.000     0.909
     3.000     3.000     3.000     3.000     3.000     0.358
     3.000     3.000     0.000     3.000     3.000     0.167
     3.000     3.000     0.000     2.000     4.000     0.156
     3.000     3.000     0.000     3.000     3.000     0.167
     3.000     3.000     2.000     1.000     3.000    -0.076
     3.000     3.000     3.000     2.000     3.000     0.159
     4.000     4.000     4.000     4.000     4.000     1.499
     3.000     3.000     1.000     1.000     3.000    -0.133
     1.000     2.000     1.000     2.000     3.000    -0.527
     1.000     3.000     2.000     2.000     3.000    -0.236
     0.000     2.000     1.000     2.000     2.000    -0.827
     1.000     2.000     2.000     1.000     1.000    -0.892
     2.000     4.000     4.000     4.000     0.000     0.312
     3.000     3.000     2.000     3.000     3.000     0.293
     3.000     3.000     3.000     3.000     3.000     0.358
     2.000     2.000     1.000     3.000     3.000    -0.214
     3.000     3.000     0.000     3.000     3.000     0.167
     2.000     1.000     3.000     3.000     4.000    -0.123
     2.000     4.000     3.000     3.000     4.000     0.635
     2.000     3.000     2.000     1.000     2.000    -0.402
     3.000     3.000     2.000     1.000     2.000    -0.231
     1.000     3.000     2.000     2.000     2.000    -0.385
     2.000     2.000     2.000     3.000     3.000    -0.161
     2.000     3.000     3.000     3.000     3.000     0.164
     4.000     3.000     0.000     2.000     4.000     0.401
     2.000     0.000     1.000     2.000     1.000    -0.991
     1.000     3.000     3.000     3.000     3.000     0.011
     1.000     3.000     4.000     4.000     4.000     0.491
     3.000     3.000     0.000     4.000     3.000     0.398
     3.000     3.000     2.000     2.000     3.000     0.095
     1.000     2.000     2.000     3.000     2.000    -0.447
     0.000     3.000     1.000     1.000     3.000    -0.622
     3.000     3.000     0.000     3.000     1.000    -0.132
     3.000     4.000     1.000     3.000     4.000     0.724
     1.000     1.000     3.000     3.000     3.000    -0.432
     1.000     3.000     3.000     3.000     4.000     0.192
     3.000     3.000     2.000     2.000     3.000     0.095
     3.000     4.000     1.000     2.000     2.000     0.169
     0.000     2.000     2.000     0.000     1.000    -1.244
     3.000     3.000     0.000     2.000     3.000    -0.028
     3.000     3.000     1.000     3.000     2.000     0.070
     4.000     4.000     3.000     3.000     3.000     0.901
     4.000     4.000     3.000     4.000     3.000     1.149
     2.000     3.000     3.000     2.000     2.000    -0.178
     3.000     3.000     3.000     2.000     2.000    -0.001
     3.000     2.000     3.000     2.000     3.000    -0.108
     3.000     3.000     1.000     3.000     3.000     0.234
     1.000     1.000     0.000     3.000     2.000    -0.744
     1.000     2.000     1.000     2.000     2.000    -0.666
     2.000     3.000     0.000     4.000     4.000     0.386
     2.000     3.000     2.000     1.000     4.000    -0.076
     3.000     4.000     4.000     4.000     3.000     0.976
     1.000     3.000     2.000     3.000     3.000    -0.052
     2.000     3.000     0.000     1.000     3.000    -0.374
     1.000     3.000     2.000     2.000     2.000    -0.385
     2.000     2.000     2.000     2.000     3.000    -0.334
     3.000     4.000     2.000     3.000     1.000     0.284
     2.000     1.000     4.000     1.000     3.000    -0.548
     1.000     2.000     2.000     2.000     1.000    -0.735
     3.000     4.000     2.000     3.000     3.000     0.588
     1.000     4.000     3.000     1.000     3.000    -0.049
     3.000     1.000     1.000     2.000     2.000    -0.550
     2.000     4.000     3.000     2.000     3.000     0.257
     3.000     4.000     1.000     1.000     2.000     0.006
     3.000     3.000     1.000     2.000     4.000     0.221
     3.000     3.000     2.000     4.000     3.000     0.523
     2.000     3.000     3.000     2.000     3.000    -0.026
     0.000     0.000     2.000     2.000     3.000    -0.990
     2.000     3.000     3.000     1.000     3.000    -0.192
     1.000     3.000     3.000     4.000     3.000     0.235
     0.000     4.000     4.000     3.000     4.000     0.393
     1.000     1.000     0.000     1.000     2.000    -1.062
     2.000     3.000     1.000     3.000     2.000    -0.113
     4.000     4.000     1.000     3.000     4.000     0.977
     3.000     4.000     3.000     4.000     3.000     0.892
     3.000     4.000     1.000     1.000     3.000     0.160
     3.000     3.000     3.000     3.000     3.000     0.358
     2.000     3.000     2.000     2.000     3.000    -0.087
     3.000     2.000     2.000     2.000     4.000     0.004
     4.000     4.000     0.000     3.000     3.000     0.708
     3.000     3.000     2.000     3.000     3.000     0.293
     3.000     3.000     4.000     3.000     3.000     0.436
     1.000     3.000     1.000     2.000     3.000    -0.292
     3.000     3.000     1.000     3.000     3.000     0.234
     3.000     3.000     2.000     4.000     2.000     0.354
     2.000     1.000     1.000     1.000     3.000    -0.724
     3.000     3.000     1.000     3.000     4.000     0.423
     3.000     4.000     1.000     4.000     2.000     0.585
     3.000     3.000     3.000     3.000     3.000     0.358
     3.000     4.000     2.000     3.000     2.000     0.418
     2.000     4.000     3.000     4.000     4.000     0.867
     3.000     3.000     2.000     2.000     3.000     0.095
     1.000     3.000     2.000     3.000     3.000    -0.052
     3.000     3.000     3.000     4.000     3.000     0.588
     2.000     3.000     1.000     2.000     3.000    -0.143
     4.000     4.000     2.000     1.000     4.000     0.636
     3.000     4.000     1.000     3.000     3.000     0.529
     3.000     3.000     2.000     3.000     3.000     0.293
     1.000     3.000     3.000     3.000     3.000     0.011
     2.000     3.000     3.000     2.000     3.000    -0.026
     1.000     3.000     2.000     3.000     4.000     0.129
     2.000     4.000     2.000     4.000     3.000     0.608
     2.000     3.000     1.000     3.000     3.000     0.044
     1.000     2.000     2.000     1.000     2.000    -0.770
     0.000     2.000     1.000     3.000     2.000    -0.659
     2.000     2.000     2.000     2.000     3.000    -0.334
     3.000     3.000     3.000     3.000     4.000     0.549
     3.000     3.000     2.000     1.000     1.000    -0.362
     1.000     1.000     2.000     1.000     2.000    -0.945
     2.000     3.000     2.000     3.000     4.000     0.283
     2.000     3.000     0.000     0.000     2.000    -0.701
     1.000     2.000     2.000     2.000     3.000    -0.475
     2.000     3.000     1.000     3.000     4.000     0.226
     2.000     2.000     3.000     3.000     2.000    -0.248
     3.000     3.000     1.000     3.000     2.000     0.070
     3.000     3.000     2.000     3.000     3.000     0.293
     3.000     3.000     2.000     3.000     3.000     0.293
     3.000     4.000     0.000     2.000     1.000    -0.022
     4.000     3.000     1.000     3.000     4.000     0.669
     2.000     3.000     3.000     3.000     3.000     0.164
     3.000     2.000     1.000     3.000     3.000    -0.043
     0.000     2.000     0.000     2.000     3.000    -0.753
     1.000     3.000     0.000     2.000     3.000    -0.357
     2.000     3.000     3.000     2.000     3.000    -0.026
     3.000     2.000     2.000     3.000     2.000    -0.139
     0.000     2.000     0.000     1.000     1.000    -1.183
     3.000     3.000     2.000     2.000     2.000    -0.064
     2.000     3.000     3.000     2.000     3.000    -0.026
     2.000     3.000     3.000     4.000     3.000     0.387
     1.000     2.000     1.000     3.000     3.000    -0.357
     1.000     3.000     2.000     3.000     3.000    -0.052
     2.000     4.000     0.000     3.000     3.000     0.268
     1.000     2.000     1.000     1.000     1.000    -0.943
     3.000     3.000     2.000     2.000     3.000     0.095
     3.000     3.000     3.000     3.000     3.000     0.358
     4.000     2.000     2.000     3.000     3.000     0.248
     1.000     3.000     2.000     3.000     2.000    -0.207
     2.000     2.000     2.000     2.000     4.000    -0.165
     4.000     4.000     3.000     4.000     4.000     1.395
     4.000     4.000     2.000     3.000     4.000     1.041
     1.000     2.000     1.000     1.000     1.000    -0.943
     1.000     3.000     4.000     3.000     2.000    -0.072
     1.000     1.000     3.000     2.000     3.000    -0.599
     4.000     4.000     2.000     4.000     4.000     1.313
     1.000     2.000     2.000     2.000     3.000    -0.475
     3.000     4.000     1.000     3.000     1.000     0.228
     3.000     4.000     3.000     4.000     4.000     1.110
     2.000     3.000     2.000     3.000     3.000     0.101
     2.000     2.000     2.000     3.000     1.000    -0.429
     0.000     2.000     1.000     0.000     1.000    -1.299
     3.000     3.000     3.000     3.000     3.000     0.358
     0.000     2.000     0.000     1.000     3.000    -0.917
     3.000     3.000     2.000     3.000     3.000     0.293
     3.000     3.000     0.000     2.000     2.000    -0.185
     3.000     4.000     0.000     4.000     4.000     0.900
     2.000     4.000     3.000     3.000     4.000     0.635
     2.000     3.000     1.000     2.000     1.000    -0.421
     1.000     2.000     1.000     3.000     2.000    -0.499
     2.000     3.000     3.000     3.000     3.000     0.164
     3.000     2.000     0.000     3.000     3.000    -0.106
     3.000     2.000     1.000     2.000     3.000    -0.221
     3.000     4.000     3.000     3.000     3.000     0.654
     2.000     3.000     3.000     3.000     3.000     0.164
     3.000     3.000     3.000     0.000     0.000    -0.621
     4.000     4.000     3.000     3.000     2.000     0.722
     3.000     3.000     3.000     2.000     3.000     0.159
     1.000     1.000     1.000     1.000     0.000    -1.249
     2.000     2.000     1.000     2.000     3.000    -0.386
     2.000     3.000     1.000     3.000     3.000     0.044
     1.000     3.000     3.000     3.000     3.000     0.011
     3.000     3.000     3.000     3.000     3.000     0.358
     1.000     1.000     3.000     1.000     3.000    -0.755
     3.000     4.000     2.000     2.000     4.000     0.569
     3.000     3.000     2.000     3.000     4.000     0.483
     3.000     3.000     2.000     3.000     3.000     0.293
     3.000     4.000     0.000     0.000     4.000     0.091
     3.000     3.000     1.000     3.000     2.000     0.070
     1.000     3.000     2.000     3.000     1.000    -0.336
     3.000     3.000     4.000     3.000     4.000     0.628
     3.000     0.000     0.000     2.000     1.000    -0.903
     2.000     3.000     1.000     2.000     2.000    -0.293
     3.000     4.000     0.000     1.000     4.000     0.275
     3.000     3.000     2.000     2.000     3.000     0.095
     2.000     2.000     0.000     3.000     3.000    -0.277
     2.000     3.000     2.000     1.000     3.000    -0.253
     3.000     3.000     2.000     3.000     2.000     0.127
     3.000     3.000     2.000     3.000     3.000     0.293
     0.000     2.000     2.000     3.000     2.000    -0.605
     3.000     4.000     3.000     3.000     4.000     0.854
     3.000     2.000     1.000     3.000     3.000    -0.043
     3.000     2.000     3.000     4.000     3.000     0.290
     2.000     2.000     2.000     2.000     3.000    -0.334
     0.000     4.000     0.000     3.000     3.000    -0.039
     2.000     4.000     1.000     3.000     3.000     0.331
     2.000     3.000     1.000     3.000     3.000     0.044
     0.000     3.000     3.000     2.000     4.000    -0.158
     2.000     2.000     3.000     4.000     4.000     0.281
     2.000     2.000     1.000     2.000     4.000    -0.218
     2.000     3.000     1.000     2.000     3.000    -0.143
     3.000     3.000     1.000     3.000     3.000     0.234
     2.000     3.000     2.000     1.000     3.000    -0.253
     2.000     3.000     1.000     2.000     2.000    -0.293
     3.000     4.000     1.000     4.000     3.000     0.762
     2.000     2.000     2.000     3.000     3.000    -0.161
     4.000     4.000     4.000     4.000     4.000     1.499
     3.000     4.000     4.000     3.000     4.000     0.939
     1.000     3.000     2.000     2.000     4.000    -0.059
     3.000     3.000     3.000     3.000     2.000     0.191
     1.000     4.000     2.000     3.000     4.000     0.416
     2.000     4.000     0.000     2.000     3.000     0.081
     3.000     4.000     2.000     3.000     4.000     0.785
     2.000     3.000     3.000     1.000     4.000    -0.015
     3.000     2.000     1.000     2.000     4.000    -0.050
     2.000     2.000     2.000     2.000     2.000    -0.474
     1.000     3.000     3.000     2.000     3.000    -0.175
     4.000     2.000     1.000     2.000     3.000     0.015
     3.000     3.000     2.000     1.000     3.000    -0.076
     2.000     3.000     3.000     2.000     3.000    -0.026
     1.000     2.000     2.000     1.000     2.000    -0.770
     3.000     3.000     4.000     4.000     3.000     0.666
     1.000     1.000     1.000     0.000     2.000    -1.170
     3.000     3.000     2.000     2.000     3.000     0.095
     1.000     3.000     2.000     1.000     1.000    -0.674
     2.000     3.000     1.000     3.000     2.000    -0.113
     3.000     3.000     1.000     3.000     3.000     0.234
     3.000     2.000     2.000     3.000     1.000    -0.265
     4.000     4.000     3.000     4.000     3.000     1.149
     3.000     3.000     2.000     1.000     2.000    -0.231
     2.000     3.000     2.000     0.000     2.000    -0.580
     3.000     4.000     4.000     3.000     3.000     0.734
     1.000     3.000     2.000     2.000     3.000    -0.236
     3.000     3.000     2.000     2.000     4.000     0.279
     2.000     4.000     2.000     3.000     2.000     0.228
     3.000     4.000     2.000     4.000     4.000     1.035
     1.000     1.000     1.000     2.000     1.000    -0.961
     3.000     4.000     0.000     2.000     4.000     0.447
     2.000     3.000     3.000     4.000     4.000     0.570
     2.000     3.000     2.000     2.000     3.000    -0.087
     1.000     4.000     1.000     2.000     4.000     0.170
     2.000     2.000     3.000     1.000     3.000    -0.433
     2.000     3.000     2.000     3.000     3.000     0.101
     1.000     2.000     0.000     3.000     2.000    -0.563
     3.000     3.000     2.000     2.000     2.000    -0.064
     0.000     2.000     3.000     1.000     2.000    -0.876
     3.000     4.000     2.000     3.000     4.000     0.785
     1.000     2.000     3.000     2.000     2.000    -0.557
     4.000     4.000     2.000     4.000     4.000     1.313
     2.000     3.000     2.000     3.000     4.000     0.283
     2.000     3.000     2.000     2.000     2.000    -0.239
     1.000     2.000     1.000     3.000     1.000    -0.622
     1.000     3.000     3.000     2.000     4.000     0.002
     3.000     3.000     2.000     3.000     4.000     0.483
     3.000     4.000     4.000     3.000     3.000     0.734
     2.000     0.000     1.000     0.000     0.000    -1.474
     3.000     3.000     2.000     3.000     3.000     0.293
     0.000     2.000     2.000     1.000     2.000    -0.935
     1.000     3.000     3.000     1.000     3.000    -0.341
     2.000     3.000     1.000     1.000     4.000    -0.131
     3.000     3.000     2.000     3.000     3.000     0.293
     2.000     2.000     1.000     2.000     2.000    -0.526
     0.000     1.000     0.000     0.000     1.000    -1.555
     1.000     3.000     2.000     2.000     4.000    -0.059
     3.000     2.000     2.000     4.000     1.000    -0.049
     3.000     3.000     2.000     3.000     4.000     0.483
     2.000     2.000     2.000     2.000     2.000    -0.474
     2.000     2.000     2.000     3.000     3.000    -0.161
     2.000     2.000     0.000     2.000     2.000    -0.589
     2.000     3.000     2.000     2.000     2.000    -0.239
     3.000     4.000     4.000     4.000     3.000     0.976
     3.000     3.000     3.000     2.000     3.000     0.159
     4.000     3.000     3.000     3.000     4.000     0.793
     2.000     3.000     2.000     3.000     3.000     0.101
     2.000     4.000     1.000     3.000     3.000     0.331
     2.000     3.000     2.000     2.000     3.000    -0.087
     3.000     4.000     3.000     4.000     1.000     0.571
     3.000     4.000     4.000     2.000     3.000     0.523
     3.000     4.000     0.000     4.000     4.000     0.900
     3.000     3.000     1.000     3.000     3.000     0.234
     2.000     3.000     3.000     2.000     2.000    -0.178
     1.000     3.000     1.000     1.000     3.000    -0.457
     1.000     3.000     3.000     2.000     3.000    -0.175
     3.000     3.000     2.000     3.000     2.000     0.127
     0.000     3.000     0.000     3.000     3.000    -0.340
     1.000     3.000     2.000     2.000     3.000    -0.236
     2.000     3.000     1.000     3.000     3.000     0.044
     1.000     2.000     0.000     1.000     3.000    -0.750
     4.000     4.000     4.000     4.000     4.000     1.499
     2.000     3.000     1.000     2.000     1.000    -0.421
     3.000     2.000     3.000     2.000     3.000    -0.108
     0.000     3.000     0.000     2.000     2.000    -0.670
     3.000     3.000     3.000     2.000     2.000    -0.001
     3.000     4.000     3.000     4.000     4.000     1.110
     0.000     4.000     3.000     1.000     2.000    -0.349
     3.000     3.000     3.000     3.000     3.000     0.358
     3.000     4.000     2.000     2.000     3.000     0.384
     3.000     4.000     4.000     4.000     4.000     1.202
     0.000     1.000     0.000     1.000     0.000    -1.505
     1.000     3.000     3.000     3.000     3.000     0.011
     3.000     4.000     2.000     2.000     3.000     0.384
     3.000     3.000     3.000     3.000     3.000     0.358
     4.000     3.000     2.000     3.000     3.000     0.539
     0.000     3.000     1.000     3.000     2.000    -0.425
     3.000     1.000     2.000     1.000     1.000    -0.775
     2.000     3.000     1.000     2.000     2.000    -0.293
     2.000     3.000     3.000     2.000     3.000    -0.026
     3.000     3.000     3.000     2.000     3.000     0.159
     3.000     3.000     3.000     2.000     3.000     0.159
     2.000     2.000     2.000     3.000     2.000    -0.306
     3.000     3.000     3.000     3.000     3.000     0.358
     2.000     2.000     1.000     3.000     3.000    -0.214
     2.000     3.000     2.000     1.000     2.000    -0.402
     1.000     0.000     0.000     3.000     4.000    -0.600
     2.000     2.000     1.000     2.000     3.000    -0.386
     2.000     2.000     1.000     1.000     3.000    -0.544
     3.000     4.000     0.000     3.000     3.000     0.464
     3.000     4.000     2.000     1.000     2.000     0.060
     0.000     1.000     0.000     3.000     1.000    -1.031
     3.000     3.000     2.000     3.000     3.000     0.293
     2.000     1.000     3.000     3.000     3.000    -0.291
     2.000     4.000     4.000     4.000     2.000     0.579
     2.000     3.000     2.000     3.000     2.000    -0.057
     3.000     3.000     3.000     3.000     2.000     0.191
     3.000     3.000     1.000     2.000     3.000     0.038
     1.000     3.000     0.000     0.000     1.000    -0.974
     3.000     3.000     2.000     3.000     3.000     0.293
     2.000     3.000     1.000     2.000     3.000    -0.143
     3.000     3.000     3.000     3.000     3.000     0.358
     2.000     4.000     1.000     3.000     3.000     0.331
     2.000     3.000     1.000     3.000     3.000     0.044
     3.000     3.000     2.000     2.000     3.000     0.095
     3.000     2.000     1.000     2.000     2.000    -0.366
     2.000     3.000     2.000     3.000     2.000    -0.057
     2.000     3.000     1.000     3.000     3.000     0.044
     2.000     3.000     3.000     2.000     4.000     0.152
     3.000     3.000     3.000     2.000     4.000     0.343
     3.000     3.000     1.000     4.000     4.000     0.655
     3.000     3.000     1.000     4.000     4.000     0.655
     3.000     4.000     0.000     4.000     4.000     0.900
     1.000     2.000     3.000     2.000     2.000    -0.557
     2.000     3.000     2.000     3.000     3.000     0.101
     2.000     1.000     1.000     2.000     2.000    -0.704
     2.000     3.000     0.000     3.000     2.000    -0.178
     3.000     3.000     1.000     3.000     4.000     0.423
     2.000     4.000     3.000     3.000     2.000     0.289
     3.000     4.000     4.000     3.000     4.000     0.939
     3.000     3.000     3.000     3.000     3.000     0.358
     0.000     3.000     1.000     1.000     2.000    -0.768
     1.000     2.000     0.000     3.000     2.000    -0.563
     2.000     2.000     0.000     1.000     2.000    -0.746
     1.000     3.000     3.000     2.000     3.000    -0.175
     1.000     2.000     2.000     1.000     1.000    -0.892
     0.000     0.000     0.000     0.000     2.000    -1.633
     1.000     3.000     2.000     4.000     3.000     0.172
     2.000     3.000     2.000     2.000     3.000    -0.087
     1.000     3.000     3.000     1.000     2.000    -0.488
     2.000     3.000     1.000     2.000     3.000    -0.143
     2.000     3.000     1.000     2.000     2.000    -0.293
     0.000     2.000     2.000     2.000     2.000    -0.774
     3.000     3.000     3.000     3.000     3.000     0.358
     2.000     2.000     2.000     2.000     2.000    -0.474
     0.000     3.000     1.000     1.000     1.000    -0.896
     4.000     4.000     4.000     4.000     4.000     1.499
     1.000     2.000     1.000     2.000     2.000    -0.666
     3.000     4.000     0.000     3.000     4.000     0.657
     2.000     3.000     1.000     3.000     3.000     0.044
     3.000     4.000     2.000     3.000     3.000     0.588
     1.000     2.000     2.000     2.000     3.000    -0.475
     3.000     3.000     1.000     3.000     3.000     0.234
     3.000     2.000     0.000     2.000     3.000    -0.285
     1.000     2.000     1.000     1.000     2.000    -0.822
     3.000     3.000     3.000     3.000     3.000     0.358
