     3.000     3.000     2.000     1.000     2.000    -0.595
     4.000     4.000     4.000     2.000     3.000     0.715
     4.000     4.000     4.000     3.000     3.000     0.845
     1.000     1.000     3.000     1.000     1.000    -1.858
     4.000     4.000     4.000     1.000     2.000     0.540
     4.000     4.000     2.000     2.000     3.000     0.362
     3.000     3.000     3.000     2.000     2.000    -0.433
     2.000     2.000     3.000     2.000     2.000    -1.181
     2.000     1.000     3.000     3.000     3.000    -1.251
     2.000     1.000     2.000     1.000     2.000    -1.454
     3.000     4.000     2.000     3.000     1.000    -0.242
     4.000     4.000     4.000     3.000     3.000     0.845
     4.000     4.000     3.000     4.000     3.000     0.679
     2.000     1.000     2.000     2.000     2.000    -1.418
     3.000     2.000     3.000     2.000     1.000    -0.710
     3.000     4.000     4.000     4.000     3.000     0.078
     1.000     0.000     3.000     3.000     1.000    -1.939
     4.000     4.000     4.000     4.000     2.000     0.872
     4.000     4.000     4.000     3.000     3.000     0.845
     4.000     4.000     3.000     3.000     4.000     0.690
     2.000     2.000     0.000     2.000     3.000    -1.342
     3.000     3.000     3.000     2.000     1.000    -0.479
     4.000     4.000     4.000     4.000     2.000     0.872
     1.000     1.000     2.000     2.000     3.000    -1.840
     3.000     3.000     3.000     2.000     3.000    -0.377
     3.000     4.000     3.000     3.000     2.000    -0.104
     2.000     3.000     3.000     3.000     3.000    -0.959
     2.000     3.000     2.000     2.000     4.000    -1.020
     4.000     2.000     1.000     3.000     3.000    -0.067
     3.000     3.000     3.000     3.000     3.000    -0.323
     4.000     4.000     3.000     3.000     3.000     0.568
     4.000     4.000     2.000     1.000     3.000     0.321
     3.000     3.000     3.000     2.000     3.000    -0.377
     4.000     4.000     3.000     1.000     3.000     0.441
     4.000     4.000     4.000     4.000     4.000     1.324
     2.000     1.000     1.000     1.000     2.000    -1.516
     4.000     4.000     3.000     4.000     3.000     0.679
     3.000     3.000     2.000     2.000     3.000    -0.497
     4.000     4.000     4.000     1.000     3.000     0.627
     2.000     0.000     3.000     4.000     3.000    -1.393
     4.000     4.000     4.000     4.000     3.000     1.050
     3.000     3.000     3.000     2.000     3.000    -0.377
     2.000     3.000     1.000     1.000     4.000    -1.104
     0.000     0.000     3.000     1.000     1.000    -2.366
     0.000     0.000     0.000     4.000     0.000    -2.501
     4.000     3.000     3.000     3.000     4.000     0.287
     4.000     4.000     3.000     2.000     2.000     0.430
     3.000     1.000     3.000     3.000     3.000    -0.745
     4.000     3.000     3.000     2.000     2.000     0.160
     4.000     4.000     4.000     3.000     3.000     0.845
     1.000     1.000     3.000     3.000     3.000    -1.761
     3.000     2.000     3.000     2.000     2.000    -0.675
     3.000     3.000     3.000     2.000     2.000    -0.433
     3.000     4.000     3.000     3.000     2.000    -0.104
     1.000     1.000     2.000     2.000     2.000    -1.866
     4.000     3.000     2.000     3.000     3.000     0.152
     3.000     4.000     4.000     2.000     4.000     0.045
     3.000     3.000     2.000     3.000     4.000    -0.372
     4.000     4.000     3.000     3.000     3.000     0.568
     4.000     4.000     4.000     3.000     2.000     0.710
     3.000     3.000     2.000     0.000     3.000    -0.591
     2.000     3.000     3.000     2.000     2.000    -1.026
     3.000     3.000     3.000     2.000     2.000    -0.433
     3.000     1.000     3.000     0.000     3.000    -0.851
     3.000     4.000     2.000     1.000     1.000    -0.338
     4.000     4.000     4.000     3.000     4.000     1.071
     2.000     3.000     3.000     3.000     2.000    -0.993
     4.000     4.000     4.000     2.000     3.000     0.715
     3.000     3.000     3.000     3.000     2.000    -0.378
     4.000     4.000     3.000     0.000     2.000     0.337
     2.000     2.000     2.000     2.000     2.000    -1.261
     4.000     4.000     4.000     3.000     3.000     0.845
     3.000     4.000     4.000     4.000     4.000     0.123
     4.000     4.000     0.000     3.000     4.000     0.332
     2.000     2.000     2.000     2.000     1.000    -1.294
     4.000     4.000     4.000     2.000     3.000     0.715
     3.000     3.000     3.000     2.000     2.000    -0.433
     4.000     4.000     3.000     1.000     2.000     0.383
     3.000     3.000     4.000     4.000     4.000    -0.091
     3.000     4.000     1.000     2.000     4.000    -0.216
     4.000     4.000     4.000     3.000     3.000     0.845
     4.000     4.000     4.000     4.000     4.000     1.324
     4.000     4.000     4.000     3.000     4.000     1.071
     4.000     4.000     3.000     2.000     4.000     0.594
     4.000     4.000     3.000     3.000     2.000     0.492
     2.000     1.000     3.000     3.000     3.000    -1.251
     4.000     4.000     4.000     4.000     4.000     1.324
     3.000     3.000     2.000     0.000     3.000    -0.591
     4.000     3.000     4.000     3.000     2.000     0.294
     4.000     4.000     2.000     3.000     1.000     0.321
     3.000     3.000     3.000     3.000     3.000    -0.323
     4.000     4.000     3.000     4.000     4.000     0.843
     4.000     4.000     4.000     3.000     3.000     0.845
     3.000     3.000     3.000     3.000     3.000    -0.323
     0.000     2.000     0.000     0.000     0.000    -2.280
     3.000     3.000     3.000     3.000     3.000    -0.323
     3.000     4.000     3.000     3.000     4.000    -0.011
     3.000     3.000     4.000     3.000     3.000    -0.198
     2.000     2.000     2.000     2.000     2.000    -1.261
     4.000     3.000     1.000     1.000     2.000     0.005
     4.000     4.000     3.000     3.000     3.000     0.568
     3.000     3.000     2.000     1.000     3.000    -0.543
     4.000     4.000     3.000     4.000     4.000     0.843
     4.000     4.000     3.000     3.000     4.000     0.690
     3.000     3.000     3.000     2.000     3.000    -0.377
     3.000     3.000     4.000     4.000     4.000    -0.091
     3.000     4.000     4.000     3.000     1.000    -0.035
     2.000     1.000     2.000     2.000     4.000    -1.323
     3.000     4.000     3.000     3.000     2.000    -0.104
     3.000     3.000     3.000     4.000     4.000    -0.199
     4.000     4.000     4.000     4.000     3.000     1.050
     4.000     4.000     4.000     3.000     3.000     0.845
     3.000     3.000     3.000     3.000     4.000    -0.257
     3.000     3.000     4.000     3.000     4.000    -0.141
     3.000     3.000     3.000     3.000     2.000    -0.378
     4.000     4.000     4.000     4.000     4.000     1.324
     2.000     3.000     2.000     2.000     2.000    -1.099
     4.000     4.000     4.000     4.000     4.000     1.324
     3.000     4.000     3.000     3.000     3.000    -0.061
     3.000     3.000     3.000     2.000     3.000    -0.377
     3.000     3.000     4.000     1.000     1.000    -0.387
     3.000     3.000     3.000     2.000     3.000    -0.377
     3.000     3.000     4.000     3.000     4.000    -0.141
     2.000     2.000     1.000     4.000     1.000    -1.269
     3.000     2.000     4.000     3.000     1.000    -0.549
     3.000     4.000     3.000     3.000     4.000    -0.011
     4.000     4.000     2.000     2.000     2.000     0.312
     4.000     3.000     3.000     2.000     4.000     0.247
     4.000     4.000     2.000     4.000     4.000     0.584
     3.000     3.000     3.000     2.000     3.000    -0.377
     3.000     3.000     3.000     2.000     2.000    -0.433
     4.000     4.000     3.000     4.000     4.000     0.843
     4.000     3.000     4.000     3.000     3.000     0.339
     4.000     4.000     3.000     4.000     3.000     0.679
     4.000     4.000     4.000     3.000     2.000     0.710
     3.000     4.000     3.000     1.000     1.000    -0.224
     4.000     4.000     4.000     4.000     3.000     1.050
     4.000     4.000     4.000     2.000     4.000     0.896
     4.000     4.000     2.000     3.000     0.000     0.281
     4.000     4.000     3.000     3.000     4.000     0.690
     3.000     4.000     3.000     2.000     1.000    -0.184
     3.000     3.000     3.000     1.000     3.000    -0.424
     3.000     3.000     3.000     2.000     3.000    -0.377
     4.000     4.000     3.000     3.000     4.000     0.690
     3.000     3.000     3.000     3.000     3.000    -0.323
     3.000     3.000     4.000     4.000     3.000    -0.145
     3.000     3.000     2.000     2.000     2.000    -0.551
     2.000     2.000     3.000     1.000     3.000    -1.176
     2.000     2.000     3.000     1.000     2.000    -1.214
     3.000     3.000     4.000     3.000     3.000    -0.198
     4.000     4.000     3.000     3.000     3.000     0.568
     4.000     4.000     4.000     2.000     3.000     0.715
     3.000     3.000     3.000     3.000     2.000    -0.378
     4.000     2.000     4.000     3.000     3.000     0.129
     4.000     4.000     4.000     4.000     3.000     1.050
     3.000     2.000     3.000     3.000     4.000    -0.519
     2.000     2.000     1.000     1.000     2.000    -1.358
     4.000     3.000     4.000     4.000     3.000     0.395
     3.000     3.000     3.000     3.000     3.000    -0.323
     3.000     3.000     3.000     3.000     1.000    -0.424
     4.000     4.000     4.000     2.000     3.000     0.715
     4.000     4.000     3.000     2.000     3.000     0.495
     4.000     4.000     4.000     3.000     0.000     0.553
     4.000     4.000     4.000     3.000     3.000     0.845
     3.000     2.000     3.000     3.000     3.000    -0.583
     4.000     4.000     3.000     0.000     3.000     0.390
     4.000     4.000     2.000     3.000     3.000     0.415
     4.000     4.000     4.000     2.000     4.000     0.896
     4.000     4.000     4.000     3.000     4.000     1.071
     2.000     2.000     3.000     3.000     3.000    -1.108
     4.000     4.000     4.000     4.000     4.000     1.324
     4.000     3.000     3.000     3.000     2.000     0.196
     4.000     4.000     3.000     1.000     3.000     0.441
     3.000     4.000     3.000     2.000     1.000    -0.184
     3.000     2.000     3.000     3.000     3.000    -0.583
     4.000     3.000     4.000     1.000     3.000     0.261
     4.000     4.000     3.000     2.000     3.000     0.495
     4.000     4.000     3.000     3.000     2.000     0.492
     3.000     2.000     3.000     3.000     3.000    -0.583
     1.000     1.000     4.000     4.000     4.000    -1.629
     3.000     4.000     4.000     4.000     3.000     0.078
     4.000     4.000     4.000     3.000     4.000     1.071
     4.000     0.000     3.000     3.000     3.000    -0.188
     3.000     4.000     3.000     3.000     3.000    -0.061
     4.000     4.000     3.000     3.000     2.000     0.492
     3.000     1.000     3.000     3.000     4.000    -0.692
     4.000     4.000     3.000     2.000     3.000     0.495
     4.000     4.000     3.000     3.000     3.000     0.568
     4.000     4.000     4.000     3.000     4.000     1.071
     4.000     2.000     3.000     0.000     1.000    -0.089
     3.000     3.000     3.000     3.000     4.000    -0.257
     4.000     4.000     3.000     3.000     2.000     0.492
     3.000     3.000     3.000     3.000     3.000    -0.323
     2.000     2.000     0.000     3.000     3.000    -1.302
     3.000     3.000     3.000     4.000     3.000    -0.261
     4.000     3.000     3.000     1.000     2.000     0.131
     3.000     3.000     3.000     2.000     3.000    -0.377
     3.000     4.000     3.000     1.000     1.000    -0.224
     4.000     4.000     3.000     3.000     3.000     0.568
     3.000     2.000     3.000     4.000     3.000    -0.523
     4.000     3.000     2.000     0.000     4.000     0.102
     4.000     4.000     2.000     4.000     4.000     0.584
     2.000     2.000     3.000     3.000     2.000    -1.145
     4.000     3.000     2.000     3.000     4.000     0.199
     4.000     3.000     4.000     4.000     4.000     0.462
     4.000     4.000     3.000     1.000     3.000     0.441
     4.000     4.000     3.000     2.000     3.000     0.495
     3.000     4.000     3.000     3.000     2.000    -0.104
     4.000     4.000     4.000     4.000     2.000     0.872
     2.000     3.000     3.000     3.000     3.000    -0.959
     3.000     4.000     4.000     1.000     1.000    -0.111
     3.000     3.000     3.000     3.000     3.000    -0.323
     3.000     3.000     4.000     3.000     2.000    -0.247
     4.000     4.000     4.000     4.000     4.000     1.324
     4.000     4.000     4.000     3.000     4.000     1.071
     3.000     3.000     3.000     1.000     3.000    -0.424
     3.000     4.000     3.000     3.000     3.000    -0.061
     1.000     2.000     3.000     2.000     2.000    -1.710
     2.000     0.000     3.000     3.000     2.000    -1.485
     3.000     4.000     2.000     2.000     2.000    -0.251
     4.000     4.000     4.000     3.000     2.000     0.710
     4.000     4.000     4.000     4.000     0.000     0.661
     4.000     4.000     3.000     3.000     3.000     0.568
     3.000     3.000     3.000     2.000     3.000    -0.377
     4.000     4.000     4.000     4.000     4.000     1.324
     2.000     2.000     3.000     1.000     2.000    -1.214
     4.000     4.000     4.000     2.000     4.000     0.896
     3.000     4.000     3.000     1.000     2.000    -0.186
     3.000     2.000     3.000     3.000     3.000    -0.583
     4.000     4.000     3.000     3.000     4.000     0.690
     3.000     3.000     3.000     4.000     3.000    -0.261
     4.000     4.000     4.000     4.000     2.000     0.872
     2.000     3.000     2.000     2.000     3.000    -1.063
     3.000     4.000     3.000     3.000     2.000    -0.104
     3.000     3.000     3.000     2.000     3.000    -0.377
     4.000     4.000     3.000     3.000     3.000     0.568
     2.000     3.000     1.000     2.000     3.000    -1.119
     3.000     4.000     4.000     2.000     3.000    -0.002
     4.000     4.000     3.000     3.000     3.000     0.568
     3.000     3.000     3.000     3.000     1.000    -0.424
     3.000     3.000     3.000     3.000     2.000    -0.378
     3.000     3.000     3.000     3.000     4.000    -0.257
     4.000     4.000     4.000     4.000     4.000     1.324
     2.000     2.000     3.000     2.000     3.000    -1.144
     4.000     4.000     4.000     2.000     0.000     0.482
     3.000     3.000     3.000     3.000     1.000    -0.424
     2.000     2.000     2.000     2.000     2.000    -1.261
     3.000     3.000     3.000     3.000     3.000    -0.323
     3.000     2.000     2.000     2.000     2.000    -0.763
     3.000     3.000     4.000     2.000     3.000    -0.246
     3.000     3.000     3.000     3.000     3.000    -0.323
     2.000     0.000     3.000     4.000     1.000    -1.470
     4.000     4.000     3.000     2.000     3.000     0.495
     4.000     4.000     3.000     3.000     4.000     0.690
     4.000     4.000     4.000     3.000     3.000     0.845
     2.000     3.000     3.000     2.000     4.000    -0.950
     4.000     4.000     3.000     2.000     2.000     0.430
     4.000     4.000     3.000     3.000     3.000     0.568
     4.000     4.000     3.000     3.000     3.000     0.568
     4.000     4.000     3.000     4.000     4.000     0.843
     3.000     2.000     3.000     3.000     3.000    -0.583
     3.000     3.000     2.000     2.000     3.000    -0.497
     4.000     3.000     4.000     4.000     4.000     0.462
     4.000     4.000     4.000     3.000     3.000     0.845
     4.000     4.000     2.000     2.000     2.000     0.312
     2.000     3.000     1.000     1.000     3.000    -1.151
     4.000     4.000     4.000     2.000     3.000     0.715
     4.000     4.000     4.000     4.000     4.000     1.324
     4.000     4.000     3.000     4.000     2.000     0.582
     3.000     4.000     2.000     1.000     2.000    -0.294
     3.000     3.000     4.000     3.000     3.000    -0.198
     2.000     1.000     2.000     2.000     2.000    -1.418
     4.000     4.000     4.000     4.000     2.000     0.872
     4.000     4.000     4.000     4.000     3.000     1.050
     3.000     3.000     4.000     3.000     1.000    -0.288
     3.000     3.000     2.000     2.000     3.000    -0.497
     4.000     4.000     4.000     2.000     4.000     0.896
     4.000     4.000     3.000     2.000     4.000     0.594
     4.000     3.000     2.000     2.000     1.000     0.057
     4.000     4.000     4.000     4.000     3.000     1.050
     2.000     2.000     2.000     2.000     3.000    -1.222
     2.000     4.000     3.000     3.000     4.000    -0.748
     4.000     4.000     4.000     1.000     2.000     0.540
     1.000     1.000     1.000     2.000     4.000    -1.846
     4.000     4.000     4.000     3.000     3.000     0.845
     3.000     4.000     2.000     4.000     4.000    -0.051
     3.000     3.000     4.000     4.000     2.000    -0.190
     4.000     4.000     2.000     2.000     4.000     0.432
     3.000     2.000     3.000     3.000     3.000    -0.583
     3.000     3.000     2.000     2.000     2.000    -0.551
     4.000     4.000     2.000     2.000     1.000     0.276
     4.000     4.000     4.000     3.000     4.000     1.071
     4.000     1.000     3.000     4.000     3.000    -0.023
     3.000     3.000     3.000     3.000     0.000    -0.475
     3.000     4.000     3.000     3.000     0.000    -0.179
     4.000     4.000     4.000     3.000     4.000     1.071
     3.000     3.000     3.000     3.000     2.000    -0.378
     2.000     1.000     3.000     3.000     1.000    -1.325
     4.000     4.000     3.000     3.000     3.000     0.568
     3.000     3.000     2.000     3.000     3.000    -0.443
     3.000     3.000     3.000     2.000     3.000    -0.377
     3.000     3.000     3.000     1.000     3.000    -0.424
     0.000     1.000     3.000     3.000     0.000    -2.159
     4.000     3.000     1.000     1.000     3.000     0.037
     3.000     3.000     2.000     2.000     2.000    -0.551
     4.000     4.000     3.000     3.000     3.000     0.568
     4.000     4.000     1.000     3.000     2.000     0.285
     4.000     4.000     4.000     3.000     1.000     0.627
     4.000     3.000     3.000     4.000     3.000     0.283
     3.000     4.000     3.000     3.000     1.000    -0.139
     4.000     4.000     3.000     3.000     4.000     0.690
     4.000     4.000     2.000     4.000     4.000     0.584
     4.000     4.000     2.000     2.000     2.000     0.312
     3.000     2.000     3.000     4.000     2.000    -0.575
     3.000     3.000     3.000     4.000     4.000    -0.199
     4.000     4.000     3.000     4.000     3.000     0.679
     3.000     2.000     3.000     2.000     3.000    -0.630
     4.000     4.000     4.000     4.000     2.000     0.872
     3.000     1.000     3.000     2.000     1.000    -0.852
     2.000     3.000     2.000     2.000     2.000    -1.099
     2.000     2.000     1.000     1.000     2.000    -1.358
     4.000     4.000     4.000     3.000     3.000     0.845
     3.000     3.000     3.000     2.000     3.000    -0.377
     4.000     4.000     2.000     1.000     3.000     0.321
     3.000     3.000     3.000     3.000     3.000    -0.323
     4.000     4.000     4.000     3.000     2.000     0.710
     3.000     3.000     3.000     3.000     3.000    -0.323
     0.000     0.000     0.000     0.000     2.000    -2.622
     2.000     1.000     3.000     1.000     2.000    -1.368
     2.000     1.000     3.000     3.000     0.000    -1.366
     4.000     4.000     2.000     3.000     4.000     0.494
     4.000     3.000     3.000     4.000     4.000     0.339
     4.000     4.000     2.000     0.000     3.000     0.280
     3.000     3.000     2.000     3.000     1.000    -0.543
     4.000     4.000     3.000     4.000     3.000     0.679
     3.000     4.000     1.000     1.000     0.000    -0.475
     4.000     4.000     4.000     3.000     4.000     1.071
     2.000     2.000     2.000     2.000     1.000    -1.294
     4.000     4.000     3.000     3.000     2.000     0.492
     2.000     2.000     3.000     3.000     0.000    -1.211
     3.000     4.000     3.000     3.000     4.000    -0.011
     3.000     3.000     2.000     3.000     4.000    -0.372
     4.000     4.000     3.000     2.000     1.000     0.385
     4.000     3.000     3.000     2.000     2.000     0.160
     2.000     4.000     2.000     1.000     2.000    -0.935
     4.000     4.000     3.000     2.000     3.000     0.495
     3.000     3.000     3.000     3.000     2.000    -0.378
     4.000     4.000     4.000     1.000     3.000     0.627
     3.000     3.000     3.000     2.000     4.000    -0.307
     4.000     4.000     3.000     2.000     3.000     0.495
     4.000     4.000     3.000     3.000     3.000     0.568
     4.000     4.000     4.000     0.000     1.000     0.427
     4.000     4.000     4.000     0.000     1.000     0.427
     4.000     4.000     4.000     3.000     4.000     1.071
     3.000     3.000     3.000     3.000     3.000    -0.323
     3.000     3.000     3.000     3.000     3.000    -0.323
     4.000     4.000     2.000     2.000     4.000     0.432
     2.000     3.000     2.000     2.000     0.000    -1.165
     4.000     4.000     4.000     2.000     4.000     0.896
     2.000     1.000     3.000     2.000     3.000    -1.290
     4.000     4.000     4.000     1.000     4.000     0.773
     4.000     4.000     3.000     3.000     4.000     0.690
     3.000     3.000     2.000     1.000     3.000    -0.543
     2.000     3.000     3.000     3.000     3.000    -0.959
     4.000     4.000     4.000     2.000     3.000     0.715
     3.000     4.000     3.000     4.000     3.000    -0.014
     2.000     2.000     2.000     1.000     1.000    -1.329
     4.000     4.000     3.000     3.000     4.000     0.690
     3.000     3.000     3.000     3.000     3.000    -0.323
     3.000     3.000     4.000     2.000     3.000    -0.246
     4.000     3.000     3.000     4.000     2.000     0.242
     4.000     4.000     4.000     2.000     3.000     0.715
     3.000     1.000     3.000     2.000     3.000    -0.784
     3.000     4.000     3.000     3.000     3.000    -0.061
     4.000     3.000     3.000     3.000     3.000     0.235
     3.000     3.000     2.000     2.000     2.000    -0.551
     2.000     3.000     2.000     2.000     3.000    -1.063
     4.000     4.000     4.000     4.000     4.000     1.324
     2.000     2.000     2.000     2.000     2.000    -1.261
     4.000     4.000     4.000     4.000     3.000     1.050
     3.000     4.000     2.000     3.000     1.000    -0.242
     4.000     4.000     4.000     1.000     4.000     0.773
     3.000     4.000     3.000     3.000     3.000    -0.061
     4.000     4.000     4.000     1.000     3.000     0.627
     3.000     4.000     4.000     4.000     4.000     0.123
     3.000     3.000     1.000     2.000     2.000    -0.630
     3.000     3.000     3.000     3.000     3.000    -0.323
