     2.000     2.000     1.000     3.000     1.000    -0.774
     2.000     3.000     2.000     3.000     2.000    -0.089
     2.000     3.000     1.000     2.000     1.000    -0.616
     2.000     3.000     1.000     2.000     2.000    -0.392
     2.000     2.000     2.000     3.000     1.000    -0.652
     2.000     2.000     2.000     2.000     1.000    -0.830
     2.000     2.000     1.000     2.000     2.000    -0.727
     2.000     2.000     1.000     2.000     1.000    -0.952
     2.000     2.000     1.000     3.000     2.000    -0.546
     2.000     2.000     1.000     3.000     2.000    -0.546
     3.000     4.000     2.000     4.000     1.000     0.608
     3.000     3.000     2.000     3.000     1.000     0.054
     3.000     3.000     2.000     3.000     2.000     0.313
     3.000     3.000     2.000     3.000     2.000     0.313
     3.000     3.000     2.000     3.000     2.000     0.313
     3.000     3.000     2.000     2.000     3.000     0.388
     2.000     3.000     2.000     3.000     2.000    -0.089
     3.000     3.000     3.000     4.000     2.000     0.655
     2.000     2.000     2.000     2.000     2.000    -0.603
     3.000     3.000     2.000     3.000     2.000     0.313
     3.000     2.000     2.000     3.000     2.000    -0.035
     1.000     2.000     1.000     3.000     2.000    -0.973
     2.000     3.000     1.000     3.000     2.000    -0.213
     2.000     3.000     2.000     3.000     2.000    -0.089
     2.000     2.000     2.000     3.000     2.000    -0.422
     3.000     3.000     3.000     3.000     2.000     0.455
     2.000     1.000     2.000     3.000     2.000    -0.774
     3.000     3.000     1.000     2.000     2.000    -0.009
     3.000     2.000     1.000     1.000     1.000    -0.726
     3.000     3.000     1.000     3.000     2.000     0.181
     2.000     2.000     1.000     4.000     2.000    -0.346
     4.000     3.000     2.000     3.000     2.000     0.730
     3.000     2.000     1.000     3.000     2.000    -0.160
     4.000     4.000     3.000     4.000     2.000     1.432
     4.000     4.000     3.000     4.000     3.000     1.726
     2.000     2.000     1.000     2.000     1.000    -0.952
     3.000     2.000     2.000     3.000     2.000    -0.035
     2.000     2.000     2.000     2.000     1.000    -0.830
     3.000     3.000     2.000     3.000     3.000     0.581
     2.000     2.000     2.000     2.000     0.000    -1.045
     4.000     4.000     3.000     4.000     3.000     1.726
     3.000     3.000     1.000     3.000     1.000    -0.070
     3.000     4.000     3.000     3.000     2.000     0.821
     3.000     3.000     2.000     3.000     1.000     0.054
     3.000     2.000     3.000     3.000     2.000     0.103
     2.000     3.000     1.000     3.000     2.000    -0.213
     3.000     3.000     2.000     3.000     2.000     0.313
     3.000     3.000     2.000     3.000     2.000     0.313
     2.000     1.000     2.000     3.000     2.000    -0.774
     3.000     3.000     2.000     4.000     3.000     0.776
     3.000     3.000     3.000     1.000     2.000     0.074
     3.000     3.000     2.000     4.000     3.000     0.776
     2.000     3.000     2.000     2.000     2.000    -0.270
     3.000     3.000     2.000     4.000     2.000     0.515
     2.000     2.000     3.000     2.000     1.000    -0.691
     2.000     3.000     1.000     3.000     2.000    -0.213
     2.000     2.000     1.000     3.000     2.000    -0.546
     3.000     3.000     2.000     2.000     2.000     0.119
     4.000     4.000     3.000     3.000     3.000     1.489
     2.000     3.000     2.000     2.000     1.000    -0.498
     4.000     3.000     1.000     3.000     1.000     0.347
     2.000     2.000     1.000     2.000     1.000    -0.952
     3.000     3.000     2.000     3.000     2.000     0.313
     4.000     3.000     1.000     4.000     1.000     0.527
     3.000     3.000     2.000     3.000     2.000     0.313
     3.000     3.000     3.000     4.000     2.000     0.655
     3.000     3.000     1.000     2.000     2.000    -0.009
     4.000     4.000     1.000     4.000     3.000     1.405
     3.000     3.000     2.000     3.000     2.000     0.313
     3.000     3.000     1.000     2.000     2.000    -0.009
     3.000     3.000     2.000     3.000     2.000     0.313
     3.000     3.000     1.000     3.000     2.000     0.181
     3.000     3.000     2.000     4.000     2.000     0.515
     1.000     3.000     0.000     3.000     1.000    -0.965
     2.000     2.000     1.000     2.000     1.000    -0.952
     2.000     3.000     1.000     2.000     1.000    -0.616
     3.000     3.000     2.000     3.000     2.000     0.313
     3.000     3.000     1.000     2.000     1.000    -0.247
     4.000     3.000     3.000     3.000     2.000     0.866
     2.000     1.000     2.000     3.000     2.000    -0.774
     3.000     3.000     2.000     4.000     2.000     0.515
     3.000     3.000     3.000     3.000     2.000     0.455
     2.000     2.000     2.000     4.000     2.000    -0.224
     2.000     3.000     2.000     3.000     2.000    -0.089
     4.000     4.000     2.000     3.000     2.000     1.082
     2.000     3.000     2.000     3.000     2.000    -0.089
     2.000     2.000     2.000     3.000     3.000    -0.144
     2.000     2.000     2.000     2.000     1.000    -0.830
     2.000     2.000     2.000     3.000     1.000    -0.652
     4.000     3.000     2.000     4.000     1.000     0.650
     3.000     3.000     2.000     3.000     2.000     0.313
     3.000     2.000     2.000     3.000     2.000    -0.035
     3.000     3.000     2.000     3.000     3.000     0.581
     3.000     3.000     2.000     3.000     2.000     0.313
     2.000     2.000     1.000     2.000     1.000    -0.952
     3.000     3.000     2.000     3.000     2.000     0.313
     3.000     2.000     1.000     2.000     2.000    -0.341
     3.000     3.000     2.000     3.000     2.000     0.313
     2.000     2.000     2.000     2.000     1.000    -0.830
     2.000     2.000     1.000     3.000     0.000    -0.989
     3.000     2.000     2.000     2.000     1.000    -0.448
     3.000     2.000     1.000     3.000     2.000    -0.160
     3.000     4.000     2.000     3.000     2.000     0.686
     3.000     2.000     1.000     2.000     1.000    -0.565
     3.000     3.000     2.000     3.000     2.000     0.313
     3.000     1.000     2.000     3.000     1.000    -0.615
     3.000     3.000     2.000     3.000     2.000     0.313
     3.000     3.000     1.000     3.000     2.000     0.181
     2.000     3.000     2.000     3.000     2.000    -0.089
     3.000     3.000     2.000     3.000     2.000     0.313
     3.000     3.000     2.000     3.000     2.000     0.313
     3.000     3.000     2.000     3.000     2.000     0.313
     2.000     3.000     0.000     4.000     3.000     0.124
     3.000     3.000     2.000     3.000     1.000     0.054
     3.000     3.000     2.000     3.000     2.000     0.313
     2.000     2.000     2.000     2.000     1.000    -0.830
     2.000     2.000     2.000     3.000     1.000    -0.652
     3.000     3.000     3.000     4.000     2.000     0.655
     3.000     3.000     2.000     3.000     3.000     0.581
     3.000     2.000     0.000     2.000     0.000    -0.881
     3.000     4.000     1.000     4.000     2.000     0.748
     2.000     2.000     1.000     3.000     2.000    -0.546
     2.000     3.000     2.000     3.000     3.000     0.175
     2.000     3.000     2.000     2.000     1.000    -0.498
     3.000     3.000     2.000     3.000     2.000     0.313
     3.000     3.000     2.000     3.000     2.000     0.313
     2.000     2.000     2.000     2.000     1.000    -0.830
     2.000     2.000     1.000     2.000     1.000    -0.952
     3.000     2.000     2.000     1.000     1.000    -0.612
     3.000     2.000     2.000     3.000     1.000    -0.273
     3.000     3.000     1.000     3.000     2.000     0.181
     4.000     3.000     2.000     3.000     2.000     0.730
     1.000     2.000     2.000     4.000     2.000    -0.671
     3.000     3.000     0.000     3.000     2.000     0.056
     3.000     3.000     2.000     2.000     3.000     0.388
     3.000     3.000     2.000     3.000     2.000     0.313
     4.000     3.000     1.000     4.000     2.000     0.791
     4.000     4.000     1.000     3.000     3.000     1.198
     2.000     2.000     2.000     2.000     2.000    -0.603
     2.000     1.000     2.000     2.000     2.000    -0.945
     2.000     2.000     1.000     2.000     1.000    -0.952
     3.000     2.000     1.000     3.000     2.000    -0.160
     3.000     3.000     1.000     3.000     1.000    -0.070
     3.000     3.000     2.000     3.000     2.000     0.313
     3.000     2.000     3.000     4.000     2.000     0.297
     3.000     3.000     1.000     3.000     2.000     0.181
     3.000     3.000     2.000     3.000     2.000     0.313
     1.000     1.000     2.000     3.000     2.000    -1.163
     3.000     2.000     2.000     3.000     1.000    -0.273
     3.000     2.000     2.000     3.000     2.000    -0.035
     3.000     2.000     2.000     3.000     2.000    -0.035
     4.000     1.000     2.000     3.000     2.000     0.021
     3.000     3.000     1.000     3.000     2.000     0.181
     4.000     3.000     1.000     3.000     2.000     0.601
     3.000     3.000     3.000     4.000     3.000     0.913
     2.000     2.000     2.000     3.000     2.000    -0.422
     2.000     2.000     0.000     3.000     0.000    -1.110
     1.000     1.000     0.000     3.000     0.000    -1.758
     4.000     4.000     2.000     3.000     2.000     1.082
     4.000     4.000     3.000     4.000     2.000     1.432
     3.000     3.000     2.000     3.000     2.000     0.313
     3.000     3.000     1.000     3.000     1.000    -0.070
     3.000     3.000     3.000     4.000     3.000     0.913
     4.000     3.000     2.000     3.000     2.000     0.730
     3.000     3.000     2.000     3.000     2.000     0.313
     2.000     4.000     1.000     3.000     2.000     0.163
     3.000     2.000     2.000     3.000     2.000    -0.035
     3.000     2.000     2.000     3.000     2.000    -0.035
     3.000     3.000     0.000     4.000     2.000     0.256
     3.000     2.000     2.000     3.000     1.000    -0.273
     4.000     2.000     3.000     4.000     3.000     0.931
     3.000     3.000     2.000     3.000     2.000     0.313
     2.000     3.000     0.000     3.000     2.000    -0.332
     2.000     2.000     2.000     3.000     2.000    -0.422
     3.000     3.000     1.000     3.000     2.000     0.181
     3.000     4.000     2.000     4.000     2.000     0.878
     3.000     2.000     2.000     3.000     2.000    -0.035
     3.000     3.000     3.000     3.000     2.000     0.455
     2.000     3.000     2.000     2.000     2.000    -0.270
     4.000     1.000     3.000     3.000     2.000     0.143
     3.000     3.000     2.000     4.000     3.000     0.776
     3.000     3.000     2.000     3.000     2.000     0.313
     1.000     1.000     2.000     4.000     2.000    -0.979
     2.000     3.000     2.000     3.000     2.000    -0.089
     2.000     2.000     2.000     3.000     2.000    -0.422
     3.000     3.000     2.000     3.000     2.000     0.313
     2.000     2.000     1.000     2.000     0.000    -1.165
     3.000     3.000     2.000     3.000     2.000     0.313
     3.000     3.000     2.000     3.000     2.000     0.313
     2.000     2.000     2.000     2.000     3.000    -0.318
     3.000     3.000     2.000     3.000     2.000     0.313
     2.000     0.000     2.000     2.000     2.000    -1.226
     2.000     3.000     1.000     3.000     2.000    -0.213
     3.000     2.000     3.000     4.000     2.000     0.297
     3.000     3.000     2.000     3.000     2.000     0.313
     4.000     4.000     2.000     4.000     1.000     0.987
     3.000     3.000     2.000     3.000     2.000     0.313
     3.000     3.000     2.000     2.000     2.000     0.119
     3.000     3.000     2.000     3.000     2.000     0.313
     4.000     4.000     3.000     3.000     2.000     1.222
     2.000     2.000     1.000     4.000     2.000    -0.346
     3.000     3.000     1.000     3.000     2.000     0.181
     3.000     3.000     2.000     3.000     2.000     0.313
     3.000     3.000     1.000     2.000     1.000    -0.247
     2.000     2.000     3.000     2.000     3.000    -0.188
     3.000     2.000     2.000     2.000     1.000    -0.448
     3.000     2.000     2.000     3.000     3.000     0.233
     4.000     2.000     2.000     2.000     2.000     0.210
     2.000     2.000     2.000     3.000     2.000    -0.422
     3.000     2.000     1.000     3.000     1.000    -0.393
     3.000     3.000     1.000     3.000     2.000     0.181
     2.000     2.000     2.000     2.000     2.000    -0.603
     2.000     2.000     1.000     3.000     2.000    -0.546
     4.000     4.000     3.000     4.000     3.000     1.726
     3.000     3.000     1.000     3.000     2.000     0.181
     2.000     3.000     0.000     3.000     2.000    -0.332
     2.000     3.000     2.000     3.000     2.000    -0.089
     3.000     3.000     2.000     2.000     1.000    -0.127
     3.000     3.000     2.000     3.000     3.000     0.581
     2.000     2.000     1.000     3.000     2.000    -0.546
     3.000     3.000     3.000     3.000     2.000     0.455
     3.000     1.000     3.000     4.000     3.000     0.169
     4.000     3.000     3.000     4.000     3.000     1.319
     3.000     2.000     1.000     3.000     2.000    -0.160
     3.000     2.000     2.000     3.000     2.000    -0.035
     1.000     1.000     1.000     1.000     0.000    -1.945
     4.000     2.000     2.000     3.000     2.000     0.386
     1.000     1.000     2.000     2.000     2.000    -1.319
     3.000     2.000     1.000     3.000     2.000    -0.160
     2.000     2.000     2.000     2.000     2.000    -0.603
     4.000     4.000     2.000     4.000     2.000     1.284
     1.000     2.000     2.000     3.000     2.000    -0.860
     2.000     2.000     1.000     2.000     2.000    -0.727
     3.000     2.000     1.000     2.000     2.000    -0.341
     2.000     3.000     2.000     2.000     2.000    -0.270
     3.000     3.000     1.000     4.000     2.000     0.381
     2.000     2.000     1.000     3.000     1.000    -0.774
     2.000     2.000     2.000     3.000     2.000    -0.422
     3.000     3.000     2.000     3.000     2.000     0.313
     3.000     2.000     1.000     3.000     2.000    -0.160
     2.000     2.000     2.000     3.000     2.000    -0.422
     2.000     2.000     2.000     3.000     2.000    -0.422
     4.000     3.000     3.000     3.000     2.000     0.866
     3.000     3.000     2.000     3.000     2.000     0.313
     2.000     3.000     2.000     1.000     3.000    -0.169
     4.000     3.000     2.000     3.000     2.000     0.730
     4.000     3.000     2.000     3.000     1.000     0.467
     3.000     3.000     2.000     2.000     2.000     0.119
     3.000     3.000     2.000     3.000     2.000     0.313
     2.000     2.000     1.000     4.000     3.000    -0.077
     3.000     4.000     1.000     2.000     1.000     0.125
     3.000     3.000     1.000     3.000     3.000     0.450
     3.000     2.000     2.000     3.000     2.000    -0.035
     3.000     3.000     2.000     2.000     2.000     0.119
     2.000     2.000     2.000     3.000     2.000    -0.422
     2.000     2.000     2.000     2.000     1.000    -0.830
     4.000     4.000     1.000     3.000     2.000     0.949
     3.000     1.000     3.000     3.000     2.000    -0.272
     3.000     2.000     2.000     3.000     2.000    -0.035
     4.000     4.000     2.000     4.000     2.000     1.284
     4.000     4.000     2.000     2.000     1.000     0.625
     3.000     2.000     2.000     3.000     1.000    -0.273
     3.000     3.000     3.000     4.000     3.000     0.913
     2.000     1.000     1.000     3.000     1.000    -1.103
     4.000     4.000     3.000     3.000     2.000     1.222
     2.000     2.000     2.000     3.000     1.000    -0.652
     3.000     3.000     3.000     2.000     3.000     0.524
     4.000     3.000     2.000     3.000     2.000     0.730
     4.000     4.000     2.000     4.000     2.000     1.284
     1.000     2.000     1.000     3.000     1.000    -1.176
     3.000     3.000     2.000     3.000     2.000     0.313
     2.000     3.000     1.000     2.000     1.000    -0.616
     2.000     2.000     2.000     3.000     2.000    -0.422
     2.000     2.000     1.000     2.000     2.000    -0.727
     3.000     3.000     2.000     3.000     2.000     0.313
     2.000     2.000     1.000     2.000     1.000    -0.952
     2.000     3.000     3.000     3.000     2.000     0.046
     2.000     2.000     2.000     3.000     2.000    -0.422
     2.000     2.000     2.000     2.000     2.000    -0.603
     3.000     4.000     3.000     4.000     3.000     1.260
     3.000     3.000     2.000     3.000     2.000     0.313
     3.000     2.000     3.000     4.000     2.000     0.297
     3.000     2.000     2.000     3.000     2.000    -0.035
     3.000     3.000     1.000     3.000     2.000     0.181
     3.000     2.000     2.000     2.000     2.000    -0.218
     3.000     2.000     1.000     3.000     2.000    -0.160
     2.000     3.000     2.000     4.000     2.000     0.103
     3.000     4.000     1.000     4.000     2.000     0.748
     3.000     3.000     2.000     3.000     2.000     0.313
     2.000     3.000     1.000     3.000     1.000    -0.443
     2.000     2.000     2.000     3.000     1.000    -0.652
     3.000     4.000     3.000     4.000     3.000     1.260
     4.000     4.000     3.000     4.000     3.000     1.726
     2.000     2.000     2.000     3.000     2.000    -0.422
     3.000     2.000     2.000     3.000     3.000     0.233
     3.000     3.000     2.000     3.000     2.000     0.313
     3.000     3.000     2.000     2.000     2.000     0.119
     2.000     2.000     1.000     2.000     1.000    -0.952
     2.000     2.000     2.000     3.000     2.000    -0.422
     2.000     2.000     2.000     2.000     2.000    -0.603
     2.000     2.000     2.000     3.000     1.000    -0.652
     3.000     3.000     2.000     3.000     2.000     0.313
     4.000     2.000     1.000     1.000     3.000     0.173
     2.000     2.000     1.000     2.000     1.000    -0.952
     1.000     2.000     2.000     3.000     3.000    -0.586
     3.000     4.000     2.000     3.000     2.000     0.686
     3.000     1.000     2.000     2.000     1.000    -0.776
     1.000     1.000     3.000     4.000     2.000    -0.856
     2.000     2.000     2.000     3.000     2.000    -0.422
     3.000     3.000     2.000     2.000     1.000    -0.127
     3.000     2.000     2.000     2.000     2.000    -0.218
     4.000     4.000     1.000     4.000     3.000     1.405
     2.000     2.000     2.000     1.000     1.000    -0.997
     3.000     3.000     3.000     3.000     2.000     0.455
     3.000     3.000     3.000     4.000     2.000     0.655
     4.000     3.000     2.000     3.000     2.000     0.730
     3.000     3.000     2.000     3.000     2.000     0.313
     3.000     2.000     3.000     2.000     2.000    -0.082
     2.000     3.000     0.000     2.000     2.000    -0.510
     2.000     2.000     1.000     2.000     1.000    -0.952
     2.000     1.000     2.000     3.000     2.000    -0.774
     2.000     2.000     1.000     4.000     2.000    -0.346
     2.000     2.000     2.000     3.000     2.000    -0.422
     2.000     2.000     1.000     2.000     1.000    -0.952
     3.000     3.000     2.000     3.000     2.000     0.313
     2.000     2.000     2.000     3.000     3.000    -0.144
     2.000     2.000     2.000     3.000     2.000    -0.422
     2.000     3.000     2.000     2.000     2.000    -0.270
     2.000     2.000     1.000     2.000     2.000    -0.727
     4.000     3.000     2.000     3.000     2.000     0.730
     4.000     3.000     2.000     3.000     2.000     0.730
     2.000     2.000     2.000     3.000     3.000    -0.144
     2.000     3.000     0.000     2.000     1.000    -0.731
     2.000     3.000     2.000     3.000     1.000    -0.324
     2.000     2.000     2.000     4.000     2.000    -0.224
     4.000     3.000     3.000     2.000     1.000     0.416
     3.000     2.000     2.000     3.000     1.000    -0.273
     3.000     3.000     2.000     2.000     2.000     0.119
     3.000     3.000     2.000     3.000     2.000     0.313
     3.000     2.000     0.000     3.000     2.000    -0.280
     3.000     2.000     2.000     4.000     2.000     0.161
     2.000     2.000     3.000     3.000     2.000    -0.283
     2.000     0.000     3.000     0.000     1.000    -1.557
     4.000     4.000     3.000     2.000     3.000     1.267
     3.000     2.000     2.000     2.000     1.000    -0.448
     4.000     3.000     2.000     3.000     2.000     0.730
     2.000     2.000     1.000     2.000     1.000    -0.952
     3.000     3.000     1.000     2.000     1.000    -0.247
     3.000     3.000     1.000     3.000     2.000     0.181
     3.000     3.000     3.000     3.000     3.000     0.719
     3.000     3.000     3.000     3.000     2.000     0.455
     2.000     2.000     2.000     3.000     2.000    -0.422
     2.000     2.000     2.000     3.000     2.000    -0.422
     4.000     4.000     3.000     3.000     1.000     0.932
     3.000     3.000     2.000     2.000     1.000    -0.127
     3.000     3.000     2.000     3.000     2.000     0.313
     2.000     2.000     1.000     2.000     1.000    -0.952
     0.000     1.000     3.000     4.000     1.000    -1.353
     4.000     3.000     2.000     4.000     3.000     1.177
     3.000     4.000     2.000     4.000     2.000     0.878
     3.000     2.000     2.000     4.000     2.000     0.161
     3.000     3.000     1.000     2.000     2.000    -0.009
     3.000     3.000     2.000     3.000     0.000    -0.163
     3.000     2.000     2.000     3.000     2.000    -0.035
     2.000     2.000     2.000     3.000     2.000    -0.422
     3.000     2.000     3.000     3.000     3.000     0.366
     2.000     1.000     1.000     2.000     0.000    -1.472
     3.000     2.000     2.000     4.000     2.000     0.161
     3.000     2.000     2.000     4.000     2.000     0.161
     2.000     3.000     2.000     3.000     2.000    -0.089
     3.000     3.000     1.000     3.000     2.000     0.181
     2.000     2.000     2.000     3.000     2.000    -0.422
     3.000     3.000     2.000     3.000     2.000     0.313
     3.000     3.000     1.000     2.000     2.000    -0.009
     3.000     3.000     2.000     3.000     2.000     0.313
     2.000     3.000     2.000     3.000     2.000    -0.089
     3.000     3.000     2.000     2.000     2.000     0.119
     4.000     4.000     2.000     4.000     3.000     1.559
     2.000     3.000     1.000     2.000     1.000    -0.616
     3.000     4.000     2.000     4.000     2.000     0.878
     2.000     2.000     1.000     3.000     2.000    -0.546
     2.000     2.000     1.000     3.000     3.000    -0.263
     3.000     3.000     2.000     2.000     2.000     0.119
     1.000     2.000     2.000     3.000     2.000    -0.860
     4.000     4.000     2.000     3.000     2.000     1.082
     3.000     3.000     1.000     2.000     1.000    -0.247
     3.000     3.000     1.000     3.000     2.000     0.181
