     4.000     4.000     4.000     4.000     1.000     1.122
     3.000     4.000     3.000     2.000     3.000     0.462
     4.000     4.000     4.000     3.000     3.000     1.168
     3.000     2.000     2.000     1.000     3.000    -0.500
     3.000     3.000     3.000     1.000     1.000    -0.066
     3.000     3.000     3.000     1.000     3.000     0.036
     4.000     4.000     2.000     2.000     3.000     0.599
     2.000     2.000     2.000     1.000     1.000    -0.803
     3.000     3.000     2.000     1.000     1.000    -0.236
     2.000     3.000     2.000     1.000     2.000    -0.485
     4.000     4.000     4.000     3.000     1.000     0.985
     3.000     4.000     4.000     4.000     2.000     0.699
     2.000     3.000     2.000     4.000     3.000    -0.264
     3.000     3.000     2.000     3.000     3.000    -0.007
     1.000     1.000     1.000     3.000     2.000    -1.240
     1.000     1.000     0.000     0.000     2.000    -1.486
     3.000     2.000     3.000     0.000     1.000    -0.507
     4.000     4.000     4.000     3.000     2.000     1.054
     3.000     3.000     3.000     2.000     4.000     0.173
     3.000     3.000     3.000     2.000     3.000     0.103
     4.000     4.000     3.000     3.000     1.000     0.747
     3.000     4.000     3.000     3.000     3.000     0.517
     4.000     4.000     3.000     2.000     3.000     0.784
     4.000     4.000     4.000     4.000     3.000     1.377
     4.000     4.000     2.000     1.000     3.000     0.544
     3.000     3.000     2.000     2.000     3.000    -0.074
     1.000     3.000     3.000     2.000     3.000    -0.518
     2.000     3.000     3.000     1.000     1.000    -0.384
     4.000     3.000     3.000     1.000     2.000     0.331
     4.000     4.000     3.000     2.000     4.000     0.867
     3.000     3.000     3.000     3.000     1.000     0.069
     3.000     3.000     2.000     1.000     2.000    -0.194
     3.000     3.000     4.000     3.000     3.000     0.349
     4.000     4.000     4.000     0.000     3.000     0.847
     3.000     3.000     3.000     2.000     4.000     0.173
     3.000     2.000     1.000     1.000     1.000    -0.673
     0.000     3.000     2.000     0.000     1.000    -1.024
     2.000     2.000     1.000     2.000     2.000    -0.829
     4.000     4.000     3.000     3.000     4.000     0.955
     4.000     4.000     4.000     0.000     4.000     0.942
     3.000     3.000     4.000     0.000     4.000     0.227
     2.000     3.000     2.000     1.000     3.000    -0.441
     0.000     1.000     2.000     1.000     3.000    -1.406
     4.000     3.000     4.000     3.000     3.000     0.636
     4.000     4.000     4.000     2.000     4.000     1.180
     3.000     3.000     3.000     3.000     2.000     0.113
     3.000     3.000     3.000     2.000     3.000     0.103
     4.000     3.000     3.000     2.000     2.000     0.384
     4.000     4.000     3.000     2.000     1.000     0.680
     3.000     4.000     4.000     2.000     3.000     0.623
     4.000     3.000     2.000     1.000     4.000     0.288
     3.000     3.000     1.000     1.000     3.000    -0.286
     2.000     3.000     2.000     2.000     3.000    -0.386
     2.000     2.000     2.000     1.000     1.000    -0.803
     1.000     1.000     0.000     0.000     0.000    -1.553
     4.000     4.000     2.000     3.000     2.000     0.606
     3.000     3.000     3.000     2.000     2.000     0.045
     2.000     2.000     2.000     1.000     2.000    -0.772
     3.000     3.000     3.000     3.000     3.000     0.169
     3.000     3.000     2.000     2.000     2.000    -0.130
     3.000     4.000     3.000     0.000     0.000     0.229
     2.000     1.000     1.000     0.000     1.000    -1.213
     3.000     4.000     3.000     2.000     3.000     0.462
     0.000     1.000     0.000     0.000     2.000    -1.720
     3.000     3.000     3.000     3.000     3.000     0.169
     3.000     3.000     3.000     0.000     4.000     0.032
     1.000     1.000     1.000     1.000     3.000    -1.293
     4.000     4.000     2.000     2.000     3.000     0.599
     3.000     3.000     3.000     3.000     3.000     0.169
     2.000     2.000     2.000     2.000     3.000    -0.684
     3.000     3.000     3.000     2.000     3.000     0.103
     3.000     4.000     2.000     2.000     3.000     0.313
     3.000     4.000     1.000     2.000     2.000     0.148
     2.000     1.000     3.000     1.000     3.000    -0.897
     2.000     2.000     2.000     1.000     2.000    -0.772
     3.000     3.000     3.000     2.000     4.000     0.173
     1.000     1.000     1.000     0.000     3.000    -1.348
     2.000     3.000     1.000     2.000     3.000    -0.508
     4.000     4.000     3.000     2.000     3.000     0.784
     1.000     3.000     1.000     0.000     2.000    -0.882
     2.000     2.000     2.000     2.000     2.000    -0.723
     2.000     3.000     4.000     3.000     3.000    -0.004
     3.000     3.000     3.000     2.000     3.000     0.103
     3.000     3.000     3.000     3.000     2.000     0.113
     4.000     4.000     2.000     3.000     2.000     0.606
     3.000     3.000     3.000     2.000     3.000     0.103
     4.000     4.000     3.000     3.000     3.000     0.861
     2.000     3.000     2.000     1.000     1.000    -0.520
     2.000     2.000     3.000     1.000     2.000    -0.653
     2.000     2.000     2.000     2.000     0.000    -0.793
     3.000     3.000     2.000     2.000     1.000    -0.173
     4.000     4.000     4.000     3.000     3.000     1.168
     4.000     3.000     3.000     3.000     3.000     0.484
     3.000     3.000     2.000     3.000     3.000    -0.007
     2.000     4.000     0.000     0.000     0.000    -0.353
     2.000     2.000     1.000     2.000     2.000    -0.829
     2.000     3.000     2.000     0.000     3.000    -0.503
     3.000     3.000     3.000     1.000     3.000     0.036
     2.000     2.000     2.000     2.000     2.000    -0.723
     4.000     4.000     3.000     2.000     4.000     0.867
     3.000     4.000     4.000     4.000     3.000     0.753
     1.000     2.000     3.000     1.000     3.000    -0.838
     3.000     3.000     3.000     1.000     2.000    -0.022
     1.000     3.000     2.000     3.000     4.000    -0.538
     3.000     3.000     2.000     2.000     3.000    -0.074
     2.000     3.000     3.000     3.000     1.000    -0.270
     3.000     3.000     3.000     1.000     2.000    -0.022
     3.000     3.000     2.000     3.000     3.000    -0.007
     2.000     2.000     2.000     2.000     2.000    -0.723
     2.000     2.000     2.000     2.000     2.000    -0.723
     4.000     4.000     4.000     4.000     3.000     1.377
     4.000     4.000     3.000     4.000     4.000     1.078
     1.000     1.000     1.000     3.000     2.000    -1.240
     2.000     3.000     2.000     2.000     4.000    -0.326
     4.000     4.000     3.000     3.000     3.000     0.861
     4.000     4.000     4.000     3.000     1.000     0.985
     3.000     3.000     2.000     0.000     1.000    -0.308
     4.000     4.000     4.000     0.000     4.000     0.942
     3.000     3.000     3.000     2.000     3.000     0.103
     0.000     1.000     1.000     1.000     1.000    -1.567
     2.000     4.000     3.000     1.000     4.000     0.148
     2.000     3.000     3.000     2.000     3.000    -0.242
     2.000     3.000     2.000     2.000     3.000    -0.386
     4.000     4.000     1.000     1.000     1.000     0.342
     1.000     2.000     1.000     2.000     3.000    -1.010
     3.000     3.000     3.000     3.000     3.000     0.169
     2.000     2.000     1.000     3.000     3.000    -0.743
     2.000     2.000     1.000     1.000     1.000    -0.909
     3.000     4.000     4.000     0.000     3.000     0.506
     3.000     3.000     4.000     3.000     3.000     0.349
     3.000     3.000     3.000     2.000     3.000     0.103
     2.000     2.000     2.000     1.000     4.000    -0.680
     3.000     3.000     4.000     1.000     3.000     0.230
     3.000     4.000     3.000     2.000     2.000     0.414
     4.000     4.000     2.000     4.000     1.000     0.637
     2.000     3.000     3.000     1.000     3.000    -0.300
     4.000     4.000     4.000     3.000     4.000     1.352
     0.000     3.000     2.000     2.000     2.000    -0.898
     1.000     2.000     2.000     3.000     2.000    -0.898
     3.000     3.000     2.000     1.000     2.000    -0.194
     2.000     2.000     2.000     1.000     2.000    -0.772
     3.000     3.000     3.000     1.000     1.000    -0.066
     2.000     2.000     2.000     1.000     1.000    -0.803
     4.000     4.000     4.000     4.000     4.000     1.649
     2.000     3.000     1.000     4.000     2.000    -0.437
     1.000     2.000     2.000     0.000     1.000    -1.083
     4.000     4.000     4.000     4.000     4.000     1.649
     3.000     4.000     4.000     3.000     1.000     0.593
     3.000     3.000     2.000     2.000     3.000    -0.074
     4.000     4.000     3.000     4.000     3.000     0.965
     3.000     2.000     2.000     3.000     3.000    -0.405
     1.000     3.000     3.000     3.000     1.000    -0.542
     3.000     3.000     3.000     3.000     3.000     0.169
     4.000     3.000     3.000     1.000     3.000     0.378
     4.000     4.000     3.000     3.000     3.000     0.861
     4.000     4.000     4.000     4.000     4.000     1.649
     3.000     3.000     2.000     1.000     2.000    -0.194
     0.000     0.000     0.000     0.000     2.000    -2.065
     3.000     3.000     3.000     3.000     4.000     0.237
     0.000     1.000     1.000     0.000     0.000    -1.669
     2.000     3.000     2.000     1.000     3.000    -0.441
     2.000     3.000     3.000     2.000     3.000    -0.242
     1.000     3.000     0.000     2.000     2.000    -0.879
     3.000     3.000     2.000     2.000     4.000    -0.002
     3.000     3.000     3.000     1.000     3.000     0.036
     4.000     4.000     3.000     4.000     4.000     1.078
     4.000     4.000     3.000     3.000     3.000     0.861
     3.000     3.000     3.000     2.000     3.000     0.103
     4.000     4.000     4.000     2.000     3.000     1.041
     3.000     3.000     2.000     2.000     3.000    -0.074
     3.000     3.000     4.000     4.000     4.000     0.475
     3.000     3.000     2.000     2.000     3.000    -0.074
     1.000     2.000     1.000     1.000     2.000    -1.095
     1.000     3.000     3.000     3.000     3.000    -0.467
     0.000     0.000     0.000     1.000     0.000    -2.076
     2.000     3.000     3.000     3.000     3.000    -0.183
     3.000     3.000     3.000     2.000     2.000     0.045
     3.000     3.000     3.000     3.000     4.000     0.237
     3.000     3.000     3.000     3.000     2.000     0.113
     0.000     0.000     0.000     1.000     0.000    -2.076
     4.000     4.000     4.000     4.000     4.000     1.649
     4.000     4.000     4.000     4.000     4.000     1.649
     4.000     4.000     4.000     4.000     2.000     1.213
     2.000     2.000     2.000     1.000     2.000    -0.772
     2.000     2.000     1.000     2.000     2.000    -0.829
     3.000     3.000     2.000     3.000     1.000    -0.107
     3.000     3.000     3.000     1.000     2.000    -0.022
     1.000     2.000     2.000     1.000     2.000    -0.993
     3.000     3.000     4.000     2.000     4.000     0.353
     1.000     2.000     1.000     3.000     3.000    -0.963
     4.000     4.000     4.000     4.000     2.000     1.213
     3.000     3.000     4.000     4.000     2.000     0.366
     2.000     3.000     3.000     3.000     2.000    -0.232
     4.000     4.000     3.000     3.000     4.000     0.955
     3.000     3.000     4.000     1.000     3.000     0.230
     2.000     3.000     2.000     2.000     3.000    -0.386
     4.000     4.000     3.000     3.000     0.000     0.699
     2.000     3.000     2.000     1.000     3.000    -0.441
     2.000     3.000     2.000     3.000     2.000    -0.377
     4.000     4.000     4.000     3.000     4.000     1.352
     0.000     2.000     0.000     0.000     0.000    -1.563
     4.000     4.000     4.000     4.000     3.000     1.377
     3.000     3.000     3.000     2.000     3.000     0.103
     4.000     3.000     3.000     0.000     3.000     0.318
     4.000     4.000     4.000     3.000     2.000     1.054
     3.000     3.000     3.000     1.000     1.000    -0.066
     3.000     3.000     3.000     1.000     2.000    -0.022
     2.000     2.000     2.000     1.000     1.000    -0.803
     2.000     3.000     2.000     0.000     2.000    -0.547
     1.000     2.000     1.000     1.000     1.000    -1.126
     1.000     1.000     1.000     0.000     3.000    -1.348
     3.000     3.000     3.000     2.000     3.000     0.103
     1.000     1.000     1.000     1.000     1.000    -1.355
     4.000     4.000     4.000     2.000     4.000     1.180
     3.000     3.000     3.000     2.000     2.000     0.045
     1.000     3.000     1.000     1.000     2.000    -0.827
     3.000     3.000     3.000     1.000     3.000     0.036
     1.000     2.000     2.000     1.000     2.000    -0.993
     1.000     3.000     0.000     0.000     0.000    -1.045
     2.000     2.000     2.000     2.000     2.000    -0.723
     3.000     3.000     3.000     3.000     3.000     0.169
     4.000     4.000     3.000     2.000     4.000     0.867
     3.000     4.000     3.000     2.000     3.000     0.462
     2.000     2.000     2.000     1.000     2.000    -0.772
     4.000     4.000     4.000     2.000     2.000     0.949
     2.000     2.000     2.000     1.000     2.000    -0.772
     4.000     4.000     4.000     2.000     3.000     1.041
     1.000     3.000     1.000     1.000     3.000    -0.790
     3.000     3.000     3.000     2.000     0.000    -0.050
     4.000     4.000     3.000     2.000     4.000     0.867
     3.000     4.000     4.000     3.000     3.000     0.682
     4.000     3.000     4.000     3.000     4.000     0.694
     1.000     1.000     1.000     1.000     1.000    -1.355
     3.000     3.000     3.000     2.000     2.000     0.045
     4.000     4.000     4.000     2.000     3.000     1.041
     4.000     4.000     4.000     4.000     3.000     1.377
     3.000     3.000     2.000     1.000     0.000    -0.284
     2.000     2.000     2.000     3.000     2.000    -0.676
     2.000     2.000     2.000     1.000     3.000    -0.732
     3.000     3.000     3.000     2.000     3.000     0.103
     2.000     3.000     2.000     2.000     2.000    -0.431
     3.000     3.000     3.000     3.000     3.000     0.169
     4.000     4.000     4.000     4.000     2.000     1.213
     2.000     3.000     3.000     3.000     3.000    -0.183
     0.000     1.000     0.000     0.000     2.000    -1.720
     4.000     4.000     4.000     1.000     1.000     0.813
     3.000     3.000     2.000     2.000     3.000    -0.074
     4.000     4.000     3.000     1.000     4.000     0.793
     4.000     2.000     4.000     3.000     1.000     0.080
     2.000     3.000     3.000     2.000     3.000    -0.242
     2.000     2.000     1.000     3.000     2.000    -0.781
     1.000     2.000     1.000     0.000     0.000    -1.224
     3.000     3.000     2.000     1.000     3.000    -0.140
     3.000     3.000     3.000     2.000     3.000     0.103
     4.000     4.000     4.000     3.000     4.000     1.352
     3.000     4.000     3.000     2.000     3.000     0.462
     4.000     3.000     4.000     1.000     3.000     0.531
     4.000     4.000     4.000     4.000     3.000     1.377
     3.000     3.000     2.000     3.000     3.000    -0.007
     4.000     4.000     4.000     4.000     2.000     1.213
     2.000     2.000     3.000     2.000     1.000    -0.636
     4.000     4.000     4.000     3.000     4.000     1.352
     4.000     4.000     3.000     2.000     4.000     0.867
     4.000     4.000     4.000     3.000     3.000     1.168
     4.000     4.000     3.000     2.000     3.000     0.784
     4.000     3.000     1.000     1.000     3.000     0.100
     1.000     2.000     3.000     1.000     3.000    -0.838
     4.000     4.000     4.000     4.000     4.000     1.649
     4.000     4.000     4.000     4.000     4.000     1.649
     0.000     1.000     0.000     0.000     2.000    -1.720
     3.000     3.000     3.000     2.000     3.000     0.103
     2.000     3.000     2.000     2.000     3.000    -0.386
     3.000     3.000     3.000     2.000     4.000     0.173
     3.000     3.000     4.000     2.000     3.000     0.290
     3.000     3.000     3.000     2.000     3.000     0.103
     2.000     2.000     2.000     2.000     2.000    -0.723
     3.000     3.000     1.000     1.000     1.000    -0.374
     4.000     4.000     3.000     3.000     3.000     0.861
     0.000     0.000     0.000     2.000     3.000    -1.831
     3.000     4.000     3.000     3.000     3.000     0.517
     4.000     4.000     3.000     3.000     3.000     0.861
     3.000     4.000     3.000     1.000     3.000     0.408
     4.000     4.000     4.000     1.000     2.000     0.864
     2.000     4.000     3.000     1.000     3.000     0.099
     3.000     4.000     2.000     1.000     3.000     0.263
     2.000     3.000     3.000     2.000     3.000    -0.242
     4.000     4.000     3.000     4.000     4.000     1.078
     3.000     3.000     3.000     3.000     3.000     0.169
     3.000     3.000     3.000     2.000     3.000     0.103
     1.000     2.000     2.000     1.000     2.000    -0.993
     4.000     4.000     4.000     1.000     3.000     0.943
     4.000     4.000     4.000     4.000     4.000     1.649
     4.000     4.000     4.000     1.000     4.000     1.055
     0.000     0.000     1.000     0.000     0.000    -1.964
     0.000     0.000     0.000     0.000     0.000    -2.227
     2.000     3.000     3.000     3.000     3.000    -0.183
     2.000     2.000     2.000     2.000     3.000    -0.684
     3.000     3.000     2.000     2.000     3.000    -0.074
     0.000     0.000     3.000     0.000     2.000    -1.608
     3.000     3.000     3.000     3.000     3.000     0.169
     3.000     3.000     2.000     1.000     3.000    -0.140
     3.000     3.000     3.000     2.000     3.000     0.103
     0.000     0.000     0.000     0.000     0.000    -2.227
     4.000     4.000     2.000     0.000     1.000     0.406
     0.000     0.000     0.000     3.000     1.000    -1.859
     3.000     3.000     3.000     2.000     3.000     0.103
     3.000     3.000     2.000     2.000     3.000    -0.074
     4.000     4.000     3.000     3.000     4.000     0.955
     4.000     3.000     3.000     1.000     3.000     0.378
     3.000     3.000     3.000     1.000     3.000     0.036
     1.000     2.000     2.000     1.000     2.000    -0.993
     4.000     4.000     4.000     3.000     4.000     1.352
     1.000     1.000     0.000     1.000     3.000    -1.394
     3.000     3.000     3.000     2.000     3.000     0.103
     4.000     4.000     3.000     2.000     3.000     0.784
     4.000     4.000     4.000     2.000     3.000     1.041
     2.000     2.000     2.000     1.000     3.000    -0.732
     2.000     2.000     1.000     1.000     2.000    -0.877
     3.000     3.000     1.000     2.000     3.000    -0.225
     2.000     2.000     2.000     1.000     2.000    -0.772
     2.000     3.000     2.000     1.000     4.000    -0.382
     3.000     4.000     3.000     3.000     2.000     0.469
     2.000     2.000     3.000     2.000     2.000    -0.605
     4.000     4.000     3.000     3.000     1.000     0.747
     3.000     3.000     3.000     3.000     3.000     0.169
     4.000     4.000     3.000     3.000     2.000     0.793
     3.000     3.000     2.000     1.000     3.000    -0.140
     0.000     0.000     0.000     0.000     0.000    -2.227
     1.000     1.000     1.000     1.000     1.000    -1.355
     2.000     2.000     1.000     0.000     3.000    -0.897
     2.000     4.000     4.000     1.000     3.000     0.232
     4.000     4.000     4.000     2.000     0.000     0.833
     4.000     4.000     2.000     2.000     2.000     0.549
     3.000     3.000     3.000     2.000     3.000     0.103
     3.000     4.000     3.000     3.000     2.000     0.469
     2.000     2.000     0.000     0.000     2.000    -1.042
     1.000     1.000     0.000     0.000     0.000    -1.553
     3.000     3.000     3.000     3.000     1.000     0.069
     4.000     4.000     4.000     1.000     4.000     1.055
     0.000     0.000     0.000     0.000     0.000    -2.227
     4.000     4.000     4.000     3.000     3.000     1.168
     4.000     4.000     3.000     3.000     3.000     0.861
     2.000     3.000     3.000     0.000     1.000    -0.448
     0.000     0.000     0.000     0.000     0.000    -2.227
     1.000     2.000     2.000     2.000     2.000    -0.945
     2.000     2.000     2.000     2.000     2.000    -0.723
     3.000     3.000     2.000     3.000     2.000    -0.064
     4.000     4.000     4.000     2.000     2.000     0.949
     3.000     3.000     3.000     3.000     3.000     0.169
     4.000     4.000     3.000     3.000     3.000     0.861
     3.000     3.000     3.000     2.000     3.000     0.103
     3.000     2.000     1.000     1.000     4.000    -0.554
     3.000     2.000     1.000     1.000     4.000    -0.554
     4.000     4.000     3.000     2.000     4.000     0.867
     3.000     3.000     3.000     2.000     2.000     0.045
     3.000     3.000     3.000     3.000     3.000     0.169
     3.000     3.000     3.000     3.000     1.000     0.069
     0.000     0.000     0.000     0.000     0.000    -2.227
     4.000     4.000     4.000     3.000     1.000     0.985
     4.000     4.000     4.000     2.000     4.000     1.180
     3.000     4.000     3.000     1.000     2.000     0.361
     1.000     0.000     2.000     0.000     1.000    -1.524
     4.000     3.000     2.000     1.000     1.000     0.148
     3.000     3.000     4.000     1.000     1.000     0.134
     4.000     4.000     3.000     1.000     2.000     0.660
     3.000     3.000     3.000     2.000     3.000     0.103
     2.000     2.000     1.000     1.000     3.000    -0.839
     4.000     4.000     4.000     4.000     3.000     1.377
     4.000     4.000     4.000     4.000     4.000     1.649
     4.000     4.000     4.000     3.000     3.000     1.168
     4.000     4.000     3.000     2.000     4.000     0.867
     1.000     4.000     4.000     1.000     1.000    -0.070
     4.000     4.000     3.000     3.000     3.000     0.861
     2.000     2.000     2.000     2.000     2.000    -0.723
     1.000     2.000     1.000     2.000     3.000    -1.010
     3.000     3.000     3.000     2.000     3.000     0.103
     3.000     3.000     1.000     0.000     1.000    -0.440
     3.000     4.000     3.000     3.000     3.000     0.517
     2.000     2.000     2.000     1.000     2.000    -0.772
     4.000     3.000     4.000     3.000     3.000     0.636
     2.000     3.000     2.000     0.000     2.000    -0.547
     3.000     3.000     2.000     1.000     2.000    -0.194
     2.000     2.000     2.000     2.000     1.000    -0.755
     3.000     3.000     3.000     4.000     3.000     0.243
     3.000     4.000     3.000     3.000     4.000     0.578
     1.000     2.000     1.000     1.000     1.000    -1.126
     3.000     3.000     3.000     2.000     3.000     0.103
