     4.000     4.000     4.000     0.000     3.000     1.176
     2.000     3.000     3.000     1.000     3.000     0.142
     3.000     4.000     3.000     1.000     4.000     0.821
     1.000     2.000     1.000     3.000     0.000    -0.954
     1.000     2.000     2.000     2.000     2.000    -0.671
     2.000     2.000     2.000     2.000     2.000    -0.527
     2.000     3.000     3.000     2.000     3.000     0.082
     2.000     2.000     2.000     2.000     2.000    -0.527
     3.000     3.000     2.000     1.000     3.000     0.179
     2.000     2.000     2.000     2.000     2.000    -0.527
     1.000     3.000     3.000     1.000     0.000    -0.233
     4.000     3.000     4.000     0.000     4.000     0.645
     3.000     4.000     2.000     1.000     2.000     0.542
     1.000     3.000     3.000     1.000     2.000    -0.105
     1.000     1.000     1.000     1.000     1.000    -1.162
     0.000     2.000     3.000     4.000     1.000    -0.893
     0.000     0.000     0.000     3.000     2.000    -1.695
     4.000     4.000     4.000     0.000     4.000     1.513
     1.000     3.000     1.000     1.000     2.000    -0.256
     3.000     4.000     3.000     1.000     3.000     0.708
     3.000     3.000     3.000     1.000     3.000     0.292
     2.000     2.000     3.000     2.000     2.000    -0.434
     2.000     3.000     4.000     1.000     2.000     0.163
     3.000     4.000     3.000     1.000     3.000     0.708
     1.000     3.000     2.000     1.000     2.000    -0.189
     2.000     2.000     1.000     1.000     2.000    -0.563
     2.000     3.000     3.000     1.000     2.000     0.030
     2.000     3.000     3.000     3.000     3.000     0.027
     1.000     2.000     2.000     1.000     1.000    -0.704
     2.000     2.000     1.000     3.000     2.000    -0.670
     0.000     3.000     3.000     2.000     3.000    -0.187
     2.000     4.000     3.000     2.000     2.000     0.485
     3.000     3.000     3.000     1.000     3.000     0.292
     1.000     1.000     1.000     3.000     1.000    -1.228
     2.000     3.000     2.000     1.000     3.000     0.026
     2.000     2.000     2.000     2.000     2.000    -0.527
     4.000     4.000     2.000     2.000     3.000     0.694
     2.000     2.000     2.000     2.000     2.000    -0.527
     4.000     4.000     4.000     0.000     4.000     1.513
     2.000     3.000     1.000     1.000     3.000    -0.063
     3.000     3.000     3.000     0.000     1.000     0.148
     2.000     3.000     2.000     1.000     3.000     0.026
     3.000     3.000     2.000     1.000     3.000     0.179
     3.000     3.000     3.000     3.000     1.000    -0.025
     2.000     4.000     3.000     0.000     1.000     0.499
     1.000     4.000     3.000     1.000     3.000     0.491
     1.000     1.000     2.000     3.000     2.000    -1.120
     2.000     2.000     3.000     2.000     2.000    -0.434
     1.000     3.000     1.000     2.000     2.000    -0.294
     3.000     3.000     3.000     1.000     3.000     0.292
     3.000     3.000     2.000     4.000     3.000     0.015
     2.000     2.000     0.000     1.000     3.000    -0.551
     3.000     4.000     3.000     2.000     3.000     0.663
     2.000     2.000     3.000     2.000     2.000    -0.434
     2.000     2.000     3.000     0.000     0.000    -0.478
     2.000     3.000     4.000     2.000     3.000     0.216
     2.000     3.000     1.000     1.000     2.000    -0.150
     2.000     2.000     2.000     2.000     2.000    -0.527
     3.000     4.000     4.000     2.000     3.000     0.771
     2.000     3.000     2.000     2.000     2.000    -0.119
     2.000     2.000     2.000     1.000     2.000    -0.477
     2.000     2.000     1.000     1.000     3.000    -0.467
     1.000     2.000     3.000     3.000     3.000    -0.515
     2.000     3.000     3.000     2.000     2.000    -0.024
     1.000     3.000     1.000     2.000     2.000    -0.294
     3.000     2.000     1.000     1.000     4.000    -0.269
     2.000     3.000     3.000     3.000     2.000    -0.071
     4.000     4.000     4.000     0.000     3.000     1.176
     2.000     3.000     3.000     2.000     3.000     0.082
     2.000     2.000     2.000     2.000     2.000    -0.527
     2.000     3.000     3.000     2.000     2.000    -0.024
     3.000     3.000     1.000     1.000     4.000     0.199
     1.000     4.000     4.000     2.000     3.000     0.536
     2.000     0.000     0.000     3.000     1.000    -1.516
     2.000     2.000     2.000     2.000     1.000    -0.614
     2.000     3.000     4.000     1.000     3.000     0.273
     2.000     3.000     3.000     2.000     2.000    -0.024
     2.000     2.000     2.000     2.000     3.000    -0.435
     3.000     3.000     3.000     2.000     3.000     0.237
     0.000     3.000     3.000     2.000     2.000    -0.261
     3.000     3.000     3.000     1.000     2.000     0.184
     2.000     3.000     2.000     4.000     3.000    -0.116
     4.000     4.000     4.000     1.000     4.000     1.321
     3.000     3.000     3.000     1.000     3.000     0.292
     2.000     2.000     3.000     1.000     2.000    -0.389
     3.000     3.000     3.000     1.000     3.000     0.292
     3.000     4.000     3.000     1.000     3.000     0.708
     1.000     2.000     2.000     3.000     0.000    -0.880
     2.000     3.000     3.000     1.000     2.000     0.030
     1.000     3.000     3.000     2.000     2.000    -0.150
     2.000     3.000     4.000     0.000     3.000     0.333
     3.000     3.000     2.000     1.000     4.000     0.296
     1.000     3.000     3.000     1.000     3.000    -0.012
     2.000     3.000     3.000     1.000     3.000     0.142
     0.000     2.000     2.000     2.000     0.000    -0.960
     2.000     3.000     2.000     2.000     2.000    -0.119
     3.000     1.000     3.000     2.000     4.000    -0.730
     1.000     3.000     2.000     1.000     3.000    -0.108
     2.000     2.000     3.000     2.000     2.000    -0.434
     3.000     4.000     3.000     2.000     4.000     0.766
     3.000     3.000     1.000     1.000     4.000     0.199
     2.000     3.000     3.000     2.000     3.000     0.082
     3.000     3.000     3.000     1.000     2.000     0.184
     1.000     2.000     3.000     1.000     3.000    -0.422
     2.000     3.000     2.000     1.000     3.000     0.026
     2.000     2.000     4.000     3.000     2.000    -0.374
     2.000     3.000     2.000     2.000     2.000    -0.119
     3.000     3.000     2.000     2.000     3.000     0.119
     2.000     2.000     2.000     2.000     2.000    -0.527
     3.000     4.000     3.000     1.000     4.000     0.821
     4.000     4.000     4.000     0.000     4.000     1.513
     1.000     2.000     3.000     1.000     4.000    -0.334
     1.000     1.000     0.000     3.000     1.000    -1.290
     4.000     4.000     4.000     0.000     4.000     1.513
     3.000     3.000     3.000     1.000     3.000     0.292
     3.000     4.000     2.000     0.000     2.000     0.587
     2.000     2.000     2.000     4.000     0.000    -0.797
     4.000     4.000     3.000     1.000     3.000     0.860
     4.000     4.000     4.000     0.000     3.000     1.176
     2.000     1.000     0.000     2.000     1.000    -1.168
     3.000     3.000     2.000     2.000     4.000     0.241
     1.000     3.000     3.000     1.000     4.000     0.104
     3.000     3.000     3.000     0.000     2.000     0.250
     1.000     1.000     1.000     3.000     1.000    -1.228
     2.000     1.000     0.000     1.000     1.000    -1.133
     4.000     4.000     4.000     2.000     3.000     0.953
     3.000     3.000     2.000     1.000     3.000     0.179
     3.000     4.000     2.000     2.000     2.000     0.506
     2.000     4.000     2.000     0.000     0.000     0.384
     1.000     3.000     3.000     1.000     3.000    -0.012
     2.000     3.000     2.000     2.000     3.000    -0.028
     3.000     2.000     2.000     2.000     3.000    -0.322
     3.000     4.000     3.000     1.000     1.000     0.553
     4.000     4.000     2.000     0.000     2.000     0.705
     4.000     4.000     4.000     4.000     3.000     0.827
     2.000     2.000     3.000     3.000     3.000    -0.392
     4.000     4.000     4.000     0.000     3.000     1.176
     2.000     4.000     2.000     1.000     3.000     0.517
     2.000     2.000     2.000     1.000     1.000    -0.559
     2.000     1.000     1.000     1.000     1.000    -1.074
     2.000     2.000     1.000     2.000     2.000    -0.618
     3.000     3.000     3.000     1.000     2.000     0.184
     2.000     2.000     2.000     1.000     3.000    -0.390
     3.000     4.000     4.000     2.000     4.000     0.905
     3.000     3.000     2.000     1.000     3.000     0.179
     3.000     3.000     2.000     2.000     2.000     0.011
     2.000     3.000     2.000     1.000     3.000     0.026
     3.000     3.000     3.000     1.000     3.000     0.292
     3.000     3.000     3.000     2.000     2.000     0.124
     4.000     4.000     3.000     0.000     4.000     1.169
     3.000     3.000     3.000     1.000     3.000     0.292
     2.000     2.000     2.000     2.000     1.000    -0.614
     2.000     3.000     3.000     2.000     3.000     0.082
     2.000     3.000     3.000     2.000     3.000     0.082
     2.000     4.000     2.000     1.000     4.000     0.598
     3.000     4.000     4.000     0.000     4.000     1.101
     3.000     2.000     2.000     2.000     2.000    -0.400
     1.000     2.000     2.000     0.000     0.000    -0.724
     2.000     2.000     2.000     1.000     3.000    -0.390
     2.000     2.000     2.000     1.000     2.000    -0.477
     2.000     2.000     1.000     2.000     3.000    -0.517
     2.000     3.000     3.000     0.000     4.000     0.325
     0.000     3.000     3.000     0.000     3.000    -0.095
     3.000     2.000     3.000     2.000     2.000    -0.320
     3.000     3.000     3.000     4.000     2.000     0.019
     2.000     3.000     3.000     0.000     3.000     0.209
     3.000     3.000     3.000     2.000     3.000     0.237
     2.000     3.000     2.000     2.000     3.000    -0.028
     3.000     4.000     4.000     0.000     4.000     1.101
     2.000     2.000     2.000     2.000     2.000    -0.527
     4.000     4.000     4.000     0.000     4.000     1.513
     3.000     3.000     2.000     2.000     2.000     0.011
     3.000     3.000     2.000     3.000     3.000     0.063
     2.000     2.000     1.000     2.000     1.000    -0.708
     3.000     4.000     2.000     1.000     3.000     0.618
     2.000     3.000     2.000     2.000     2.000    -0.119
     2.000     3.000     3.000     1.000     2.000     0.030
     4.000     4.000     3.000     0.000     4.000     1.169
     3.000     3.000     3.000     2.000     4.000     0.349
     4.000     4.000     4.000     0.000     4.000     1.513
     1.000     4.000     4.000     0.000     4.000     0.715
     4.000     4.000     4.000     0.000     3.000     1.176
     2.000     3.000     3.000     1.000     4.000     0.264
     3.000     4.000     2.000     1.000     4.000     0.711
     1.000     3.000     2.000     2.000     2.000    -0.230
     1.000     3.000     1.000     2.000     3.000    -0.223
     1.000     2.000     2.000     2.000     3.000    -0.566
     3.000     3.000     2.000     1.000     2.000     0.067
     3.000     4.000     3.000     1.000     4.000     0.821
     2.000     2.000     0.000     4.000     2.000    -0.814
     2.000     3.000     3.000     1.000     3.000     0.142
     0.000     0.000     0.000     2.000     0.000    -1.841
     2.000     2.000     3.000     2.000     2.000    -0.434
     2.000     3.000     3.000     0.000     4.000     0.325
     3.000     4.000     4.000     0.000     4.000     1.101
     2.000     2.000     1.000     3.000     1.000    -0.758
     3.000     3.000     2.000     1.000     2.000     0.067
     1.000     2.000     2.000     3.000     3.000    -0.617
     2.000     3.000     3.000     3.000     3.000     0.027
     4.000     4.000     3.000     0.000     4.000     1.169
     0.000     0.000     0.000     4.000     1.000    -1.844
     3.000     4.000     4.000     2.000     4.000     0.905
     3.000     3.000     3.000     1.000     2.000     0.184
     3.000     4.000     3.000     2.000     3.000     0.663
     4.000     4.000     4.000     0.000     3.000     1.176
     2.000     2.000     3.000     2.000     3.000    -0.352
     2.000     2.000     2.000     4.000     2.000    -0.628
     2.000     3.000     1.000     2.000     3.000    -0.111
     3.000     3.000     3.000     1.000     2.000     0.184
     2.000     2.000     1.000     3.000     2.000    -0.670
     1.000     3.000     1.000     1.000     4.000    -0.092
     2.000     2.000     2.000     2.000     4.000    -0.346
     3.000     4.000     2.000     0.000     2.000     0.587
     4.000     4.000     4.000     0.000     4.000     1.513
     3.000     3.000     3.000     2.000     2.000     0.124
     3.000     3.000     2.000     2.000     2.000     0.011
     2.000     2.000     2.000     2.000     2.000    -0.527
     1.000     1.000     1.000     2.000     2.000    -1.144
     2.000     2.000     3.000     1.000     0.000    -0.533
     2.000     2.000     2.000     2.000     3.000    -0.435
     1.000     4.000     4.000     0.000     4.000     0.715
     4.000     3.000     1.000     1.000     2.000     0.127
     2.000     3.000     3.000     1.000     2.000     0.030
     2.000     3.000     3.000     1.000     2.000     0.030
     3.000     4.000     3.000     0.000     4.000     0.898
     1.000     1.000     2.000     0.000     1.000    -1.070
     1.000     2.000     1.000     3.000     3.000    -0.711
     3.000     2.000     3.000     2.000     2.000    -0.320
     2.000     3.000     4.000     2.000     2.000     0.103
     3.000     3.000     2.000     1.000     3.000     0.179
     4.000     4.000     3.000     1.000     4.000     1.035
     4.000     4.000     2.000     0.000     4.000     0.952
     3.000     2.000     2.000     3.000     2.000    -0.442
     3.000     3.000     3.000     2.000     3.000     0.237
     2.000     3.000     2.000     2.000     3.000    -0.028
     3.000     4.000     3.000     1.000     4.000     0.821
     0.000     0.000     2.000     3.000     0.000    -1.678
     4.000     4.000     4.000     0.000     4.000     1.513
     2.000     1.000     2.000     3.000     1.000    -1.083
     3.000     3.000     3.000     1.000     2.000     0.184
     1.000     2.000     2.000     1.000     3.000    -0.513
     3.000     3.000     3.000     1.000     3.000     0.292
     4.000     4.000     4.000     0.000     4.000     1.513
     2.000     3.000     3.000     2.000     3.000     0.082
     3.000     4.000     4.000     4.000     4.000     0.791
     3.000     3.000     3.000     0.000     2.000     0.250
     2.000     2.000     2.000     2.000     2.000    -0.527
     1.000     3.000     3.000     3.000     2.000    -0.190
     1.000     1.000     3.000     2.000     3.000    -0.964
     3.000     3.000     3.000     1.000     2.000     0.184
     2.000     3.000     3.000     2.000     3.000     0.082
     2.000     2.000     3.000     3.000     2.000    -0.478
     0.000     0.000     0.000     4.000     3.000    -1.652
     2.000     3.000     3.000     1.000     3.000     0.142
     1.000     3.000     1.000     1.000     4.000    -0.092
     3.000     3.000     3.000     3.000     3.000     0.181
     1.000     2.000     3.000     2.000     0.000    -0.735
     1.000     3.000     3.000     2.000     1.000    -0.219
     3.000     3.000     2.000     2.000     3.000     0.119
     4.000     4.000     3.000     0.000     4.000     1.169
     3.000     3.000     4.000     1.000     2.000     0.310
     4.000     4.000     3.000     1.000     4.000     1.035
     4.000     4.000     4.000     2.000     4.000     1.187
     4.000     4.000     2.000     1.000     4.000     0.865
     4.000     4.000     4.000     1.000     3.000     1.042
     3.000     3.000     2.000     3.000     3.000     0.063
     2.000     1.000     4.000     3.000     2.000    -0.894
     4.000     4.000     4.000     0.000     4.000     1.513
     3.000     4.000     3.000     0.000     4.000     0.898
     1.000     1.000     0.000     3.000     0.000    -1.348
     3.000     3.000     3.000     2.000     3.000     0.237
     2.000     2.000     2.000     2.000     2.000    -0.527
     2.000     3.000     3.000     2.000     3.000     0.082
     4.000     4.000     3.000     0.000     3.000     0.944
     3.000     3.000     3.000     2.000     3.000     0.237
     2.000     2.000     3.000     3.000     3.000    -0.392
     0.000     0.000     2.000     0.000     3.000    -1.360
     3.000     4.000     4.000     1.000     3.000     0.827
     2.000     2.000     2.000     2.000     3.000    -0.435
     4.000     4.000     3.000     2.000     3.000     0.800
     3.000     3.000     3.000     1.000     2.000     0.184
     3.000     2.000     1.000     2.000     2.000    -0.477
     1.000     2.000     1.000     1.000     2.000    -0.708
     2.000     3.000     3.000     1.000     3.000     0.142
     2.000     2.000     3.000     2.000     2.000    -0.434
     4.000     4.000     4.000     0.000     2.000     0.973
     2.000     3.000     2.000     0.000     3.000     0.090
     1.000     4.000     4.000     0.000     3.000     0.621
     3.000     3.000     3.000     2.000     3.000     0.237
     2.000     2.000     2.000     2.000     3.000    -0.435
     2.000     2.000     1.000     4.000     4.000    -0.505
     4.000     4.000     4.000     0.000     4.000     1.513
     3.000     2.000     4.000     0.000     3.000    -0.095
     2.000     3.000     0.000     1.000     3.000    -0.138
     0.000     1.000     1.000     0.000     1.000    -1.220
     4.000     4.000     4.000     1.000     4.000     1.321
     2.000     2.000     2.000     2.000     2.000    -0.527
     3.000     3.000     3.000     0.000     2.000     0.250
     0.000     0.000     2.000     0.000     0.000    -1.545
     2.000     3.000     3.000     2.000     3.000     0.082
     2.000     3.000     1.000     3.000     3.000    -0.153
     1.000     1.000     1.000     3.000     1.000    -1.228
     0.000     0.000     0.000     4.000     0.000    -2.024
     1.000     1.000     0.000     4.000     3.000    -1.206
     4.000     4.000     1.000     0.000     3.000     0.712
     2.000     3.000     3.000     0.000     3.000     0.209
     3.000     4.000     3.000     1.000     4.000     0.821
     1.000     2.000     3.000     0.000     1.000    -0.539
     3.000     3.000     3.000     1.000     3.000     0.292
     3.000     2.000     3.000     2.000     2.000    -0.320
     4.000     4.000     3.000     1.000     2.000     0.749
     4.000     4.000     1.000     0.000     4.000     0.828
     1.000     1.000     1.000     3.000     1.000    -1.228
     2.000     3.000     3.000     1.000     3.000     0.142
     4.000     4.000     4.000     1.000     4.000     1.321
     3.000     4.000     2.000     2.000     3.000     0.578
     3.000     2.000     1.000     2.000     3.000    -0.392
     2.000     2.000     2.000     2.000     3.000    -0.435
     2.000     3.000     3.000     2.000     1.000    -0.106
     2.000     2.000     2.000     2.000     2.000    -0.527
     2.000     2.000     2.000     3.000     2.000    -0.577
     4.000     4.000     4.000     1.000     3.000     1.042
     2.000     2.000     2.000     2.000     3.000    -0.435
     0.000     2.000     3.000     1.000     1.000    -0.749
     3.000     3.000     3.000     1.000     3.000     0.292
     1.000     2.000     2.000     1.000     4.000    -0.415
     3.000     4.000     4.000     1.000     3.000     0.827
     1.000     0.000     0.000     0.000     0.000    -1.572
     3.000     2.000     2.000     1.000     2.000    -0.357
     0.000     0.000     2.000     0.000     0.000    -1.545
     3.000     4.000     3.000     1.000     4.000     0.821
     2.000     2.000     3.000     3.000     3.000    -0.392
     2.000     2.000     1.000     1.000     2.000    -0.563
     2.000     2.000     3.000     2.000     3.000    -0.352
     1.000     2.000     2.000     3.000     2.000    -0.723
     0.000     0.000     0.000     0.000     0.000    -1.710
     2.000     2.000     0.000     2.000     2.000    -0.713
     1.000     2.000     1.000     1.000     1.000    -0.793
     3.000     3.000     1.000     3.000     4.000     0.083
     2.000     1.000     1.000     3.000     1.000    -1.139
     1.000     3.000     2.000     1.000     2.000    -0.189
     3.000     3.000     3.000     1.000     2.000     0.184
     1.000     3.000     3.000     4.000     4.000    -0.051
     4.000     4.000     4.000     2.000     2.000     0.819
     2.000     2.000     2.000     2.000     2.000    -0.527
     1.000     2.000     2.000     2.000     1.000    -0.759
     2.000     2.000     2.000     2.000     3.000    -0.435
     1.000     2.000     3.000     2.000     2.000    -0.565
     3.000     4.000     3.000     1.000     4.000     0.821
     3.000     4.000     3.000     2.000     4.000     0.766
     3.000     3.000     3.000     2.000     3.000     0.237
     3.000     2.000     3.000     1.000     2.000    -0.281
     3.000     2.000     3.000     1.000     2.000    -0.281
     4.000     4.000     4.000     0.000     4.000     1.513
     1.000     3.000     3.000     2.000     2.000    -0.150
     3.000     3.000     3.000     1.000     3.000     0.292
     2.000     2.000     1.000     3.000     3.000    -0.566
     1.000     2.000     2.000     2.000     0.000    -0.835
     2.000     2.000     3.000     2.000     2.000    -0.434
     3.000     3.000     2.000     0.000     3.000     0.244
     3.000     3.000     2.000     4.000     2.000    -0.081
     1.000     1.000     1.000     1.000     2.000    -1.110
     1.000     3.000     3.000     3.000     3.000    -0.108
     1.000     2.000     1.000     4.000     1.000    -0.929
     1.000     3.000     2.000     2.000     3.000    -0.153
     4.000     4.000     4.000     2.000     3.000     0.953
     2.000     1.000     2.000     2.000     2.000    -1.002
     4.000     4.000     4.000     0.000     4.000     1.513
     3.000     4.000     3.000     1.000     3.000     0.708
     3.000     4.000     3.000     0.000     4.000     0.898
     3.000     3.000     2.000     2.000     3.000     0.119
     3.000     4.000     3.000     1.000     4.000     0.821
     2.000     3.000     3.000     1.000     3.000     0.142
     2.000     2.000     3.000     3.000     3.000    -0.392
     3.000     3.000     3.000     2.000     4.000     0.349
     2.000     3.000     2.000     2.000     2.000    -0.119
     1.000     2.000     1.000     4.000     0.000    -0.993
     3.000     4.000     4.000     1.000     3.000     0.827
     1.000     1.000     2.000     2.000     1.000    -1.140
     2.000     3.000     4.000     1.000     3.000     0.273
     1.000     2.000     0.000     3.000     1.000    -0.963
     3.000     2.000     4.000     3.000     2.000    -0.268
     2.000     2.000     2.000     2.000     2.000    -0.527
     4.000     4.000     4.000     1.000     3.000     1.042
     4.000     4.000     4.000     0.000     4.000     1.513
     1.000     1.000     2.000     3.000     2.000    -1.120
     3.000     3.000     3.000     3.000     3.000     0.181
