     3.000     3.000     3.000     4.000     2.000     0.048
     3.000     4.000     3.000     3.000     2.000     0.125
     3.000     3.000     4.000     3.000     3.000     0.356
     3.000     3.000     3.000     2.000     2.000    -0.324
     3.000     3.000     3.000     2.000     2.000    -0.324
     2.000     2.000     2.000     1.000     2.000    -1.165
     3.000     3.000     2.000     2.000     3.000    -0.515
     2.000     2.000     2.000     2.000     2.000    -1.027
     1.000     2.000     2.000     2.000     3.000    -1.056
     1.000     2.000     2.000     2.000     3.000    -1.056
     4.000     4.000     4.000     4.000     4.000     1.358
     3.000     4.000     4.000     4.000     3.000     0.811
     3.000     4.000     3.000     2.000     3.000     0.096
     4.000     3.000     3.000     2.000     2.000    -0.045
     1.000     3.000     3.000     1.000     2.000    -0.848
     1.000     3.000     1.000     2.000     3.000    -1.138
     4.000     3.000     4.000     3.000     3.000     0.609
     4.000     4.000     3.000     4.000     3.000     0.724
     3.000     3.000     3.000     2.000     2.000    -0.324
     3.000     3.000     3.000     3.000     4.000     0.171
     2.000     3.000     3.000     2.000     2.000    -0.539
     3.000     3.000     3.000     3.000     2.000    -0.146
     4.000     4.000     4.000     3.000     4.000     1.071
     3.000     3.000     3.000     3.000     2.000    -0.146
     3.000     3.000     3.000     2.000     3.000    -0.178
     3.000     3.000     4.000     1.000     2.000    -0.115
     2.000     3.000     3.000     3.000     3.000    -0.237
     1.000     3.000     3.000     1.000     3.000    -0.724
     3.000     2.000     2.000     2.000     3.000    -0.735
     3.000     3.000     3.000     3.000     3.000     0.005
     3.000     3.000     3.000     3.000     3.000     0.005
     3.000     3.000     3.000     3.000     4.000     0.171
     3.000     3.000     3.000     3.000     3.000     0.005
     4.000     4.000     4.000     4.000     2.000     0.924
     4.000     4.000     4.000     3.000     4.000     1.071
     1.000     2.000     2.000     2.000     2.000    -1.170
     3.000     3.000     3.000     3.000     4.000     0.171
     1.000     3.000     2.000     2.000     2.000    -0.979
     1.000     1.000     2.000     2.000     2.000    -1.321
     2.000     3.000     3.000     3.000     3.000    -0.237
     3.000     4.000     4.000     4.000     4.000     0.987
     4.000     2.000     3.000     2.000     3.000    -0.171
     4.000     4.000     4.000     4.000     4.000     1.358
     4.000     3.000     4.000     2.000     3.000     0.433
     3.000     4.000     4.000     2.000     4.000     0.584
     3.000     3.000     3.000     3.000     3.000     0.005
     3.000     3.000     3.000     3.000     3.000     0.005
     2.000     3.000     3.000     2.000     3.000    -0.406
     3.000     3.000     3.000     3.000     3.000     0.005
     4.000     4.000     4.000     4.000     4.000     1.358
     3.000     4.000     4.000     4.000     4.000     0.987
     4.000     4.000     2.000     2.000     2.000    -0.136
     3.000     3.000     3.000     3.000     3.000     0.005
     3.000     4.000     3.000     4.000     4.000     0.621
     2.000     4.000     2.000     2.000     3.000    -0.449
     3.000     4.000     4.000     4.000     1.000     0.518
     4.000     3.000     3.000     3.000     4.000     0.433
     2.000     2.000     2.000     2.000     2.000    -1.027
     4.000     4.000     4.000     4.000     3.000     1.125
     2.000     3.000     3.000     2.000     2.000    -0.539
     3.000     3.000     3.000     3.000     3.000     0.005
     2.000     2.000     1.000     2.000     1.000    -1.387
     2.000     3.000     3.000     2.000     3.000    -0.406
     3.000     3.000     3.000     3.000     3.000     0.005
     3.000     2.000     3.000     3.000     2.000    -0.408
     4.000     4.000     4.000     4.000     4.000     1.358
     3.000     4.000     3.000     2.000     3.000     0.096
     4.000     4.000     3.000     4.000     4.000     0.884
     3.000     3.000     2.000     3.000     2.000    -0.484
     1.000     3.000     2.000     2.000     2.000    -0.979
     3.000     3.000     3.000     3.000     3.000     0.005
     3.000     4.000     3.000     3.000     2.000     0.125
     3.000     3.000     3.000     4.000     2.000     0.048
     3.000     3.000     1.000     2.000     3.000    -0.822
     2.000     2.000     2.000     2.000     2.000    -1.027
     3.000     3.000     3.000     3.000     3.000     0.005
     3.000     3.000     3.000     3.000     3.000     0.005
     3.000     1.000     4.000     4.000     4.000     0.213
     3.000     3.000     3.000     3.000     2.000    -0.146
     3.000     3.000     3.000     3.000     4.000     0.171
     3.000     4.000     4.000     3.000     4.000     0.772
     4.000     4.000     4.000     4.000     4.000     1.358
     3.000     3.000     3.000     3.000     2.000    -0.146
     2.000     3.000     3.000     3.000     3.000    -0.237
     2.000     3.000     3.000     3.000     1.000    -0.493
     3.000     3.000     3.000     3.000     3.000     0.005
     3.000     3.000     3.000     3.000     3.000     0.005
     1.000     3.000     2.000     2.000     3.000    -0.859
     3.000     3.000     1.000     3.000     1.000    -0.898
     4.000     4.000     4.000     4.000     3.000     1.125
     3.000     4.000     3.000     3.000     3.000     0.274
     4.000     3.000     4.000     3.000     4.000     0.766
     3.000     3.000     3.000     3.000     3.000     0.005
     3.000     3.000     2.000     3.000     2.000    -0.484
     4.000     3.000     2.000     2.000     2.000    -0.376
     2.000     3.000     2.000     2.000     3.000    -0.708
     3.000     3.000     2.000     2.000     3.000    -0.515
     3.000     3.000     3.000     3.000     4.000     0.171
     3.000     3.000     3.000     2.000     3.000    -0.178
     0.000     4.000     4.000     3.000     3.000     0.040
     3.000     3.000     4.000     4.000     1.000     0.270
     3.000     3.000     3.000     3.000     3.000     0.005
     3.000     3.000     3.000     4.000     3.000     0.201
     3.000     2.000     3.000     3.000     3.000    -0.273
     3.000     3.000     3.000     3.000     3.000     0.005
     4.000     3.000     3.000     3.000     4.000     0.433
     3.000     4.000     3.000     3.000     3.000     0.274
     3.000     4.000     3.000     3.000     3.000     0.274
     1.000     3.000     3.000     3.000     2.000    -0.536
     4.000     4.000     4.000     4.000     3.000     1.125
     2.000     3.000     3.000     3.000     3.000    -0.237
     4.000     4.000     4.000     3.000     2.000     0.714
     3.000     2.000     3.000     3.000     4.000    -0.116
     4.000     3.000     4.000     4.000     3.000     0.803
     3.000     3.000     3.000     3.000     3.000     0.005
     3.000     4.000     3.000     2.000     3.000     0.096
     4.000     4.000     4.000     2.000     3.000     0.687
     2.000     3.000     2.000     3.000     3.000    -0.553
     2.000     3.000     3.000     3.000     3.000    -0.237
     1.000     1.000     1.000     2.000     1.000    -1.667
     2.000     4.000     4.000     3.000     3.000     0.347
     3.000     3.000     3.000     3.000     3.000     0.005
     0.000     3.000     4.000     3.000     2.000    -0.319
     2.000     3.000     2.000     2.000     1.000    -0.939
     3.000     3.000     3.000     3.000     3.000     0.005
     3.000     3.000     3.000     3.000     3.000     0.005
     4.000     2.000     3.000     2.000     1.000    -0.414
     3.000     2.000     3.000     3.000     2.000    -0.408
     0.000     0.000     2.000     2.000     1.000    -1.735
     3.000     3.000     3.000     3.000     3.000     0.005
     3.000     3.000     3.000     3.000     2.000    -0.146
     3.000     3.000     3.000     3.000     2.000    -0.146
     3.000     3.000     3.000     4.000     4.000     0.362
     2.000     3.000     2.000     3.000     3.000    -0.553
     3.000     4.000     4.000     4.000     3.000     0.811
     3.000     3.000     3.000     3.000     3.000     0.005
     3.000     4.000     4.000     4.000     4.000     0.987
     3.000     4.000     4.000     1.000     4.000     0.409
     2.000     1.000     1.000     3.000     1.000    -1.388
     1.000     3.000     3.000     2.000     3.000    -0.568
     2.000     2.000     3.000     3.000     2.000    -0.606
     1.000     3.000     1.000     1.000     3.000    -1.275
     2.000     3.000     2.000     1.000     3.000    -0.857
     2.000     3.000     3.000     3.000     3.000    -0.237
     3.000     3.000     3.000     3.000     4.000     0.171
     3.000     3.000     3.000     2.000     3.000    -0.178
     3.000     3.000     3.000     3.000     3.000     0.005
     1.000     3.000     3.000     3.000     3.000    -0.402
     3.000     3.000     2.000     2.000     3.000    -0.515
     2.000     2.000     3.000     3.000     3.000    -0.481
     3.000     2.000     2.000     3.000     3.000    -0.583
     3.000     3.000     3.000     3.000     3.000     0.005
     3.000     3.000     3.000     3.000     1.000    -0.274
     3.000     4.000     2.000     3.000     2.000    -0.227
     4.000     4.000     4.000     4.000     4.000     1.358
     4.000     4.000     4.000     4.000     3.000     1.125
     3.000     3.000     3.000     3.000     2.000    -0.146
     4.000     2.000     4.000     3.000     3.000     0.314
     4.000     4.000     4.000     4.000     3.000     1.125
     4.000     4.000     4.000     4.000     4.000     1.358
     3.000     4.000     3.000     3.000     3.000     0.274
     3.000     3.000     3.000     3.000     3.000     0.005
     3.000     3.000     4.000     4.000     3.000     0.541
     2.000     3.000     3.000     2.000     2.000    -0.539
     3.000     4.000     3.000     1.000     3.000    -0.079
     2.000     4.000     3.000     4.000     2.000     0.063
     4.000     4.000     4.000     4.000     3.000     1.125
     2.000     3.000     3.000     3.000     3.000    -0.237
     3.000     4.000     3.000     3.000     4.000     0.432
     2.000     2.000     2.000     2.000     2.000    -1.027
     4.000     4.000     4.000     4.000     4.000     1.358
     2.000     3.000     3.000     3.000     3.000    -0.237
     3.000     3.000     3.000     3.000     3.000     0.005
     4.000     4.000     4.000     3.000     3.000     0.885
     3.000     3.000     1.000     1.000     3.000    -0.967
     4.000     3.000     4.000     4.000     3.000     0.803
     3.000     3.000     3.000     3.000     3.000     0.005
     3.000     4.000     3.000     4.000     3.000     0.464
     3.000     4.000     3.000     2.000     2.000    -0.050
     4.000     4.000     4.000     2.000     3.000     0.687
     4.000     4.000     4.000     4.000     4.000     1.358
     3.000     3.000     4.000     4.000     3.000     0.541
     3.000     3.000     3.000     3.000     4.000     0.171
     3.000     3.000     3.000     3.000     3.000     0.005
     3.000     3.000     3.000     2.000     3.000    -0.178
     3.000     3.000     3.000     3.000     3.000     0.005
     3.000     3.000     3.000     3.000     3.000     0.005
     4.000     3.000     4.000     3.000     3.000     0.609
     3.000     4.000     4.000     0.000     3.000     0.117
     3.000     4.000     3.000     2.000     3.000     0.096
     3.000     3.000     2.000     2.000     2.000    -0.644
     0.000     3.000     2.000     2.000     4.000    -0.868
     2.000     3.000     3.000     3.000     2.000    -0.375
     4.000     4.000     4.000     4.000     3.000     1.125
     3.000     4.000     4.000     4.000     3.000     0.811
     3.000     4.000     3.000     2.000     4.000     0.253
     2.000     2.000     2.000     2.000     3.000    -0.912
     3.000     4.000     4.000     3.000     3.000     0.611
     3.000     3.000     3.000     3.000     3.000     0.005
     4.000     4.000     4.000     4.000     4.000     1.358
     2.000     1.000     3.000     1.000     2.000    -1.052
     2.000     3.000     3.000     3.000     3.000    -0.237
     3.000     3.000     3.000     3.000     3.000     0.005
     4.000     4.000     4.000     4.000     3.000     1.125
     3.000     4.000     4.000     4.000     4.000     0.987
     3.000     2.000     3.000     2.000     3.000    -0.439
     4.000     3.000     4.000     3.000     2.000     0.459
     4.000     2.000     2.000     3.000     2.000    -0.448
     3.000     3.000     4.000     1.000     3.000     0.019
     2.000     3.000     2.000     2.000     3.000    -0.708
     3.000     4.000     3.000     1.000     3.000    -0.079
     4.000     3.000     3.000     3.000     2.000     0.129
     3.000     3.000     4.000     3.000     3.000     0.356
     3.000     4.000     4.000     3.000     4.000     0.772
     4.000     4.000     4.000     4.000     3.000     1.125
     3.000     1.000     3.000     1.000     2.000    -0.885
     2.000     3.000     2.000     3.000     3.000    -0.553
     3.000     3.000     3.000     2.000     3.000    -0.178
     3.000     3.000     3.000     2.000     3.000    -0.178
     3.000     2.000     3.000     3.000     3.000    -0.273
     4.000     4.000     3.000     4.000     3.000     0.724
     4.000     4.000     4.000     4.000     4.000     1.358
     4.000     4.000     3.000     3.000     3.000     0.533
     3.000     3.000     3.000     3.000     3.000     0.005
     3.000     3.000     3.000     3.000     3.000     0.005
     1.000     3.000     2.000     1.000     2.000    -1.124
     4.000     4.000     4.000     3.000     3.000     0.885
     3.000     3.000     3.000     2.000     4.000    -0.012
     3.000     3.000     2.000     2.000     3.000    -0.515
     2.000     3.000     3.000     2.000     3.000    -0.406
     4.000     4.000     3.000     3.000     3.000     0.533
     3.000     3.000     3.000     3.000     3.000     0.005
     3.000     3.000     3.000     3.000     3.000     0.005
     2.000     2.000     3.000     2.000     3.000    -0.636
     2.000     3.000     3.000     3.000     4.000    -0.079
     3.000     4.000     4.000     4.000     3.000     0.811
     1.000     2.000     2.000     3.000     2.000    -1.023
     3.000     3.000     4.000     3.000     3.000     0.356
     3.000     4.000     3.000     3.000     3.000     0.274
     3.000     3.000     3.000     4.000     4.000     0.362
     2.000     2.000     3.000     2.000     3.000    -0.636
     3.000     3.000     3.000     3.000     3.000     0.005
     4.000     4.000     4.000     4.000     4.000     1.358
     1.000     3.000     2.000     2.000     3.000    -0.859
     3.000     2.000     4.000     2.000     2.000    -0.203
     1.000     2.000     4.000     4.000     3.000    -0.117
     3.000     3.000     2.000     2.000     1.000    -0.757
     4.000     4.000     4.000     4.000     4.000     1.358
     3.000     3.000     2.000     2.000     2.000    -0.644
     4.000     4.000     4.000     4.000     4.000     1.358
     2.000     3.000     2.000     2.000     3.000    -0.708
     4.000     4.000     4.000     2.000     3.000     0.687
     4.000     3.000     4.000     2.000     3.000     0.433
     3.000     3.000     3.000     3.000     3.000     0.005
     3.000     4.000     3.000     3.000     4.000     0.432
     2.000     2.000     2.000     2.000     2.000    -1.027
     3.000     3.000     4.000     3.000     3.000     0.356
     4.000     3.000     3.000     3.000     4.000     0.433
     4.000     4.000     3.000     4.000     3.000     0.724
     3.000     3.000     4.000     3.000     4.000     0.509
     3.000     3.000     3.000     2.000     4.000    -0.012
     3.000     3.000     3.000     3.000     3.000     0.005
     3.000     4.000     4.000     4.000     3.000     0.811
     3.000     3.000     3.000     3.000     3.000     0.005
     3.000     3.000     3.000     4.000     3.000     0.201
     3.000     3.000     3.000     2.000     3.000    -0.178
     3.000     4.000     3.000     4.000     3.000     0.464
     3.000     3.000     3.000     3.000     3.000     0.005
     4.000     4.000     4.000     4.000     4.000     1.358
     1.000     2.000     2.000     2.000     2.000    -1.170
     2.000     3.000     3.000     3.000     3.000    -0.237
     1.000     2.000     3.000     2.000     1.000    -1.007
     3.000     4.000     3.000     4.000     3.000     0.464
     3.000     3.000     4.000     2.000     3.000     0.185
     3.000     3.000     3.000     3.000     4.000     0.171
     2.000     2.000     2.000     2.000     2.000    -1.027
     1.000     3.000     2.000     1.000     3.000    -1.006
     3.000     3.000     4.000     2.000     4.000     0.335
     3.000     2.000     1.000     2.000     3.000    -1.017
     4.000     4.000     4.000     3.000     2.000     0.714
     3.000     3.000     3.000     3.000     3.000     0.005
     4.000     4.000     3.000     2.000     2.000     0.210
     3.000     4.000     4.000     3.000     3.000     0.611
     3.000     3.000     3.000     3.000     3.000     0.005
     4.000     3.000     4.000     3.000     3.000     0.609
     3.000     3.000     4.000     2.000     4.000     0.335
     3.000     3.000     3.000     3.000     3.000     0.005
     3.000     3.000     3.000     4.000     3.000     0.201
     3.000     2.000     3.000     3.000     2.000    -0.408
     1.000     3.000     2.000     1.000     3.000    -1.006
     3.000     3.000     3.000     2.000     2.000    -0.324
     4.000     4.000     4.000     4.000     4.000     1.358
     4.000     4.000     3.000     4.000     3.000     0.724
     3.000     3.000     4.000     3.000     4.000     0.509
     3.000     1.000     1.000     1.000     0.000    -1.616
     2.000     3.000     3.000     3.000     3.000    -0.237
     3.000     3.000     3.000     3.000     3.000     0.005
     3.000     4.000     4.000     4.000     4.000     0.987
     3.000     3.000     3.000     3.000     3.000     0.005
     3.000     3.000     3.000     3.000     3.000     0.005
     3.000     3.000     3.000     3.000     3.000     0.005
     3.000     1.000     3.000     1.000     1.000    -0.991
     4.000     3.000     4.000     4.000     4.000     0.974
     3.000     2.000     3.000     0.000     3.000    -0.740
     3.000     4.000     4.000     4.000     3.000     0.811
     3.000     3.000     3.000     3.000     3.000     0.005
     2.000     3.000     3.000     4.000     2.000    -0.192
     4.000     4.000     3.000     3.000     3.000     0.533
     3.000     3.000     3.000     4.000     3.000     0.201
     1.000     3.000     3.000     2.000     2.000    -0.696
     3.000     4.000     4.000     3.000     4.000     0.772
     4.000     4.000     4.000     4.000     3.000     1.125
     3.000     1.000     2.000     2.000     4.000    -0.750
     4.000     3.000     3.000     3.000     3.000     0.278
     4.000     3.000     3.000     3.000     4.000     0.433
     2.000     3.000     3.000     3.000     3.000    -0.237
     2.000     3.000     3.000     1.000     3.000    -0.568
     2.000     3.000     2.000     2.000     2.000    -0.830
     3.000     3.000     3.000     2.000     1.000    -0.449
     2.000     2.000     2.000     2.000     2.000    -1.027
     3.000     4.000     3.000     3.000     3.000     0.274
     3.000     3.000     3.000     3.000     2.000    -0.146
     3.000     3.000     3.000     3.000     3.000     0.005
     1.000     2.000     2.000     3.000     2.000    -1.023
     3.000     3.000     3.000     3.000     3.000     0.005
     3.000     3.000     3.000     3.000     2.000    -0.146
     2.000     3.000     3.000     2.000     3.000    -0.406
     3.000     4.000     3.000     2.000     3.000     0.096
     3.000     3.000     3.000     1.000     3.000    -0.355
     4.000     4.000     4.000     3.000     3.000     0.885
     3.000     4.000     4.000     3.000     2.000     0.458
     3.000     3.000     2.000     4.000     3.000    -0.175
     0.000     2.000     2.000     2.000     1.000    -1.436
     2.000     3.000     4.000     2.000     2.000    -0.170
     3.000     3.000     3.000     3.000     2.000    -0.146
     2.000     2.000     2.000     2.000     3.000    -0.912
     3.000     3.000     3.000     3.000     3.000     0.005
     3.000     3.000     2.000     2.000     3.000    -0.515
     3.000     3.000     3.000     2.000     3.000    -0.178
     1.000     0.000     2.000     1.000     3.000    -1.486
     3.000     4.000     3.000     4.000     4.000     0.621
     2.000     3.000     3.000     2.000     3.000    -0.406
     0.000     4.000     3.000     0.000     4.000    -0.603
     4.000     4.000     4.000     2.000     4.000     0.852
     2.000     2.000     3.000     2.000     2.000    -0.757
     3.000     3.000     3.000     2.000     2.000    -0.324
     2.000     2.000     2.000     2.000     2.000    -1.027
     2.000     3.000     3.000     2.000     2.000    -0.539
     3.000     3.000     3.000     3.000     3.000     0.005
     3.000     3.000     2.000     3.000     2.000    -0.484
     3.000     3.000     3.000     3.000     2.000    -0.146
     4.000     4.000     4.000     3.000     3.000     0.885
     4.000     4.000     4.000     3.000     3.000     0.885
     4.000     4.000     2.000     2.000     3.000    -0.012
     2.000     3.000     2.000     2.000     2.000    -0.830
     3.000     3.000     3.000     3.000     2.000    -0.146
     3.000     2.000     2.000     3.000     3.000    -0.583
     0.000     4.000     0.000     1.000     3.000    -1.396
     3.000     3.000     3.000     3.000     3.000     0.005
     4.000     4.000     4.000     4.000     3.000     1.125
     4.000     4.000     3.000     3.000     4.000     0.689
     3.000     3.000     2.000     4.000     2.000    -0.307
     3.000     3.000     2.000     1.000     3.000    -0.672
     3.000     3.000     3.000     2.000     3.000    -0.178
     2.000     3.000     2.000     2.000     2.000    -0.830
     4.000     4.000     3.000     4.000     3.000     0.724
     2.000     2.000     2.000     3.000     2.000    -0.880
     3.000     2.000     3.000     3.000     4.000    -0.116
     4.000     4.000     4.000     4.000     3.000     1.125
     4.000     3.000     3.000     3.000     3.000     0.278
     4.000     4.000     3.000     4.000     4.000     0.884
     4.000     4.000     4.000     4.000     4.000     1.358
     2.000     3.000     3.000     2.000     2.000    -0.539
     2.000     3.000     3.000     2.000     3.000    -0.406
     2.000     4.000     4.000     2.000     3.000     0.188
     3.000     3.000     3.000     3.000     3.000     0.005
     2.000     3.000     2.000     2.000     3.000    -0.708
     4.000     4.000     4.000     3.000     4.000     1.071
     2.000     2.000     2.000     2.000     2.000    -1.027
     3.000     3.000     3.000     3.000     3.000     0.005
     3.000     3.000     3.000     3.000     3.000     0.005
     4.000     4.000     4.000     4.000     4.000     1.358
     2.000     3.000     2.000     3.000     3.000    -0.553
     3.000     4.000     3.000     4.000     3.000     0.464
     2.000     4.000     3.000     3.000     3.000     0.025
     3.000     3.000     2.000     2.000     3.000    -0.515
     3.000     3.000     3.000     3.000     3.000     0.005
