     3.000     3.000     4.000     1.000     2.000    -0.336
     3.000     3.000     3.000     2.000     3.000    -0.313
     4.000     4.000     4.000     2.000     4.000     0.817
     3.000     2.000     3.000     2.000     2.000    -0.937
     4.000     4.000     4.000     1.000     4.000     0.974
     3.000     2.000     3.000     2.000     3.000    -0.729
     2.000     3.000     3.000     2.000     3.000    -0.656
     2.000     2.000     2.000     2.000     2.000    -1.258
     2.000     2.000     3.000     1.000     2.000    -1.065
     2.000     2.000     2.000     2.000     2.000    -1.258
     1.000     1.000     2.000     4.000     1.000    -1.990
     3.000     3.000     4.000     1.000     2.000    -0.336
     4.000     4.000     4.000     0.000     4.000     1.242
     2.000     2.000     3.000     2.000     3.000    -0.984
     2.000     3.000     2.000     2.000     3.000    -0.751
     2.000     2.000     3.000     2.000     3.000    -0.984
     3.000     3.000     3.000     1.000     2.000    -0.454
     4.000     4.000     4.000     0.000     4.000     1.242
     4.000     4.000     4.000     0.000     3.000     0.847
     4.000     4.000     4.000     1.000     4.000     0.974
     3.000     1.000     2.000     2.000     3.000    -1.182
     3.000     3.000     3.000     1.000     3.000    -0.172
     4.000     4.000     4.000     0.000     4.000     1.242
     4.000     4.000     2.000     0.000     4.000     0.867
     3.000     3.000     3.000     1.000     3.000    -0.172
     3.000     3.000     4.000     1.000     3.000    -0.042
     3.000     3.000     3.000     1.000     3.000    -0.172
     3.000     2.000     3.000     2.000     2.000    -0.937
     3.000     4.000     4.000     3.000     4.000     0.378
     4.000     3.000     3.000     1.000     3.000     0.166
     3.000     3.000     3.000     1.000     3.000    -0.172
     4.000     4.000     4.000     3.000     3.000     0.425
     3.000     3.000     4.000     1.000     3.000    -0.042
     3.000     4.000     3.000     0.000     3.000     0.393
     4.000     4.000     4.000     0.000     4.000     1.242
     3.000     2.000     2.000     2.000     2.000    -1.031
     2.000     3.000     4.000     3.000     2.000    -0.860
     3.000     3.000     2.000     2.000     3.000    -0.433
     4.000     3.000     2.000     2.000     3.000    -0.068
     4.000     2.000     2.000     0.000     3.000    -0.278
     4.000     4.000     4.000     0.000     4.000     1.242
     3.000     3.000     3.000     1.000     3.000    -0.172
     4.000     3.000     4.000     2.000     2.000    -0.120
     3.000     3.000     3.000     0.000     3.000    -0.019
     4.000     4.000     3.000     0.000     4.000     1.015
     3.000     2.000     3.000     2.000     2.000    -0.937
     3.000     3.000     3.000     1.000     3.000    -0.172
     4.000     3.000     2.000     2.000     3.000    -0.068
     3.000     3.000     3.000     3.000     3.000    -0.444
     3.000     4.000     4.000     1.000     4.000     0.608
     3.000     3.000     4.000     2.000     3.000    -0.183
     3.000     3.000     2.000     3.000     3.000    -0.559
     3.000     3.000     3.000     1.000     3.000    -0.172
     3.000     4.000     2.000     0.000     4.000     0.527
     3.000     4.000     3.000     2.000     3.000     0.152
     3.000     3.000     4.000     0.000     3.000     0.110
     3.000     3.000     4.000     2.000     3.000    -0.183
     2.000     2.000     2.000     2.000     2.000    -1.258
     4.000     4.000     4.000     1.000     3.000     0.673
     3.000     3.000     3.000     2.000     3.000    -0.313
     3.000     3.000     3.000     1.000     3.000    -0.172
     2.000     2.000     2.000     2.000     3.000    -1.074
     4.000     3.000     3.000     0.000     4.000     0.552
     3.000     3.000     2.000     0.000     3.000    -0.141
     3.000     3.000     3.000     1.000     3.000    -0.172
     4.000     4.000     4.000     2.000     4.000     0.817
     3.000     3.000     2.000     2.000     4.000    -0.121
     4.000     4.000     4.000     1.000     4.000     0.974
     3.000     3.000     3.000     1.000     3.000    -0.172
     3.000     3.000     3.000     3.000     3.000    -0.444
     3.000     3.000     3.000     3.000     3.000    -0.444
     3.000     3.000     4.000     0.000     4.000     0.375
     3.000     2.000     3.000     2.000     3.000    -0.729
     0.000     3.000     3.000     2.000     3.000    -0.998
     2.000     2.000     2.000     3.000     3.000    -1.167
     4.000     3.000     3.000     0.000     3.000     0.306
     4.000     4.000     3.000     0.000     3.000     0.700
     4.000     4.000     3.000     2.000     4.000     0.675
     3.000     3.000     3.000     0.000     3.000    -0.019
     4.000     3.000     2.000     2.000     2.000    -0.330
     3.000     4.000     4.000     1.000     4.000     0.608
     4.000     4.000     4.000     1.000     4.000     0.974
     4.000     4.000     4.000     1.000     3.000     0.673
     3.000     4.000     4.000     0.000     3.000     0.509
     3.000     3.000     3.000     1.000     3.000    -0.172
     3.000     3.000     3.000     0.000     3.000    -0.019
     3.000     3.000     3.000     1.000     3.000    -0.172
     2.000     2.000     3.000     2.000     2.000    -1.170
     3.000     3.000     4.000     2.000     4.000     0.112
     3.000     3.000     4.000     1.000     3.000    -0.042
     3.000     4.000     3.000     0.000     3.000     0.393
     3.000     2.000     4.000     1.000     3.000    -0.511
     3.000     3.000     3.000     1.000     3.000    -0.172
     3.000     3.000     3.000     2.000     2.000    -0.581
     4.000     4.000     0.000     0.000     1.000    -0.006
     3.000     2.000     2.000     2.000     3.000    -0.826
     3.000     2.000     3.000     2.000     3.000    -0.729
     4.000     3.000     3.000     1.000     3.000     0.166
     3.000     3.000     3.000     1.000     3.000    -0.172
     4.000     3.000     3.000     1.000     2.000    -0.112
     4.000     4.000     4.000     0.000     4.000     1.242
     3.000     3.000     3.000     3.000     3.000    -0.444
     4.000     4.000     4.000     1.000     4.000     0.974
     3.000     3.000     4.000     3.000     3.000    -0.318
     3.000     3.000     2.000     0.000     3.000    -0.141
     3.000     2.000     2.000     3.000     2.000    -1.129
     4.000     4.000     4.000     1.000     3.000     0.673
     2.000     4.000     2.000     2.000     3.000    -0.272
     4.000     3.000     4.000     1.000     3.000     0.284
     4.000     4.000     3.000     3.000     3.000     0.315
     3.000     3.000     4.000     0.000     4.000     0.375
     4.000     4.000     4.000     0.000     4.000     1.242
     4.000     3.000     3.000     1.000     3.000     0.166
     3.000     4.000     4.000     0.000     3.000     0.509
     3.000     3.000     3.000     1.000     3.000    -0.172
     3.000     3.000     4.000     2.000     4.000     0.112
     2.000     2.000     3.000     4.000     2.000    -1.351
     4.000     4.000     4.000     0.000     4.000     1.242
     3.000     4.000     4.000     0.000     4.000     0.759
     2.000     1.000     2.000     2.000     2.000    -1.540
     4.000     4.000     4.000     0.000     4.000     1.242
     4.000     3.000     3.000     0.000     3.000     0.306
     4.000     4.000     4.000     0.000     4.000     1.242
     1.000     1.000     3.000     3.000     1.000    -1.823
     4.000     4.000     3.000     2.000     3.000     0.429
     4.000     3.000     3.000     1.000     3.000     0.166
     3.000     2.000     3.000     2.000     2.000    -0.937
     3.000     3.000     2.000     2.000     3.000    -0.433
     3.000     3.000     4.000     0.000     4.000     0.375
     3.000     3.000     4.000     2.000     3.000    -0.183
     3.000     3.000     2.000     2.000     3.000    -0.433
     4.000     3.000     4.000     1.000     3.000     0.284
     3.000     4.000     4.000     1.000     3.000     0.373
     3.000     2.000     3.000     2.000     3.000    -0.729
     3.000     4.000     4.000     1.000     4.000     0.608
     3.000     3.000     3.000     3.000     3.000    -0.444
     4.000     4.000     4.000     0.000     4.000     1.242
     3.000     4.000     4.000     0.000     4.000     0.759
     2.000     1.000     2.000     1.000     2.000    -1.445
     4.000     3.000     3.000     2.000     3.000     0.041
     3.000     2.000     3.000     2.000     2.000    -0.937
     3.000     3.000     2.000     1.000     3.000    -0.293
     3.000     3.000     3.000     2.000     2.000    -0.581
     4.000     3.000     3.000     0.000     4.000     0.552
     4.000     3.000     3.000     1.000     4.000     0.414
     4.000     3.000     4.000     1.000     3.000     0.284
     4.000     3.000     4.000     1.000     3.000     0.284
     3.000     2.000     4.000     1.000     3.000    -0.511
     3.000     3.000     3.000     2.000     3.000    -0.313
     3.000     3.000     3.000     0.000     3.000    -0.019
     3.000     3.000     3.000     2.000     3.000    -0.313
     2.000     2.000     4.000     2.000     2.000    -1.078
     3.000     3.000     3.000     1.000     3.000    -0.172
     3.000     4.000     4.000     1.000     4.000     0.608
     4.000     4.000     4.000     0.000     4.000     1.242
     4.000     4.000     3.000     0.000     4.000     1.015
     1.000     2.000     2.000     2.000     1.000    -1.584
     1.000     2.000     3.000     2.000     1.000    -1.499
     4.000     3.000     3.000     0.000     3.000     0.306
     3.000     3.000     3.000     2.000     2.000    -0.581
     4.000     3.000     4.000     1.000     3.000     0.284
     3.000     3.000     3.000     1.000     3.000    -0.172
     3.000     4.000     4.000     2.000     3.000     0.259
     3.000     3.000     3.000     0.000     3.000    -0.019
     3.000     3.000     3.000     1.000     3.000    -0.172
     2.000     2.000     4.000     2.000     4.000    -0.634
     4.000     4.000     4.000     0.000     4.000     1.242
     4.000     3.000     4.000     0.000     3.000     0.426
     4.000     4.000     4.000     2.000     3.000     0.547
     2.000     2.000     2.000     1.000     2.000    -1.153
     4.000     4.000     4.000     4.000     4.000     0.580
     3.000     3.000     3.000     1.000     3.000    -0.172
     3.000     3.000     3.000     1.000     3.000    -0.172
     3.000     3.000     2.000     3.000     3.000    -0.559
     1.000     2.000     3.000     4.000     3.000    -1.342
     3.000     3.000     3.000     0.000     3.000    -0.019
     3.000     3.000     4.000     1.000     3.000    -0.042
     4.000     4.000     4.000     0.000     3.000     0.847
     3.000     3.000     2.000     0.000     3.000    -0.141
     4.000     4.000     4.000     0.000     3.000     0.847
     4.000     4.000     4.000     0.000     3.000     0.847
     4.000     3.000     3.000     0.000     4.000     0.552
     4.000     3.000     4.000     1.000     3.000     0.284
     3.000     3.000     3.000     1.000     3.000    -0.172
     3.000     3.000     4.000     1.000     3.000    -0.042
     3.000     3.000     3.000     0.000     3.000    -0.019
     3.000     3.000     3.000     1.000     3.000    -0.172
     3.000     3.000     3.000     1.000     2.000    -0.454
     4.000     4.000     4.000     0.000     4.000     1.242
     3.000     4.000     4.000     2.000     2.000     0.003
     4.000     4.000     4.000     0.000     4.000     1.242
     3.000     4.000     4.000     0.000     4.000     0.759
     3.000     3.000     3.000     1.000     3.000    -0.172
     4.000     4.000     2.000     0.000     4.000     0.867
     3.000     3.000     4.000     3.000     2.000    -0.584
     4.000     3.000     3.000     1.000     3.000     0.166
     3.000     3.000     3.000     1.000     3.000    -0.172
     4.000     4.000     4.000     0.000     4.000     1.242
     3.000     3.000     4.000     0.000     3.000     0.110
     4.000     4.000     4.000     0.000     2.000     0.500
     3.000     3.000     3.000     2.000     3.000    -0.313
     4.000     4.000     4.000     1.000     4.000     0.974
     4.000     4.000     4.000     0.000     3.000     0.847
     4.000     4.000     3.000     0.000     3.000     0.700
     4.000     4.000     4.000     0.000     4.000     1.242
     3.000     3.000     2.000     2.000     2.000    -0.685
     3.000     3.000     4.000     3.000     3.000    -0.318
     3.000     2.000     4.000     3.000     2.000    -0.938
     3.000     3.000     4.000     0.000     4.000     0.375
     2.000     3.000     3.000     2.000     3.000    -0.656
     3.000     3.000     4.000     1.000     3.000    -0.042
     3.000     3.000     3.000     1.000     3.000    -0.172
     3.000     3.000     3.000     2.000     3.000    -0.313
     4.000     4.000     4.000     0.000     4.000     1.242
     4.000     3.000     4.000     2.000     3.000     0.160
     3.000     2.000     3.000     2.000     3.000    -0.729
     3.000     3.000     3.000     2.000     3.000    -0.313
     3.000     3.000     3.000     1.000     2.000    -0.454
     3.000     3.000     4.000     2.000     3.000    -0.183
     2.000     3.000     3.000     3.000     3.000    -0.758
     4.000     4.000     3.000     0.000     4.000     1.015
     4.000     4.000     4.000     2.000     4.000     0.817
     3.000     3.000     4.000     2.000     4.000     0.112
     3.000     3.000     3.000     1.000     3.000    -0.172
     3.000     4.000     4.000     1.000     3.000     0.373
     2.000     3.000     2.000     2.000     2.000    -0.946
     4.000     3.000     4.000     3.000     4.000     0.293
     4.000     3.000     3.000     1.000     3.000     0.166
     4.000     3.000     4.000     2.000     4.000     0.411
     3.000     3.000     2.000     1.000     3.000    -0.293
     4.000     4.000     4.000     1.000     4.000     0.974
     4.000     4.000     4.000     1.000     3.000     0.673
     3.000     3.000     3.000     3.000     3.000    -0.444
     3.000     3.000     3.000     1.000     3.000    -0.172
     4.000     3.000     4.000     1.000     3.000     0.284
     4.000     3.000     4.000     1.000     4.000     0.529
     1.000     2.000     2.000     3.000     2.000    -1.516
     3.000     4.000     2.000     0.000     3.000     0.293
     3.000     3.000     4.000     2.000     2.000    -0.466
     3.000     3.000     4.000     1.000     3.000    -0.042
     3.000     3.000     3.000     1.000     3.000    -0.172
     3.000     3.000     3.000     1.000     3.000    -0.172
     4.000     4.000     4.000     1.000     4.000     0.974
     3.000     3.000     3.000     0.000     3.000    -0.019
     3.000     2.000     3.000     2.000     2.000    -0.937
     4.000     2.000     2.000     1.000     3.000    -0.386
     3.000     3.000     2.000     1.000     3.000    -0.293
     4.000     3.000     3.000     1.000     3.000     0.166
     3.000     3.000     3.000     2.000     3.000    -0.313
     4.000     4.000     4.000     1.000     3.000     0.673
     3.000     4.000     3.000     2.000     3.000     0.152
     2.000     2.000     2.000     4.000     2.000    -1.440
     4.000     4.000     4.000     1.000     4.000     0.974
     3.000     3.000     3.000     1.000     3.000    -0.172
     4.000     4.000     4.000     0.000     4.000     1.242
     3.000     3.000     4.000     1.000     3.000    -0.042
     4.000     4.000     4.000     0.000     3.000     0.847
     4.000     4.000     3.000     0.000     4.000     1.015
     4.000     4.000     4.000     0.000     4.000     1.242
     4.000     4.000     4.000     1.000     4.000     0.974
     3.000     3.000     2.000     2.000     2.000    -0.685
     4.000     3.000     4.000     1.000     4.000     0.529
     4.000     4.000     4.000     2.000     4.000     0.817
     3.000     3.000     4.000     2.000     3.000    -0.183
     4.000     4.000     3.000     1.000     4.000     0.812
     3.000     3.000     2.000     2.000     2.000    -0.685
     4.000     3.000     3.000     0.000     3.000     0.306
     3.000     3.000     4.000     1.000     3.000    -0.042
     4.000     4.000     4.000     0.000     4.000     1.242
     3.000     3.000     3.000     0.000     3.000    -0.019
     4.000     4.000     4.000     1.000     4.000     0.974
     3.000     3.000     2.000     1.000     3.000    -0.293
     4.000     2.000     4.000     1.000     3.000    -0.206
     3.000     3.000     4.000     2.000     4.000     0.112
     3.000     3.000     4.000     0.000     3.000     0.110
     2.000     3.000     3.000     2.000     2.000    -0.859
     3.000     3.000     4.000     2.000     2.000    -0.466
     4.000     4.000     4.000     1.000     4.000     0.974
     4.000     1.000     4.000     1.000     1.000    -0.913
     4.000     4.000     4.000     0.000     4.000     1.242
     3.000     3.000     3.000     1.000     3.000    -0.172
     4.000     3.000     3.000     1.000     3.000     0.166
     4.000     4.000     3.000     1.000     3.000     0.547
     3.000     3.000     3.000     1.000     2.000    -0.454
     4.000     3.000     4.000     1.000     3.000     0.284
     4.000     3.000     4.000     1.000     3.000     0.284
     4.000     4.000     3.000     0.000     4.000     1.015
     3.000     3.000     3.000     1.000     3.000    -0.172
     3.000     3.000     3.000     1.000     3.000    -0.172
     2.000     2.000     3.000     2.000     2.000    -1.170
     3.000     3.000     3.000     1.000     3.000    -0.172
     4.000     4.000     4.000     0.000     4.000     1.242
     4.000     4.000     4.000     0.000     4.000     1.242
     0.000     1.000     4.000     4.000     1.000    -1.979
     3.000     2.000     4.000     1.000     3.000    -0.511
     4.000     4.000     3.000     0.000     4.000     1.015
     3.000     3.000     3.000     1.000     3.000    -0.172
     3.000     3.000     3.000     0.000     3.000    -0.019
     3.000     3.000     4.000     1.000     3.000    -0.042
     3.000     3.000     2.000     2.000     2.000    -0.685
     3.000     3.000     3.000     1.000     3.000    -0.172
     3.000     3.000     3.000     0.000     3.000    -0.019
     0.000     0.000     0.000     4.000     4.000    -1.880
     2.000     2.000     2.000     2.000     2.000    -1.258
     4.000     2.000     3.000     1.000     3.000    -0.299
     3.000     3.000     3.000     1.000     3.000    -0.172
     3.000     2.000     3.000     2.000     3.000    -0.729
     4.000     3.000     3.000     0.000     4.000     0.552
     3.000     3.000     4.000     0.000     4.000     0.375
     3.000     3.000     4.000     1.000     3.000    -0.042
     4.000     4.000     4.000     0.000     4.000     1.242
     4.000     4.000     4.000     0.000     4.000     1.242
     1.000     2.000     4.000     1.000     3.000    -0.966
     3.000     3.000     4.000     0.000     3.000     0.110
     4.000     4.000     3.000     0.000     3.000     0.700
     3.000     3.000     3.000     2.000     4.000    -0.009
     3.000     3.000     3.000     3.000     3.000    -0.444
     3.000     3.000     4.000     1.000     3.000    -0.042
     3.000     2.000     3.000     1.000     3.000    -0.614
     2.000     2.000     2.000     2.000     2.000    -1.258
     2.000     2.000     4.000     0.000     2.000    -0.869
     4.000     4.000     4.000     0.000     4.000     1.242
     3.000     3.000     3.000     2.000     3.000    -0.313
     4.000     3.000     4.000     0.000     3.000     0.426
     3.000     3.000     3.000     1.000     3.000    -0.172
     4.000     4.000     4.000     0.000     4.000     1.242
     3.000     3.000     3.000     1.000     3.000    -0.172
     1.000     0.000     4.000     4.000     1.000    -2.046
     3.000     2.000     2.000     2.000     3.000    -0.826
     3.000     3.000     3.000     2.000     2.000    -0.581
     4.000     4.000     4.000     0.000     4.000     1.242
     3.000     4.000     3.000     0.000     4.000     0.632
     2.000     0.000     4.000     4.000     0.000    -2.038
     3.000     3.000     3.000     1.000     3.000    -0.172
     3.000     3.000     3.000     3.000     3.000    -0.444
     2.000     2.000     4.000     4.000     0.000    -1.564
     3.000     3.000     4.000     2.000     3.000    -0.183
     3.000     3.000     3.000     2.000     2.000    -0.581
     4.000     4.000     3.000     0.000     3.000     0.700
     3.000     3.000     3.000     2.000     1.000    -0.782
     4.000     4.000     3.000     1.000     4.000     0.812
     3.000     3.000     1.000     1.000     2.000    -0.659
     3.000     3.000     3.000     0.000     3.000    -0.019
     4.000     3.000     4.000     0.000     4.000     0.673
     3.000     2.000     3.000     2.000     3.000    -0.729
     3.000     3.000     3.000     3.000     3.000    -0.444
     3.000     2.000     2.000     2.000     2.000    -1.031
     3.000     2.000     3.000     2.000     2.000    -0.937
     4.000     3.000     3.000     1.000     3.000     0.166
     3.000     3.000     3.000     2.000     2.000    -0.581
     3.000     3.000     3.000     1.000     4.000     0.118
     3.000     4.000     4.000     0.000     3.000     0.509
     3.000     4.000     4.000     0.000     3.000     0.509
     4.000     4.000     4.000     0.000     4.000     1.242
     3.000     2.000     3.000     3.000     3.000    -0.833
     3.000     3.000     3.000     1.000     3.000    -0.172
     3.000     4.000     3.000     4.000     2.000    -0.274
     3.000     1.000     2.000     4.000     2.000    -1.522
     4.000     4.000     4.000     4.000     4.000     0.580
     4.000     4.000     4.000     0.000     4.000     1.242
     3.000     4.000     4.000     2.000     3.000     0.259
     3.000     3.000     2.000     2.000     4.000    -0.121
     3.000     4.000     4.000     1.000     3.000     0.373
     3.000     3.000     4.000     3.000     3.000    -0.318
     4.000     3.000     3.000     0.000     3.000     0.306
     3.000     4.000     4.000     0.000     4.000     0.759
     2.000     2.000     2.000     2.000     3.000    -1.074
     3.000     2.000     3.000     2.000     3.000    -0.729
     4.000     3.000     4.000     0.000     4.000     0.673
     3.000     4.000     3.000     0.000     3.000     0.393
     4.000     4.000     3.000     1.000     3.000     0.547
     4.000     4.000     4.000     0.000     4.000     1.242
     3.000     2.000     4.000     1.000     3.000    -0.511
     3.000     3.000     3.000     2.000     3.000    -0.313
     3.000     3.000     3.000     2.000     3.000    -0.313
     3.000     3.000     3.000     2.000     3.000    -0.313
     2.000     2.000     4.000     1.000     3.000    -0.786
     4.000     4.000     4.000     0.000     4.000     1.242
     2.000     2.000     2.000     2.000     3.000    -1.074
     4.000     4.000     4.000     0.000     3.000     0.847
     3.000     3.000     1.000     2.000     2.000    -0.778
     4.000     4.000     4.000     1.000     4.000     0.974
     2.000     2.000     2.000     2.000     3.000    -1.074
     4.000     3.000     3.000     0.000     3.000     0.306
     4.000     4.000     4.000     0.000     4.000     1.242
     2.000     2.000     2.000     3.000     1.000    -1.507
     3.000     3.000     3.000     1.000     3.000    -0.172
