     1.000     2.000     2.000     2.000    -0.836
     3.000     2.000     2.000     1.000    -0.378
     1.000     2.000     1.000     2.000    -0.687
     2.000     2.000     3.000     3.000    -0.427
     2.000     1.000     0.000     4.000     0.493
     1.000     2.000     1.000     2.000    -0.687
     2.000     2.000     2.000     3.000    -0.287
     2.000     2.000     2.000     2.000    -0.505
     2.000     3.000     2.000     2.000    -0.697
     2.000     2.000     2.000     2.000    -0.505
     2.000     1.000     1.000     1.000    -0.365
     3.000     0.000     0.000     3.000     0.851
     2.000     3.000     1.000     2.000    -0.550
     2.000     2.000     1.000     1.000    -0.562
     1.000     2.000     2.000     2.000    -0.836
     0.000     2.000     2.000     3.000    -0.989
     3.000     1.000     1.000     3.000     0.421
     3.000     1.000     1.000     3.000     0.421
     2.000     1.000     2.000     1.000    -0.513
     3.000     1.000     0.000     3.000     0.612
     2.000     2.000     3.000     2.000    -0.643
     3.000     2.000     1.000     3.000     0.212
     2.000     1.000     1.000     2.000    -0.157
     3.000     1.000     0.000     3.000     0.612
     3.000     1.000     1.000     3.000     0.421
     2.000     1.000     2.000     1.000    -0.513
     3.000     2.000     2.000     3.000     0.055
     2.000     1.000     2.000     2.000    -0.306
     4.000     2.000     4.000     2.000    -0.038
     2.000     2.000     2.000     1.000    -0.709
     0.000     2.000     2.000     2.000    -1.203
     3.000     0.000     0.000     2.000     0.597
     2.000     2.000     1.000     3.000    -0.136
     1.000     1.000     1.000     0.000    -0.898
     3.000     1.000     1.000     4.000     0.681
     1.000     1.000     1.000     2.000    -0.488
     4.000     0.000     0.000     3.000     1.286
     1.000     2.000     2.000     2.000    -0.836
     2.000     2.000     0.000     2.000    -0.186
     4.000     0.000     0.000     3.000     1.286
     3.000     0.000     0.000     3.000     0.851
     1.000     2.000     1.000     1.000    -0.892
     3.000     0.000     1.000     3.000     0.651
     1.000     2.000     2.000     1.000    -1.041
     1.000     3.000     3.000     0.000    -1.573
     3.000     1.000     1.000     3.000     0.421
     3.000     1.000     1.000     3.000     0.421
     2.000     2.000     2.000     3.000    -0.287
     3.000     1.000     0.000     3.000     0.612
     4.000     0.000     0.000     3.000     1.286
     0.000     4.000     4.000     2.000    -1.872
     1.000     1.000     1.000     0.000    -0.898
     3.000     1.000     2.000     3.000     0.261
     2.000     1.000     1.000     2.000    -0.157
     3.000     0.000     3.000     2.000     0.104
     2.000     0.000     1.000     3.000     0.279
     3.000     0.000     0.000     3.000     0.851
     2.000     2.000     2.000     2.000    -0.505
     4.000     1.000     0.000     4.000     1.297
     2.000     2.000     2.000     2.000    -0.505
     2.000     1.000     0.000     2.000     0.015
     2.000     3.000     3.000     3.000    -0.620
     2.000     1.000     2.000     2.000    -0.306
     1.000     2.000     0.000     1.000    -0.725
     3.000     2.000     1.000     2.000    -0.016
     2.000     1.000     3.000     1.000    -0.649
     2.000     2.000     2.000     2.000    -0.505
     2.000     0.000     0.000     3.000     0.459
     3.000     2.000     1.000     3.000     0.212
     3.000     1.000     1.000     3.000     0.421
     3.000     2.000     1.000     3.000     0.212
     2.000     2.000     2.000     3.000    -0.287
     4.000     1.000     1.000     4.000     1.076
     3.000     2.000     2.000     1.000    -0.378
     2.000     2.000     2.000     2.000    -0.505
     4.000     0.000     0.000     3.000     1.286
     1.000     3.000     1.000     3.000    -0.663
     3.000     0.000     2.000     3.000     0.486
     3.000     2.000     1.000     3.000     0.212
     3.000     0.000     0.000     3.000     0.851
     3.000     0.000     0.000     4.000     1.125
     3.000     2.000     2.000     3.000     0.055
     2.000     1.000     2.000     2.000    -0.306
     3.000     2.000     1.000     3.000     0.212
     2.000     2.000     1.000     1.000    -0.562
     2.000     1.000     1.000     3.000     0.064
     2.000     2.000     3.000     2.000    -0.643
     2.000     1.000     1.000     2.000    -0.157
     2.000     1.000     0.000     2.000     0.015
     2.000     0.000     0.000     3.000     0.459
     3.000     0.000     1.000     3.000     0.651
     3.000     0.000     0.000     2.000     0.597
     3.000     1.000     1.000     3.000     0.421
     2.000     2.000     2.000     2.000    -0.505
     2.000     2.000     2.000     2.000    -0.505
     2.000     2.000     1.000     2.000    -0.355
     3.000     2.000     1.000     3.000     0.212
     3.000     1.000     1.000     3.000     0.421
     2.000     2.000     2.000     2.000    -0.505
     0.000     2.000     3.000     1.000    -1.541
     2.000     3.000     2.000     1.000    -0.897
     3.000     1.000     2.000     3.000     0.261
     3.000     1.000     0.000     2.000     0.369
     3.000     1.000     1.000     3.000     0.421
     2.000     1.000     1.000     2.000    -0.157
     3.000     0.000     0.000     3.000     0.851
     1.000     1.000     3.000     2.000    -0.774
     3.000     0.000     0.000     4.000     1.125
     2.000     1.000     1.000     2.000    -0.157
     4.000     3.000     1.000     3.000     0.400
     3.000     0.000     0.000     2.000     0.597
     3.000     1.000     1.000     3.000     0.421
     3.000     1.000     1.000     3.000     0.421
     4.000     0.000     0.000     3.000     1.286
     3.000     1.000     2.000     3.000     0.261
     4.000     2.000     0.000     4.000     1.063
     3.000     1.000     1.000     3.000     0.421
     1.000     0.000     0.000     0.000    -0.523
     3.000     1.000     0.000     3.000     0.612
     2.000     2.000     1.000     2.000    -0.355
     2.000     1.000     2.000     3.000    -0.088
     3.000     1.000     2.000     3.000     0.261
     4.000     1.000     0.000     4.000     1.297
     1.000     2.000     2.000     3.000    -0.619
     0.000     0.000     0.000     1.000    -0.692
     3.000     1.000     1.000     3.000     0.421
     1.000     1.000     2.000     2.000    -0.636
     2.000     1.000     2.000     2.000    -0.306
     4.000     0.000     0.000     4.000     1.609
     3.000     1.000     1.000     3.000     0.421
     1.000     2.000     2.000     2.000    -0.836
     2.000     1.000     1.000     2.000    -0.157
     2.000     1.000     0.000     3.000     0.240
     2.000     0.000     0.000     2.000     0.228
     3.000     1.000     2.000     3.000     0.261
     3.000     2.000     3.000     3.000    -0.089
     4.000     0.000     0.000     2.000     1.005
     1.000     2.000     1.000     2.000    -0.687
     2.000     2.000     3.000     3.000    -0.427
     4.000     1.000     2.000     2.000     0.426
     2.000     2.000     2.000     3.000    -0.287
     3.000     3.000     1.000     3.000     0.004
     2.000     2.000     1.000     2.000    -0.355
     3.000     2.000     2.000     2.000    -0.169
     1.000     3.000     3.000     2.000    -1.163
     4.000     1.000     1.000     3.000     0.816
     3.000     2.000     3.000     3.000    -0.089
     2.000     2.000     1.000     2.000    -0.355
     1.000     2.000     2.000     2.000    -0.836
     1.000     1.000     1.000     2.000    -0.488
     2.000     2.000     2.000     3.000    -0.287
     3.000     1.000     0.000     3.000     0.612
     3.000     1.000     2.000     2.000     0.032
     3.000     2.000     2.000     3.000     0.055
     1.000     0.000     0.000     1.000    -0.318
     0.000     2.000     1.000     0.000    -1.467
     1.000     3.000     1.000     3.000    -0.663
     3.000     1.000     0.000     3.000     0.612
     3.000     1.000     1.000     3.000     0.421
     4.000     0.000     0.000     4.000     1.609
     2.000     1.000     1.000     2.000    -0.157
     3.000     1.000     1.000     3.000     0.421
     2.000     2.000     0.000     3.000     0.037
     3.000     2.000     2.000     3.000     0.055
     1.000     3.000     1.000     1.000    -1.081
     4.000     0.000     0.000     4.000     1.609
     3.000     0.000     1.000     3.000     0.651
     2.000     1.000     1.000     2.000    -0.157
     3.000     1.000     1.000     4.000     0.681
     2.000     2.000     1.000     2.000    -0.355
     3.000     0.000     0.000     4.000     1.125
     2.000     1.000     2.000     2.000    -0.306
     1.000     0.000     1.000     1.000    -0.484
     1.000     1.000     3.000     1.000    -0.977
     2.000     1.000     1.000     3.000     0.064
     4.000     1.000     0.000     3.000     1.018
     3.000     1.000     1.000     3.000     0.421
     3.000     2.000     4.000     2.000    -0.446
     2.000     2.000     2.000     2.000    -0.505
     4.000     2.000     4.000     4.000     0.424
     3.000     0.000     0.000     2.000     0.597
     2.000     0.000     0.000     2.000     0.228
     4.000     0.000     0.000     3.000     1.286
     3.000     1.000     0.000     3.000     0.612
     2.000     2.000     1.000     2.000    -0.355
     2.000     2.000     1.000     3.000    -0.136
     3.000     2.000     1.000     3.000     0.212
     3.000     1.000     3.000     2.000    -0.110
     3.000     1.000     1.000     3.000     0.421
     3.000     2.000     1.000     4.000     0.472
     2.000     2.000     2.000     3.000    -0.287
     0.000     1.000     1.000     2.000    -0.861
     3.000     2.000     2.000     3.000     0.055
     2.000     0.000     0.000     2.000     0.228
     4.000     0.000     0.000     4.000     1.609
     4.000     0.000     0.000     3.000     1.286
     2.000     2.000     1.000     2.000    -0.355
     3.000     1.000     0.000     2.000     0.369
     3.000     3.000     1.000     3.000     0.004
     3.000     0.000     0.000     3.000     0.851
     1.000     2.000     1.000     1.000    -0.892
     3.000     1.000     1.000     3.000     0.421
     3.000     1.000     1.000     3.000     0.421
     1.000     4.000     0.000     1.000    -1.094
     3.000     0.000     0.000     3.000     0.851
     2.000     3.000     1.000     2.000    -0.550
     1.000     2.000     4.000     2.000    -1.117
     3.000     1.000     1.000     3.000     0.421
     1.000     4.000     1.000     2.000    -1.057
     3.000     1.000     2.000     2.000     0.032
     3.000     1.000     1.000     4.000     0.681
     3.000     1.000     1.000     4.000     0.681
     3.000     1.000     2.000     3.000     0.261
     4.000     0.000     0.000     4.000     1.609
     4.000     1.000     1.000     4.000     1.076
     3.000     3.000     1.000     2.000    -0.217
     2.000     1.000     3.000     2.000    -0.445
     2.000     1.000     2.000     3.000    -0.088
     3.000     1.000     0.000     2.000     0.369
     2.000     2.000     2.000     2.000    -0.505
     4.000     0.000     0.000     4.000     1.609
     3.000     0.000     3.000     4.000     0.597
     4.000     1.000     1.000     4.000     1.076
     3.000     2.000     1.000     2.000    -0.016
     1.000     1.000     1.000     2.000    -0.488
     2.000     2.000     1.000     2.000    -0.355
     2.000     3.000     3.000     1.000    -1.031
     2.000     3.000     1.000     3.000    -0.334
     3.000     1.000     0.000     3.000     0.612
     1.000     1.000     1.000     1.000    -0.693
     3.000     1.000     1.000     3.000     0.421
     3.000     1.000     1.000     3.000     0.421
     2.000     2.000     1.000     2.000    -0.355
     2.000     1.000     1.000     2.000    -0.157
     2.000     1.000     1.000     2.000    -0.157
     2.000     2.000     1.000     2.000    -0.355
     2.000     2.000     2.000     1.000    -0.709
     4.000     1.000     0.000     3.000     1.018
     2.000     3.000     2.000     3.000    -0.483
     3.000     1.000     0.000     3.000     0.612
     2.000     1.000     1.000     2.000    -0.157
     3.000     1.000     1.000     3.000     0.421
     4.000     1.000     1.000     4.000     1.076
     1.000     2.000     1.000     1.000    -0.892
     1.000     2.000     1.000     1.000    -0.892
     4.000     1.000     0.000     4.000     1.297
     2.000     2.000     2.000     2.000    -0.505
     2.000     2.000     2.000     1.000    -0.709
     1.000     3.000     3.000     3.000    -0.947
     2.000     0.000     1.000     2.000     0.054
     1.000     3.000     1.000     3.000    -0.663
     3.000     1.000     1.000     0.000    -0.238
     3.000     1.000     1.000     3.000     0.421
     1.000     2.000     2.000     3.000    -0.619
     3.000     0.000     1.000     3.000     0.651
     2.000     2.000     2.000     2.000    -0.505
     2.000     2.000     1.000     3.000    -0.136
     4.000     0.000     0.000     3.000     1.286
     2.000     3.000     3.000     2.000    -0.832
     4.000     0.000     2.000     4.000     1.156
     4.000     2.000     2.000     3.000     0.453
     1.000     2.000     2.000     1.000    -1.041
     4.000     2.000     2.000     3.000     0.453
     1.000     1.000     1.000     1.000    -0.693
     3.000     0.000     1.000     2.000     0.408
     1.000     3.000     2.000     2.000    -1.026
     4.000     1.000     1.000     3.000     0.816
     3.000     1.000     1.000     2.000     0.188
     4.000     0.000     0.000     2.000     1.005
     4.000     0.000     0.000     2.000     1.005
     2.000     2.000     2.000     2.000    -0.505
     2.000     1.000     1.000     2.000    -0.157
     2.000     1.000     2.000     3.000    -0.088
     2.000     2.000     2.000     3.000    -0.287
     2.000     2.000     2.000     3.000    -0.287
     2.000     2.000     2.000     2.000    -0.505
     1.000     1.000     1.000     2.000    -0.488
     3.000     2.000     2.000     2.000    -0.169
     4.000     4.000     0.000     2.000     0.178
     3.000     1.000     1.000     3.000     0.421
     2.000     1.000     1.000     2.000    -0.157
     3.000     1.000     0.000     3.000     0.612
     2.000     0.000     0.000     1.000     0.014
     1.000     1.000     0.000     2.000    -0.320
     3.000     1.000     1.000     3.000     0.421
     2.000     1.000     3.000     3.000    -0.228
     2.000     3.000     1.000     3.000    -0.334
     4.000     0.000     0.000     3.000     1.286
     3.000     2.000     3.000     3.000    -0.089
     2.000     2.000     2.000     2.000    -0.505
     1.000     1.000     1.000     1.000    -0.693
     4.000     0.000     0.000     3.000     1.286
     2.000     1.000     1.000     3.000     0.064
     2.000     3.000     3.000     3.000    -0.620
     2.000     2.000     4.000     2.000    -0.781
     3.000     1.000     1.000     3.000     0.421
     3.000     1.000     1.000     3.000     0.421
     4.000     1.000     0.000     3.000     1.018
     3.000     1.000     3.000     1.000    -0.319
     2.000     1.000     2.000     2.000    -0.306
     3.000     1.000     1.000     3.000     0.421
     2.000     1.000     1.000     3.000     0.064
     2.000     4.000     0.000     3.000    -0.342
     3.000     2.000     3.000     4.000     0.170
     3.000     1.000     0.000     2.000     0.369
     3.000     1.000     1.000     2.000     0.188
     3.000     1.000     1.000     3.000     0.421
     2.000     0.000     0.000     1.000     0.014
     3.000     0.000     0.000     2.000     0.597
     2.000     2.000     2.000     3.000    -0.287
     4.000     1.000     0.000     4.000     1.297
     3.000     1.000     0.000     3.000     0.612
     2.000     1.000     1.000     3.000     0.064
     2.000     2.000     2.000     1.000    -0.709
     3.000     1.000     1.000     3.000     0.421
     1.000     2.000     2.000     2.000    -0.836
     2.000     3.000     1.000     1.000    -0.752
     2.000     0.000     2.000     2.000    -0.097
     3.000     2.000     1.000     2.000    -0.016
     2.000     2.000     2.000     2.000    -0.505
     2.000     1.000     1.000     2.000    -0.157
     1.000     0.000     1.000     1.000    -0.484
     3.000     2.000     2.000     2.000    -0.169
     1.000     3.000     2.000     2.000    -1.026
     3.000     1.000     2.000     2.000     0.032
     3.000     0.000     1.000     3.000     0.651
     2.000     2.000     0.000     2.000    -0.186
     1.000     3.000     4.000     3.000    -1.087
     2.000     1.000     1.000     2.000    -0.157
     2.000     2.000     1.000     1.000    -0.562
     2.000     1.000     0.000     4.000     0.493
     3.000     0.000     0.000     2.000     0.597
     4.000     2.000     1.000     2.000     0.380
     3.000     2.000     3.000     4.000     0.170
     2.000     3.000     1.000     3.000    -0.334
     4.000     2.000     2.000     2.000     0.230
     3.000     2.000     2.000     2.000    -0.169
     3.000     1.000     1.000     3.000     0.421
     1.000     1.000     2.000     2.000    -0.636
     3.000     0.000     0.000     3.000     0.851
     3.000     1.000     0.000     2.000     0.369
     1.000     1.000     3.000     3.000    -0.559
     0.000     4.000     3.000     2.000    -1.713
     3.000     1.000     2.000     3.000     0.261
     2.000     2.000     2.000     2.000    -0.505
     2.000     1.000     1.000     2.000    -0.157
     2.000     1.000     2.000     2.000    -0.306
     3.000     1.000     2.000     2.000     0.032
     2.000     1.000     1.000     3.000     0.064
     1.000     1.000     1.000     2.000    -0.488
     3.000     2.000     2.000     3.000     0.055
     1.000     0.000     0.000     1.000    -0.318
     1.000     0.000     0.000     1.000    -0.318
     1.000     0.000     2.000     2.000    -0.427
     3.000     3.000     3.000     3.000    -0.289
     3.000     2.000     1.000     3.000     0.212
     1.000     2.000     0.000     0.000    -0.932
     1.000     1.000     2.000     2.000    -0.636
     2.000     2.000     2.000     4.000    -0.030
     3.000     0.000     0.000     3.000     0.851
     1.000     1.000     0.000     1.000    -0.527
     2.000     2.000     2.000     2.000    -0.505
     0.000     3.000     1.000     1.000    -1.442
     1.000     3.000     1.000     3.000    -0.663
     1.000     2.000     1.000     1.000    -0.892
     3.000     1.000     2.000     2.000     0.032
     2.000     2.000     2.000     2.000    -0.505
     3.000     0.000     0.000     3.000     0.851
     3.000     1.000     1.000     4.000     0.681
     3.000     1.000     1.000     3.000     0.421
     1.000     0.000     1.000     1.000    -0.484
     3.000     3.000     0.000     1.000    -0.257
     0.000     1.000     1.000     1.000    -1.059
     2.000     2.000     3.000     2.000    -0.643
     1.000     2.000     1.000     2.000    -0.687
     1.000     1.000     1.000     1.000    -0.693
     3.000     1.000     3.000     3.000     0.115
     3.000     2.000     2.000     4.000     0.314
     2.000     2.000     2.000     2.000    -0.505
     3.000     0.000     0.000     3.000     0.851
     2.000     2.000     1.000     3.000    -0.136
     3.000     0.000     0.000     3.000     0.851
     3.000     2.000     2.000     3.000     0.055
     2.000     1.000     1.000     2.000    -0.157
     4.000     0.000     0.000     4.000     1.609
     3.000     1.000     1.000     3.000     0.421
     3.000     3.000     3.000     3.000    -0.289
