     1.000     1.000     2.000    -1.718
     3.000     3.000     3.000     0.435
     1.000     1.000     2.000    -1.718
     1.000     2.000     2.000    -1.413
     1.000     2.000     1.000    -1.484
     2.000     2.000     2.000    -0.763
     2.000     2.000     3.000    -0.629
     1.000     2.000     2.000    -1.413
     2.000     2.000     2.000    -0.763
     2.000     3.000     2.000    -0.321
     3.000     3.000     3.000     0.435
     3.000     3.000     3.000     0.435
     3.000     4.000     3.000     1.131
     2.000     2.000     3.000    -0.629
     1.000     2.000     1.000    -1.484
     4.000     4.000     4.000     1.778
     2.000     2.000     2.000    -0.763
     3.000     3.000     4.000     0.711
     4.000     3.000     3.000     1.261
     3.000     3.000     2.000     0.236
     2.000     2.000     3.000    -0.629
     2.000     2.000     3.000    -0.629
     2.000     2.000     3.000    -0.629
     3.000     3.000     3.000     0.435
     3.000     3.000     3.000     0.435
     2.000     2.000     3.000    -0.629
     2.000     2.000     2.000    -0.763
     3.000     2.000     1.000    -0.261
     2.000     2.000     2.000    -0.763
     3.000     3.000     3.000     0.435
     1.000     1.000     2.000    -1.718
     3.000     3.000     2.000     0.236
     2.000     2.000     3.000    -0.629
     3.000     4.000     3.000     1.131
     3.000     3.000     4.000     0.711
     1.000     1.000     2.000    -1.718
     3.000     3.000     2.000     0.236
     2.000     2.000     2.000    -0.763
     3.000     3.000     2.000     0.236
     3.000     3.000     3.000     0.435
     4.000     4.000     3.000     1.625
     3.000     3.000     1.000     0.111
     3.000     3.000     3.000     0.435
     3.000     3.000     2.000     0.236
     3.000     3.000     2.000     0.236
     1.000     1.000     2.000    -1.718
     3.000     3.000     3.000     0.435
     3.000     3.000     2.000     0.236
     2.000     3.000     2.000    -0.321
     3.000     3.000     4.000     0.711
     2.000     2.000     3.000    -0.629
     2.000     3.000     3.000    -0.238
     3.000     3.000     3.000     0.435
     2.000     3.000     2.000    -0.321
     3.000     2.000     1.000    -0.261
     2.000     2.000     3.000    -0.629
     3.000     3.000     2.000     0.236
     2.000     3.000     3.000    -0.238
     3.000     3.000     4.000     0.711
     3.000     3.000     3.000     0.435
     2.000     2.000     1.000    -0.895
     2.000     2.000     2.000    -0.763
     3.000     2.000     3.000    -0.108
     2.000     2.000     2.000    -0.763
     3.000     3.000     3.000     0.435
     3.000     3.000     3.000     0.435
     2.000     2.000     2.000    -0.763
     3.000     3.000     2.000     0.236
     3.000     3.000     3.000     0.435
     2.000     3.000     2.000    -0.321
     2.000     2.000     3.000    -0.629
     2.000     2.000     2.000    -0.763
     3.000     3.000     3.000     0.435
     4.000     2.000     0.000     0.587
     3.000     2.000     2.000    -0.191
     2.000     3.000     3.000    -0.238
     4.000     4.000     3.000     1.625
     1.000     1.000     1.000    -1.794
     3.000     3.000     3.000     0.435
     2.000     2.000     2.000    -0.763
     3.000     3.000     4.000     0.711
     4.000     4.000     3.000     1.625
     3.000     3.000     2.000     0.236
     2.000     2.000     3.000    -0.629
     4.000     4.000     3.000     1.625
     3.000     3.000     3.000     0.435
     2.000     2.000     3.000    -0.629
     3.000     2.000     2.000    -0.191
     2.000     3.000     3.000    -0.238
     0.000     0.000     1.000    -2.572
     3.000     3.000     3.000     0.435
     3.000     3.000     3.000     0.435
     3.000     3.000     3.000     0.435
     2.000     2.000     3.000    -0.629
     1.000     2.000     1.000    -1.484
     3.000     3.000     2.000     0.236
     3.000     3.000     3.000     0.435
     3.000     3.000     3.000     0.435
     2.000     2.000     2.000    -0.763
     1.000     1.000     1.000    -1.794
     2.000     3.000     3.000    -0.238
     1.000     1.000     1.000    -1.794
     4.000     3.000     3.000     1.261
     2.000     2.000     2.000    -0.763
     3.000     3.000     3.000     0.435
     3.000     4.000     3.000     1.131
     3.000     3.000     3.000     0.435
     3.000     3.000     3.000     0.435
     3.000     3.000     3.000     0.435
     3.000     4.000     3.000     1.131
     3.000     3.000     3.000     0.435
     4.000     4.000     3.000     1.625
     2.000     2.000     2.000    -0.763
     2.000     2.000     2.000    -0.763
     3.000     3.000     3.000     0.435
     3.000     3.000     3.000     0.435
     2.000     2.000     2.000    -0.763
     3.000     3.000     4.000     0.711
     3.000     4.000     3.000     1.131
     1.000     1.000     2.000    -1.718
     2.000     3.000     3.000    -0.238
     2.000     3.000     3.000    -0.238
     4.000     4.000     3.000     1.625
     3.000     3.000     1.000     0.111
     3.000     3.000     3.000     0.435
     3.000     3.000     3.000     0.435
     2.000     2.000     2.000    -0.763
     3.000     3.000     2.000     0.236
     3.000     3.000     4.000     0.711
     3.000     3.000     3.000     0.435
     3.000     3.000     2.000     0.236
     3.000     3.000     3.000     0.435
     3.000     3.000     3.000     0.435
     2.000     2.000     2.000    -0.763
     4.000     3.000     3.000     1.261
     3.000     3.000     2.000     0.236
     3.000     3.000     4.000     0.711
     3.000     4.000     3.000     1.131
     3.000     3.000     3.000     0.435
     3.000     2.000     2.000    -0.191
     2.000     2.000     2.000    -0.763
     3.000     3.000     3.000     0.435
     2.000     2.000     2.000    -0.763
     3.000     2.000     2.000    -0.191
     3.000     3.000     2.000     0.236
     2.000     2.000     2.000    -0.763
     3.000     2.000     3.000    -0.108
     3.000     3.000     3.000     0.435
     3.000     3.000     3.000     0.435
     3.000     3.000     3.000     0.435
     2.000     2.000     3.000    -0.629
     1.000     1.000     3.000    -1.641
     2.000     2.000     3.000    -0.629
     2.000     2.000     3.000    -0.629
     4.000     4.000     4.000     1.778
     3.000     3.000     3.000     0.435
     1.000     1.000     1.000    -1.794
     3.000     3.000     3.000     0.435
     3.000     3.000     3.000     0.435
     3.000     3.000     4.000     0.711
     3.000     3.000     3.000     0.435
     3.000     3.000     3.000     0.435
     2.000     2.000     4.000    -0.483
     2.000     2.000     3.000    -0.629
     3.000     3.000     3.000     0.435
     3.000     3.000     2.000     0.236
     3.000     3.000     3.000     0.435
     2.000     2.000     3.000    -0.629
     3.000     3.000     3.000     0.435
     2.000     2.000     2.000    -0.763
     4.000     4.000     3.000     1.625
     3.000     3.000     3.000     0.435
     2.000     2.000     3.000    -0.629
     2.000     1.000     1.000    -1.357
     2.000     3.000     2.000    -0.321
     3.000     3.000     2.000     0.236
     2.000     2.000     2.000    -0.763
     3.000     3.000     4.000     0.711
     3.000     3.000     2.000     0.236
     1.000     3.000     1.000    -1.072
     4.000     4.000     2.000     1.502
     3.000     3.000     4.000     0.711
     3.000     3.000     1.000     0.111
     3.000     3.000     3.000     0.435
     2.000     2.000     3.000    -0.629
     3.000     3.000     3.000     0.435
     3.000     3.000     1.000     0.111
     3.000     3.000     3.000     0.435
     2.000     2.000     3.000    -0.629
     3.000     3.000     1.000     0.111
     2.000     3.000     3.000    -0.238
     2.000     4.000     2.000     0.218
     2.000     2.000     3.000    -0.629
     3.000     3.000     3.000     0.435
     3.000     3.000     3.000     0.435
     2.000     2.000     3.000    -0.629
     2.000     2.000     3.000    -0.629
     3.000     3.000     3.000     0.435
     3.000     3.000     3.000     0.435
     4.000     3.000     3.000     1.261
     2.000     3.000     3.000    -0.238
     2.000     2.000     2.000    -0.763
     3.000     3.000     3.000     0.435
     0.000     0.000     0.000    -2.681
     4.000     3.000     3.000     1.261
     3.000     3.000     3.000     0.435
     3.000     3.000     3.000     0.435
     2.000     3.000     2.000    -0.321
     3.000     2.000     2.000    -0.191
     3.000     2.000     3.000    -0.108
     3.000     3.000     2.000     0.236
     2.000     2.000     2.000    -0.763
     3.000     3.000     2.000     0.236
     2.000     2.000     4.000    -0.483
     2.000     2.000     2.000    -0.763
     2.000     1.000     3.000    -1.206
     2.000     2.000     1.000    -0.895
     3.000     3.000     3.000     0.435
     3.000     3.000     2.000     0.236
     2.000     2.000     2.000    -0.763
     3.000     3.000     3.000     0.435
     4.000     4.000     4.000     1.778
     4.000     3.000     4.000     1.355
     2.000     3.000     3.000    -0.238
     3.000     3.000     3.000     0.435
     2.000     2.000     1.000    -0.895
     3.000     3.000     3.000     0.435
     3.000     2.000     3.000    -0.108
     3.000     3.000     3.000     0.435
     2.000     2.000     2.000    -0.763
     3.000     3.000     3.000     0.435
     3.000     3.000     3.000     0.435
     2.000     3.000     2.000    -0.321
     2.000     2.000     2.000    -0.763
     2.000     3.000     3.000    -0.238
     2.000     3.000     3.000    -0.238
     2.000     3.000     3.000    -0.238
     4.000     3.000     4.000     1.355
     2.000     2.000     3.000    -0.629
     3.000     3.000     2.000     0.236
     2.000     2.000     2.000    -0.763
     3.000     3.000     3.000     0.435
     3.000     3.000     3.000     0.435
     3.000     2.000     3.000    -0.108
     2.000     2.000     3.000    -0.629
     1.000     2.000     3.000    -1.338
     3.000     3.000     2.000     0.236
     2.000     2.000     2.000    -0.763
     3.000     3.000     2.000     0.236
     3.000     3.000     3.000     0.435
     3.000     3.000     3.000     0.435
     3.000     3.000     2.000     0.236
     4.000     4.000     3.000     1.625
     2.000     2.000     3.000    -0.629
     3.000     3.000     3.000     0.435
     2.000     2.000     2.000    -0.763
     2.000     2.000     3.000    -0.629
     4.000     4.000     4.000     1.778
     3.000     3.000     3.000     0.435
     2.000     2.000     1.000    -0.895
     3.000     3.000     3.000     0.435
     2.000     2.000     3.000    -0.629
     4.000     4.000     4.000     1.778
     1.000     1.000     3.000    -1.641
     3.000     3.000     3.000     0.435
     1.000     2.000     1.000    -1.484
     2.000     2.000     3.000    -0.629
     3.000     3.000     3.000     0.435
     3.000     3.000     3.000     0.435
     2.000     2.000     2.000    -0.763
     3.000     3.000     3.000     0.435
     2.000     2.000     3.000    -0.629
     3.000     3.000     2.000     0.236
     3.000     2.000     3.000    -0.108
     2.000     2.000     3.000    -0.629
     2.000     2.000     2.000    -0.763
     3.000     3.000     3.000     0.435
     3.000     2.000     2.000    -0.191
     1.000     2.000     2.000    -1.413
     3.000     3.000     3.000     0.435
     3.000     3.000     3.000     0.435
     4.000     4.000     4.000     1.778
     3.000     4.000     2.000     1.029
     2.000     2.000     2.000    -0.763
     4.000     3.000     3.000     1.261
     3.000     3.000     3.000     0.435
     3.000     3.000     3.000     0.435
     2.000     2.000     3.000    -0.629
     3.000     3.000     3.000     0.435
     2.000     2.000     2.000    -0.763
     2.000     2.000     2.000    -0.763
     3.000     3.000     4.000     0.711
     4.000     4.000     4.000     1.778
     4.000     3.000     3.000     1.261
     3.000     3.000     2.000     0.236
     1.000     1.000     3.000    -1.641
     3.000     3.000     3.000     0.435
     2.000     2.000     2.000    -0.763
     3.000     3.000     3.000     0.435
     2.000     2.000     2.000    -0.763
     3.000     2.000     2.000    -0.191
     3.000     3.000     3.000     0.435
     3.000     1.000     4.000    -0.480
     1.000     1.000     1.000    -1.794
     4.000     4.000     3.000     1.625
     3.000     3.000     3.000     0.435
     2.000     2.000     2.000    -0.763
     3.000     3.000     3.000     0.435
     2.000     3.000     2.000    -0.321
     2.000     2.000     2.000    -0.763
     2.000     2.000     3.000    -0.629
     4.000     3.000     3.000     1.261
     2.000     3.000     3.000    -0.238
     3.000     3.000     3.000     0.435
     3.000     3.000     3.000     0.435
     2.000     2.000     1.000    -0.895
     3.000     2.000     2.000    -0.191
     4.000     4.000     3.000     1.625
     2.000     3.000     3.000    -0.238
     2.000     2.000     2.000    -0.763
     3.000     3.000     2.000     0.236
     4.000     3.000     3.000     1.261
     2.000     2.000     3.000    -0.629
     3.000     2.000     3.000    -0.108
     3.000     3.000     3.000     0.435
     3.000     3.000     3.000     0.435
     3.000     3.000     2.000     0.236
     0.000     0.000     1.000    -2.572
     3.000     3.000     1.000     0.111
     2.000     2.000     3.000    -0.629
     2.000     2.000     3.000    -0.629
     1.000     1.000     1.000    -1.794
     2.000     3.000     3.000    -0.238
     3.000     2.000     3.000    -0.108
     3.000     3.000     3.000     0.435
     0.000     0.000     2.000    -2.485
     3.000     3.000     2.000     0.236
     2.000     2.000     2.000    -0.763
     3.000     3.000     3.000     0.435
     2.000     2.000     1.000    -0.895
     3.000     3.000     2.000     0.236
     2.000     2.000     2.000    -0.763
     3.000     3.000     3.000     0.435
     3.000     2.000     2.000    -0.191
     3.000     3.000     2.000     0.236
     3.000     3.000     3.000     0.435
     2.000     2.000     2.000    -0.763
     2.000     2.000     2.000    -0.763
     2.000     2.000     3.000    -0.629
     2.000     3.000     2.000    -0.321
     2.000     2.000     3.000    -0.629
     3.000     4.000     3.000     1.131
     3.000     4.000     3.000     1.131
     4.000     4.000     4.000     1.778
     3.000     2.000     2.000    -0.191
     3.000     3.000     3.000     0.435
     3.000     3.000     2.000     0.236
     4.000     4.000     4.000     1.778
     4.000     3.000     4.000     1.355
     2.000     2.000     2.000    -0.763
     3.000     3.000     3.000     0.435
     2.000     2.000     2.000    -0.763
     4.000     4.000     2.000     1.502
     4.000     4.000     3.000     1.625
     3.000     3.000     2.000     0.236
     3.000     3.000     4.000     0.711
     3.000     3.000     3.000     0.435
     3.000     3.000     3.000     0.435
     3.000     1.000     3.000    -0.560
     1.000     2.000     1.000    -1.484
     3.000     3.000     3.000     0.435
     3.000     3.000     3.000     0.435
     3.000     3.000     3.000     0.435
     2.000     2.000     3.000    -0.629
     2.000     2.000     2.000    -0.763
     2.000     2.000     3.000    -0.629
     3.000     3.000     3.000     0.435
     4.000     4.000     4.000     1.778
     2.000     2.000     2.000    -0.763
     2.000     2.000     4.000    -0.483
     3.000     3.000     3.000     0.435
     2.000     2.000     4.000    -0.483
     2.000     2.000     3.000    -0.629
     4.000     4.000     3.000     1.625
     3.000     4.000     4.000     1.228
     2.000     1.000     3.000    -1.206
     3.000     3.000     3.000     0.435
