     1.000     0.000     0.000     2.000     0.000    -1.309
     1.000     1.000     2.000     3.000     2.000    -0.702
     2.000     2.000     1.000     0.000     2.000    -0.183
     2.000     3.000     2.000     3.000     2.000     0.249
     3.000     3.000     2.000     3.000     2.000     0.802
     1.000     2.000     3.000     1.000     1.000    -0.663
     2.000     3.000     3.000     2.000     2.000     0.279
     2.000     2.000     2.000     1.000     2.000    -0.065
     1.000     2.000     2.000     1.000     1.000    -0.729
     2.000     2.000     0.000     2.000     1.000    -0.309
     3.000     3.000     2.000     3.000     2.000     0.802
     3.000     2.000     2.000     3.000     2.000     0.594
     2.000     2.000     2.000     2.000     2.000    -0.021
     0.000     2.000     0.000     2.000     2.000    -1.222
     2.000     1.000     2.000     2.000     2.000    -0.228
     1.000     1.000     3.000     2.000     1.000    -0.797
     3.000     3.000     1.000     1.000     3.000     0.778
     2.000     2.000     2.000     2.000     0.000    -0.305
     2.000     3.000     2.000     2.000     2.000     0.203
     1.000     1.000     1.000     2.000     1.000    -0.927
     2.000     2.000     2.000     1.000     2.000    -0.065
     3.000     2.000     2.000     3.000     2.000     0.594
     2.000     0.000     4.000     2.000     2.000    -0.248
     2.000     2.000     2.000     1.000     1.000    -0.206
     2.000     2.000     1.000     2.000     2.000    -0.093
     2.000     3.000     3.000     2.000     3.000     0.409
     2.000     2.000     1.000     3.000     1.000    -0.187
     0.000     1.000     2.000     1.000     1.000    -1.412
     4.000     1.000     0.000     1.000     4.000     1.115
     2.000     2.000     2.000     3.000     3.000     0.170
     2.000     2.000     1.000     1.000     1.000    -0.276
     1.000     1.000     3.000     2.000     2.000    -0.677
     2.000     1.000     3.000     2.000     1.000    -0.287
     3.000     2.000     3.000     2.000     2.000     0.623
     3.000     3.000     2.000     4.000     4.000     1.155
     2.000     1.000     2.000     1.000     2.000    -0.270
     3.000     2.000     2.000     1.000     3.000     0.636
     2.000     2.000     2.000     2.000     2.000    -0.021
     3.000     2.000     3.000     3.000     2.000     0.666
     1.000     2.000     3.000     0.000     0.000    -0.831
     2.000     1.000     0.000     4.000     2.000    -0.276
     1.000     1.000     2.000     1.000     2.000    -0.780
     0.000     1.000     1.000     2.000     2.000    -1.314
     4.000     1.000     0.000     3.000     4.000     1.183
     2.000     2.000     1.000     2.000     4.000     0.194
     2.000     2.000     1.000     2.000     3.000     0.050
     3.000     3.000     2.000     2.000     3.000     0.894
     1.000     2.000     2.000     1.000     1.000    -0.729
     3.000     2.000     2.000     1.000     2.000     0.513
     2.000     1.000     1.000     2.000     1.000    -0.423
     0.000     0.000     1.000     3.000     0.000    -1.791
     3.000     2.000     3.000     3.000     3.000     0.799
     2.000     3.000     1.000     1.000     2.000     0.087
     2.000     1.000     2.000     2.000     1.000    -0.359
     1.000     2.000     2.000     0.000     2.000    -0.648
     0.000     1.000     1.000     1.000     0.000    -1.627
     1.000     1.000     2.000     2.000     1.000    -0.864
     2.000     2.000     3.000     3.000     3.000     0.247
     3.000     4.000     3.000     4.000     3.000     1.333
     2.000     2.000     3.000     2.000     3.000     0.200
     2.000     1.000     2.000     3.000     1.000    -0.315
     0.000     0.000     2.000     1.000     2.000    -1.484
     1.000     1.000     2.000     3.000     1.000    -0.823
     0.000     0.000     1.000     2.000     1.000    -1.662
     3.000     3.000     3.000     1.000     2.000     0.791
     3.000     3.000     4.000     3.000     3.000     1.130
     0.000     0.000     2.000     3.000     1.000    -1.533
     4.000     2.000     2.000     3.000     3.000     1.362
     2.000     3.000     3.000     2.000     2.000     0.279
     0.000     0.000     0.000     0.000     0.000    -2.187
     2.000     2.000     2.000     2.000     1.000    -0.163
     1.000     2.000     1.000     3.000     2.000    -0.592
     2.000     2.000     1.000     4.000     1.000    -0.134
     3.000     3.000     2.000     2.000     4.000     1.047
     0.000     3.000     2.000     2.000     2.000    -0.922
     3.000     3.000     3.000     4.000     3.000     1.086
     3.000     3.000     3.000     2.000     4.000     1.133
     0.000     0.000     3.000     3.000     1.000    -1.458
     3.000     3.000     3.000     1.000     2.000     0.791
     1.000     1.000     0.000     1.000     1.000    -1.037
     1.000     2.000     3.000     2.000     2.000    -0.507
     3.000     4.000     3.000     3.000     4.000     1.424
     2.000     2.000     1.000     2.000     3.000     0.050
     2.000     2.000     2.000     0.000     2.000    -0.112
     1.000     1.000     3.000     2.000     2.000    -0.677
     2.000     2.000     2.000     2.000     2.000    -0.021
     3.000     3.000     3.000     3.000     3.000     1.029
     0.000     0.000     0.000     2.000     1.000    -1.767
     2.000     1.000     1.000     2.000     3.000    -0.160
     2.000     3.000     3.000     3.000     3.000     0.452
     2.000     2.000     1.000     3.000     1.000    -0.187
     2.000     2.000     1.000     1.000     1.000    -0.276
     1.000     1.000     3.000     3.000     2.000    -0.636
     2.000     2.000     2.000     2.000     2.000    -0.021
     0.000     2.000     2.000     0.000     0.000    -1.415
     0.000     3.000     1.000     2.000     1.000    -1.081
     3.000     3.000     2.000     3.000     3.000     0.944
     4.000     3.000     3.000     3.000     3.000     1.622
     2.000     2.000     2.000     2.000     2.000    -0.021
     1.000     1.000     1.000     0.000     2.000    -0.884
     4.000     4.000     2.000     4.000     2.000     1.692
     1.000     0.000     1.000     2.000     1.000    -1.107
     2.000     2.000     3.000     1.000     1.000    -0.129
     3.000     3.000     3.000     2.000     0.000     0.560
     3.000     3.000     3.000     2.000     3.000     0.978
     3.000     3.000     4.000     4.000     1.000     0.888
     2.000     2.000     1.000     3.000     1.000    -0.187
     2.000     1.000     1.000     2.000     1.000    -0.423
     2.000     2.000     3.000     2.000     2.000     0.060
     3.000     2.000     4.000     3.000     3.000     0.894
     0.000     0.000     0.000     2.000     1.000    -1.767
     4.000     4.000     2.000     3.000     3.000     1.773
     2.000     1.000     1.000     1.000     2.000    -0.336
     1.000     3.000     0.000     3.000     2.000    -0.472
     3.000     3.000     3.000     2.000     3.000     0.978
     3.000     3.000     0.000     0.000     3.000     0.661
     1.000     0.000     2.000     2.000     1.000    -1.043
     3.000     3.000     3.000     3.000     3.000     1.029
     2.000     2.000     1.000     2.000     2.000    -0.093
     1.000     1.000     2.000     1.000     2.000    -0.780
     1.000     0.000     3.000     1.000     1.000    -1.014
     2.000     2.000     2.000     2.000     2.000    -0.021
     4.000     3.000     0.000     4.000     1.000     1.245
     1.000     1.000     1.000     1.000     1.000    -0.965
     4.000     4.000     4.000     3.000     3.000     1.973
     3.000     3.000     3.000     2.000     3.000     0.978
     1.000     1.000     2.000     2.000     2.000    -0.743
     2.000     2.000     3.000     2.000     2.000     0.060
     4.000     4.000     2.000     0.000     4.000     1.789
     3.000     3.000     2.000     2.000     3.000     0.894
     2.000     2.000     2.000     3.000     2.000     0.028
     2.000     3.000     1.000     4.000     2.000     0.231
     2.000     2.000     3.000     3.000     3.000     0.247
     2.000     2.000     1.000     1.000     1.000    -0.276
     1.000     2.000     1.000     3.000     2.000    -0.592
     2.000     3.000     3.000     3.000     3.000     0.452
     2.000     2.000     3.000     3.000     2.000     0.108
     1.000     3.000     0.000     3.000     0.000    -0.712
     1.000     1.000     2.000     3.000     2.000    -0.702
     1.000     3.000     3.000     2.000     2.000    -0.326
     3.000     1.000     3.000     2.000     3.000     0.550
     0.000     1.000     1.000     0.000     0.000    -1.679
     2.000     2.000     3.000     2.000     2.000     0.060
     1.000     2.000     1.000     1.000     2.000    -0.670
     1.000     1.000     3.000     3.000     2.000    -0.636
     2.000     0.000     2.000     2.000     2.000    -0.408
     1.000     1.000     1.000     3.000     2.000    -0.764
     2.000     2.000     2.000     3.000     1.000    -0.116
     2.000     2.000     2.000     2.000     3.000     0.122
     1.000     1.000     1.000     3.000     1.000    -0.885
     2.000     2.000     3.000     2.000     3.000     0.200
     3.000     3.000     2.000     3.000     2.000     0.802
     2.000     2.000     1.000     2.000     2.000    -0.093
     2.000     3.000     2.000     3.000     2.000     0.249
     1.000     1.000     0.000     1.000     3.000    -0.789
     3.000     3.000     3.000     2.000     3.000     0.978
     1.000     1.000     1.000     3.000     1.000    -0.885
     3.000     2.000     1.000     3.000     2.000     0.531
     3.000     3.000     1.000     4.000     2.000     0.785
     3.000     3.000     3.000     4.000     2.000     0.940
     3.000     3.000     3.000     2.000     4.000     1.133
     0.000     2.000     0.000     2.000     0.000    -1.475
     3.000     0.000     1.000     4.000     1.000     0.132
     2.000     3.000     2.000     2.000     2.000     0.203
     3.000     2.000     3.000     2.000     4.000     0.896
     1.000     1.000     0.000     0.000     1.000    -1.078
     4.000     4.000     3.000     3.000     2.000     1.718
     2.000     1.000     1.000     1.000     2.000    -0.336
     2.000     2.000     1.000     3.000     1.000    -0.187
     1.000     3.000     3.000     2.000     1.000    -0.438
     3.000     3.000     1.000     4.000     2.000     0.785
     1.000     2.000     2.000     2.000     2.000    -0.572
     2.000     2.000     1.000     4.000     1.000    -0.134
     2.000     1.000     0.000     1.000     1.000    -0.530
     1.000     2.000     1.000     2.000     1.000    -0.753
     1.000     2.000     2.000     2.000     3.000    -0.454
     3.000     2.000     2.000     2.000     3.000     0.677
     2.000     2.000     3.000     1.000     3.000     0.156
     2.000     1.000     2.000     2.000     2.000    -0.228
     2.000     2.000     4.000     4.000     3.000     0.387
     2.000     2.000     1.000     1.000     2.000    -0.138
     3.000     2.000     2.000     1.000     2.000     0.513
     1.000     1.000     1.000     1.000     3.000    -0.719
     1.000     2.000     1.000     1.000     1.000    -0.792
     2.000     0.000     1.000     1.000     3.000    -0.385
     2.000     2.000     3.000     2.000     1.000    -0.085
     3.000     3.000     2.000     3.000     2.000     0.802
     3.000     3.000     3.000     3.000     3.000     1.029
     2.000     3.000     2.000     2.000     3.000     0.337
     2.000     2.000     2.000     1.000     2.000    -0.065
     1.000     2.000     2.000     2.000     2.000    -0.572
     2.000     2.000     2.000     0.000     0.000    -0.388
     1.000     1.000     1.000     1.000     1.000    -0.965
     0.000     0.000     0.000     3.000     2.000    -1.551
     3.000     4.000     3.000     3.000     3.000     1.278
     1.000     1.000     2.000     1.000     1.000    -0.902
     2.000     2.000     2.000     2.000     2.000    -0.021
     3.000     2.000     1.000     3.000     3.000     0.655
     3.000     3.000     2.000     1.000     3.000     0.849
     4.000     4.000     3.000     3.000     4.000     2.050
     3.000     3.000     1.000     3.000     2.000     0.732
     1.000     2.000     2.000     3.000     2.000    -0.532
     3.000     3.000     2.000     3.000     3.000     0.944
     2.000     3.000     0.000     2.000     1.000    -0.092
     3.000     4.000     4.000     4.000     4.000     1.566
     3.000     3.000     1.000     3.000     2.000     0.732
     4.000     3.000     4.000     4.000     4.000     1.926
     3.000     3.000     3.000     1.000     2.000     0.791
     0.000     0.000     2.000     2.000     2.000    -1.442
     1.000     1.000     2.000     2.000     2.000    -0.743
     1.000     1.000     2.000     2.000     2.000    -0.743
     4.000     0.000     3.000     1.000     4.000     1.140
     2.000     2.000     2.000     2.000     2.000    -0.021
     0.000     2.000     1.000     1.000     0.000    -1.437
     3.000     3.000     4.000     2.000     3.000     1.079
     2.000     3.000     1.000     1.000     1.000    -0.057
     2.000     3.000     3.000     2.000     1.000     0.140
     2.000     2.000     2.000     2.000     3.000     0.122
     2.000     2.000     3.000     2.000     2.000     0.060
     2.000     2.000     2.000     3.000     2.000     0.028
     3.000     3.000     2.000     4.000     1.000     0.714
     2.000     2.000     3.000     4.000     4.000     0.431
     2.000     3.000     3.000     4.000     1.000     0.239
     3.000     3.000     3.000     2.000     3.000     0.978
     1.000     0.000     3.000     1.000     2.000    -0.889
     2.000     0.000     1.000     2.000     1.000    -0.590
     2.000     2.000     2.000     3.000     3.000     0.170
     3.000     2.000     3.000     3.000     3.000     0.799
     2.000     1.000     0.000     1.000     2.000    -0.408
     1.000     1.000     2.000     2.000     2.000    -0.743
     4.000     3.000     2.000     0.000     4.000     1.562
     3.000     2.000     1.000     3.000     3.000     0.655
     2.000     2.000     2.000     2.000     3.000     0.122
     2.000     2.000     1.000     2.000     1.000    -0.233
     1.000     2.000     1.000     1.000     1.000    -0.792
     2.000     3.000     2.000     3.000     2.000     0.249
     3.000     3.000     3.000     1.000     2.000     0.791
     4.000     4.000     2.000     2.000     3.000     1.726
     2.000     2.000     3.000     4.000     1.000     0.017
     2.000     2.000     1.000     3.000     2.000    -0.045
     2.000     2.000     2.000     2.000     2.000    -0.021
     2.000     2.000     2.000     2.000     3.000     0.122
     3.000     2.000     0.000     4.000     3.000     0.633
     1.000     2.000     3.000     3.000     2.000    -0.468
     3.000     4.000     1.000     0.000     2.000     0.833
     3.000     3.000     3.000     3.000     2.000     0.883
     1.000     2.000     2.000     1.000     1.000    -0.729
     1.000     1.000     1.000     3.000     3.000    -0.641
     2.000     3.000     3.000     3.000     3.000     0.452
     2.000     1.000     1.000     2.000     1.000    -0.423
     3.000     2.000     2.000     1.000     3.000     0.636
     0.000     0.000     0.000     4.000     0.000    -1.840
     3.000     3.000     3.000     4.000     2.000     0.940
     2.000     2.000     2.000     2.000     2.000    -0.021
     3.000     3.000     3.000     3.000     4.000     1.184
     2.000     2.000     2.000     2.000     2.000    -0.021
     3.000     3.000     1.000     2.000     2.000     0.687
     3.000     3.000     4.000     2.000     4.000     1.234
     3.000     3.000     3.000     3.000     3.000     1.029
     2.000     1.000     0.000     2.000     1.000    -0.492
     2.000     3.000     2.000     2.000     2.000     0.203
     0.000     2.000     2.000     1.000     2.000    -1.132
     2.000     2.000     2.000     2.000     2.000    -0.021
     2.000     2.000     3.000     2.000     4.000     0.339
     1.000     2.000     3.000     2.000     2.000    -0.507
     0.000     0.000     2.000     1.000     1.000    -1.630
     2.000     4.000     3.000     1.000     2.000     0.463
     3.000     3.000     3.000     2.000     2.000     0.835
     3.000     4.000     4.000     2.000     3.000     1.326
     1.000     0.000     2.000     0.000     1.000    -1.124
     2.000     1.000     3.000     3.000     2.000    -0.105
     0.000     0.000     2.000     1.000     1.000    -1.630
     0.000     0.000     1.000     1.000     2.000    -1.556
     1.000     1.000     2.000     2.000     2.000    -0.743
     1.000     1.000     1.000     3.000     2.000    -0.764
     1.000     2.000     2.000     1.000     2.000    -0.609
     0.000     0.000     1.000     1.000     3.000    -1.413
     1.000     1.000     2.000     3.000     2.000    -0.702
     2.000     4.000     2.000     2.000     2.000     0.432
     2.000     1.000     2.000     3.000     2.000    -0.182
     2.000     2.000     3.000     3.000     3.000     0.247
     1.000     1.000     2.000     2.000     1.000    -0.864
     1.000     1.000     1.000     3.000     1.000    -0.885
     0.000     0.000     1.000     1.000     3.000    -1.413
     4.000     4.000     3.000     2.000     3.000     1.809
     2.000     3.000     4.000     3.000     3.000     0.535
     2.000     1.000     1.000     3.000     3.000    -0.114
     1.000     1.000     1.000     3.000     2.000    -0.764
     3.000     3.000     3.000     2.000     3.000     0.978
     2.000     2.000     2.000     2.000     2.000    -0.021
     3.000     2.000     4.000     2.000     4.000     0.995
     3.000     3.000     3.000     2.000     3.000     0.978
     3.000     4.000     3.000     2.000     1.000     0.930
     2.000     2.000     4.000     0.000     2.000     0.065
     3.000     4.000     3.000     2.000     3.000     1.229
     2.000     3.000     1.000     0.000     0.000    -0.246
     2.000     2.000     2.000     2.000     3.000     0.122
     2.000     0.000     1.000     2.000     2.000    -0.471
     2.000     2.000     1.000     2.000     1.000    -0.233
     3.000     3.000     3.000     3.000     2.000     0.883
     3.000     3.000     1.000     3.000     2.000     0.732
     2.000     1.000     2.000     1.000     2.000    -0.270
     4.000     4.000     1.000     4.000     4.000     1.922
     1.000     1.000     0.000     1.000     2.000    -0.915
     2.000     2.000     2.000     3.000     1.000    -0.116
     1.000     2.000     1.000     2.000     1.000    -0.753
     2.000     2.000     1.000     3.000     3.000     0.098
     3.000     3.000     4.000     4.000     3.000     1.187
     1.000     3.000     3.000     1.000     1.000    -0.474
     1.000     3.000     3.000     1.000     2.000    -0.361
     1.000     1.000     2.000     4.000     2.000    -0.657
     3.000     3.000     3.000     3.000     3.000     1.029
     3.000     1.000     2.000     1.000     2.000     0.334
     2.000     2.000     3.000     3.000     3.000     0.247
     2.000     3.000     2.000     2.000     2.000     0.203
     1.000     1.000     2.000     3.000     1.000    -0.823
     2.000     2.000     3.000     3.000     2.000     0.108
     2.000     3.000     2.000     2.000     3.000     0.337
     2.000     2.000     1.000     3.000     1.000    -0.187
     2.000     2.000     3.000     2.000     2.000     0.060
     3.000     2.000     3.000     3.000     0.000     0.413
     1.000     0.000     0.000     3.000     2.000    -1.014
     2.000     2.000     2.000     2.000     3.000     0.122
     2.000     2.000     2.000     1.000     2.000    -0.065
     2.000     3.000     2.000     3.000     3.000     0.381
     2.000     2.000     3.000     1.000     3.000     0.156
     2.000     2.000     1.000     3.000     1.000    -0.187
     0.000     0.000     4.000     0.000     1.000    -1.499
     0.000     1.000     3.000     3.000     1.000    -1.268
     2.000     2.000     3.000     2.000     3.000     0.200
     2.000     3.000     1.000     1.000     1.000    -0.057
     2.000     2.000     2.000     3.000     2.000     0.028
     0.000     0.000     0.000     2.000     0.000    -2.000
     2.000     2.000     2.000     2.000     2.000    -0.021
     3.000     2.000     1.000     3.000     3.000     0.655
     3.000     2.000     4.000     2.000     2.000     0.711
     3.000     3.000     3.000     3.000     3.000     1.029
     2.000     2.000     1.000     3.000     2.000    -0.045
     3.000     2.000     3.000     0.000     3.000     0.668
     1.000     3.000     0.000     3.000     1.000    -0.588
     3.000     2.000     3.000     3.000     3.000     0.799
     2.000     2.000     2.000     3.000     2.000     0.028
     3.000     3.000     1.000     2.000     3.000     0.822
     2.000     2.000     2.000     4.000     1.000    -0.062
     2.000     2.000     2.000     2.000     2.000    -0.021
     2.000     2.000     3.000     2.000     2.000     0.060
     1.000     2.000     2.000     1.000     1.000    -0.729
     2.000     3.000     2.000     2.000     2.000     0.203
     0.000     0.000     1.000     1.000     2.000    -1.556
     3.000     4.000     3.000     0.000     2.000     0.989
     3.000     3.000     3.000     3.000     1.000     0.739
     4.000     4.000     3.000     3.000     3.000     1.860
     4.000     4.000     3.000     3.000     3.000     1.860
     3.000     2.000     2.000     2.000     3.000     0.677
     1.000     2.000     3.000     2.000     3.000    -0.392
     1.000     2.000     1.000     3.000     2.000    -0.592
     1.000     1.000     2.000     3.000     2.000    -0.702
     4.000     3.000     2.000     2.000     2.000     1.396
     2.000     2.000     2.000     4.000     3.000     0.222
     2.000     2.000     1.000     3.000     2.000    -0.045
     0.000     0.000     0.000     3.000     1.000    -1.708
     3.000     3.000     3.000     3.000     3.000     1.029
     2.000     2.000     1.000     0.000     1.000    -0.319
     1.000     1.000     3.000     2.000     2.000    -0.677
     0.000     1.000     1.000     1.000     0.000    -1.627
     2.000     3.000     2.000     2.000     2.000     0.203
     1.000     1.000     2.000     2.000     2.000    -0.743
     1.000     1.000     0.000     0.000     4.000    -0.704
     2.000     2.000     0.000     3.000     1.000    -0.264
     3.000     3.000     2.000     2.000     3.000     0.894
     1.000     1.000     1.000     2.000     1.000    -0.927
     1.000     1.000     1.000     3.000     3.000    -0.641
     2.000     1.000     2.000     2.000     1.000    -0.359
     2.000     2.000     2.000     2.000     2.000    -0.021
     1.000     1.000     2.000     2.000     2.000    -0.743
     2.000     2.000     2.000     2.000     2.000    -0.021
     0.000     2.000     3.000     2.000     0.000    -1.269
     4.000     4.000     2.000     4.000     4.000     2.012
     1.000     1.000     3.000     1.000     2.000    -0.714
     2.000     3.000     3.000     4.000     2.000     0.374
     1.000     1.000     3.000     2.000     1.000    -0.797
     2.000     3.000     4.000     2.000     2.000     0.369
     2.000     1.000     3.000     2.000     2.000    -0.152
     3.000     3.000     1.000     3.000     2.000     0.732
     2.000     2.000     3.000     0.000     2.000    -0.032
     3.000     2.000     2.000     3.000     2.000     0.594
     3.000     3.000     2.000     3.000     2.000     0.802
