     2.000     1.000     2.000     3.000     1.000     0.741
     2.000     2.000     2.000     2.000     2.000     0.636
     3.000     2.000     2.000     3.000     2.000     1.151
     2.000     2.000     2.000     2.000     1.000     0.603
     0.000     4.000     1.000     4.000     0.000    -0.880
     2.000     3.000     2.000     2.000     2.000     0.532
     2.000     2.000     2.000     2.000     1.000     0.603
     3.000     2.000     2.000     2.000     3.000     1.144
     1.000     2.000     2.000     2.000     1.000     0.134
     3.000     1.000     3.000     3.000     1.000     1.521
     2.000     1.000     3.000     4.000     0.000     1.021
     3.000     1.000     3.000     3.000     2.000     1.560
     0.000     3.000     1.000     1.000     1.000    -0.828
     1.000     3.000     1.000     3.000     2.000    -0.185
     0.000     1.000     1.000     2.000     1.000    -0.567
     2.000     3.000     3.000     4.000     3.000     0.920
     0.000     3.000     3.000     3.000     0.000    -0.232
     0.000     4.000     1.000     2.000     1.000    -0.937
     1.000     1.000     0.000     2.000     2.000    -0.323
     2.000     2.000     2.000     4.000     1.000     0.691
     2.000     3.000     1.000     2.000     2.000     0.272
     1.000     3.000     2.000     1.000     2.000     0.021
     2.000     3.000     2.000     2.000     2.000     0.532
     2.000     1.000     3.000     4.000     2.000     1.092
     1.000     2.000     1.000     3.000     1.000    -0.107
     2.000     3.000     1.000     3.000     1.000     0.279
     1.000     3.000     1.000     3.000     1.000    -0.220
     1.000     2.000     0.000     1.000     1.000    -0.499
     1.000     1.000     2.000     2.000     1.000     0.234
     0.000     2.000     1.000     2.000     2.000    -0.635
     0.000     2.000     0.000     1.000     0.000    -1.114
     3.000     3.000     3.000     2.000     3.000     1.323
     0.000     1.000     1.000     3.000     1.000    -0.526
     1.000     3.000     2.000     3.000     3.000     0.134
     0.000     4.000     0.000     2.000     2.000    -1.317
     2.000     2.000     2.000     2.000     2.000     0.636
     1.000     2.000     0.000     3.000     3.000    -0.350
     2.000     3.000     1.000     2.000     2.000     0.272
     2.000     3.000     3.000     3.000     2.000     0.836
     2.000     4.000     1.000     2.000     0.000     0.083
     0.000     4.000     0.000     4.000     3.000    -1.137
     2.000     1.000     2.000     3.000     1.000     0.741
     2.000     2.000     1.000     2.000     1.000     0.344
     0.000     1.000     1.000     3.000     1.000    -0.526
     0.000     4.000     0.000     1.000     0.000    -1.504
     2.000     2.000     2.000     2.000     2.000     0.636
     1.000     2.000     1.000     2.000     1.000    -0.149
     0.000     3.000     2.000     1.000     1.000    -0.525
     1.000     3.000     3.000     1.000     1.000     0.257
     1.000     3.000     0.000     4.000     1.000    -0.484
     0.000     3.000     1.000     4.000     0.000    -0.735
     1.000     4.000     2.000     3.000     3.000     0.006
     1.000     3.000     1.000     1.000     2.000    -0.266
     1.000     3.000     1.000     3.000     2.000    -0.185
     2.000     2.000     2.000     4.000     0.000     0.654
     1.000     2.000     1.000     3.000     1.000    -0.107
     0.000     0.000     1.000     3.000     1.000    -0.416
     1.000     3.000     1.000     2.000     2.000    -0.228
     0.000     4.000     0.000     2.000     2.000    -1.317
     2.000     4.000     2.000     3.000     2.000     0.450
     3.000     1.000     3.000     3.000     2.000     1.560
     0.000     2.000     2.000     0.000     2.000    -0.425
     1.000     3.000     0.000     2.000     3.000    -0.505
     0.000     3.000     2.000     2.000     0.000    -0.527
     1.000     3.000     1.000     1.000     0.000    -0.341
     1.000     3.000     2.000     4.000     1.000     0.115
     2.000     4.000     2.000     1.000     2.000     0.375
     3.000     4.000     2.000     3.000     2.000     0.928
     1.000     3.000     1.000     3.000     3.000    -0.149
     0.000     4.000     0.000     3.000     1.000    -1.307
     2.000     2.000     2.000     4.000     2.000     0.724
     2.000     3.000     2.000     3.000     3.000     0.605
     1.000     2.000     1.000     1.000     3.000    -0.116
     1.000     2.000     0.000     2.000     2.000    -0.427
     1.000     2.000     1.000     2.000     2.000    -0.114
     2.000     3.000     3.000     4.000     3.000     0.920
     0.000     3.000     1.000     1.000     2.000    -0.791
     2.000     2.000     3.000     3.000     1.000     0.908
     0.000     3.000     2.000     3.000     3.000    -0.386
     0.000     0.000     1.000     1.000     0.000    -0.531
     1.000     3.000     1.000     4.000     3.000    -0.099
     0.000     3.000     1.000     2.000     1.000    -0.788
     1.000     2.000     1.000     3.000     2.000    -0.071
     0.000     4.000     0.000     0.000     1.000    -1.508
     1.000     3.000     2.000     1.000     2.000     0.021
     0.000     3.000     1.000     1.000     2.000    -0.791
     0.000     4.000     0.000     3.000     1.000    -1.307
     2.000     2.000     3.000     3.000     1.000     0.908
     0.000     3.000     1.000     1.000     2.000    -0.791
     3.000     0.000     4.000     1.000     1.000     1.969
     0.000     3.000     0.000     2.000     3.000    -1.073
     1.000     3.000     1.000     3.000     0.000    -0.261
     1.000     3.000     1.000     1.000     1.000    -0.301
     1.000     4.000     1.000     3.000     2.000    -0.320
     0.000     3.000     2.000     3.000     2.000    -0.418
     0.000     3.000     2.000     2.000     2.000    -0.457
     0.000     2.000     1.000     2.000     2.000    -0.635
     0.000     3.000     0.000     4.000     1.000    -1.047
     1.000     2.000     1.000     2.000     2.000    -0.114
     2.000     1.000     3.000     4.000     0.000     1.021
     2.000     2.000     2.000     4.000     2.000     0.724
     3.000     2.000     3.000     3.000     3.000     1.483
     1.000     3.000     2.000     1.000     3.000     0.056
     2.000     3.000     3.000     4.000     2.000     0.886
     1.000     3.000     0.000     3.000     2.000    -0.499
     3.000     4.000     3.000     1.000     3.000     1.155
     1.000     3.000     1.000     3.000     3.000    -0.149
     2.000     0.000     0.000     3.000     2.000     0.320
     0.000     4.000     0.000     1.000     2.000    -1.376
     1.000     4.000     3.000     1.000     3.000     0.199
     0.000     4.000     0.000     3.000     1.000    -1.307
     0.000     4.000     1.000     3.000     2.000    -0.853
     3.000     1.000     2.000     3.000     3.000     1.287
     3.000     3.000     2.000     4.000     0.000     1.027
     1.000     3.000     1.000     2.000     3.000    -0.192
     1.000     2.000     2.000     1.000     2.000     0.131
     3.000     1.000     3.000     4.000     1.000     1.580
     0.000     4.000     0.000     1.000     2.000    -1.376
     1.000     4.000     0.000     4.000     0.000    -0.659
     2.000     2.000     1.000     2.000     1.000     0.344
     1.000     2.000     1.000     4.000     1.000    -0.056
     1.000     2.000     2.000     3.000     1.000     0.174
     0.000     4.000     0.000     3.000     1.000    -1.307
     2.000     3.000     1.000     3.000     1.000     0.279
     1.000     3.000     1.000     1.000     3.000    -0.230
     2.000     3.000     1.000     3.000     3.000     0.344
     2.000     2.000     1.000     1.000     1.000     0.308
     1.000     3.000     1.000     2.000     2.000    -0.228
     0.000     3.000     0.000     4.000     2.000    -1.005
     1.000     4.000     1.000     3.000     1.000    -0.355
     2.000     2.000     2.000     3.000     2.000     0.675
     1.000     3.000     0.000     3.000     2.000    -0.499
     1.000     4.000     0.000     3.000     3.000    -0.598
     3.000     2.000     2.000     3.000     2.000     1.151
     2.000     0.000     2.000     2.000     3.000     0.878
     1.000     3.000     1.000     2.000     3.000    -0.192
     0.000     3.000     1.000     3.000     3.000    -0.673
     1.000     4.000     0.000     3.000     0.000    -0.708
     1.000     4.000     1.000     2.000     2.000    -0.362
     1.000     2.000     2.000     4.000     2.000     0.256
     2.000     3.000     3.000     1.000     3.000     0.794
     1.000     3.000     2.000     2.000     1.000     0.024
     1.000     3.000     2.000     2.000     2.000     0.058
     0.000     3.000     0.000     4.000     2.000    -1.005
     1.000     3.000     1.000     3.000     3.000    -0.149
     0.000     3.000     1.000     0.000     0.000    -0.917
     1.000     3.000     1.000     3.000     1.000    -0.220
     1.000     3.000     1.000     1.000     3.000    -0.230
     1.000     3.000     1.000     3.000     1.000    -0.220
     0.000     3.000     0.000     2.000     2.000    -1.118
     2.000     3.000     1.000     0.000     1.000     0.167
     0.000     4.000     0.000     3.000     2.000    -1.255
     2.000     2.000     2.000     3.000     1.000     0.643
     0.000     2.000     0.000     3.000     2.000    -0.927
     0.000     3.000     1.000     3.000     1.000    -0.745
     0.000     4.000     0.000     2.000     3.000    -1.264
     3.000     2.000     3.000     3.000     1.000     1.408
     2.000     1.000     2.000     3.000     0.000     0.704
     2.000     1.000     2.000     3.000     2.000     0.774
     1.000     1.000     2.000     1.000     2.000     0.231
     1.000     3.000     1.000     1.000     1.000    -0.301
     3.000     2.000     2.000     2.000     2.000     1.110
     0.000     4.000     0.000     0.000     0.000    -1.584
     0.000     3.000     0.000     2.000     2.000    -1.118
     3.000     1.000     3.000     1.000     1.000     1.434
     3.000     2.000     2.000     4.000     0.000     1.130
     2.000     2.000     2.000     3.000     3.000     0.709
     1.000     3.000     1.000     3.000     1.000    -0.220
     2.000     3.000     2.000     1.000     2.000     0.496
     1.000     3.000     1.000     2.000     2.000    -0.228
     1.000     3.000     0.000     3.000     0.000    -0.574
     2.000     3.000     2.000     2.000     1.000     0.499
     1.000     1.000     1.000     3.000     1.000    -0.002
     2.000     1.000     2.000     3.000     1.000     0.741
     3.000     2.000     2.000     3.000     2.000     1.151
     1.000     1.000     1.000     3.000     3.000     0.068
     1.000     4.000     2.000     2.000     2.000    -0.071
     0.000     3.000     1.000     1.000     1.000    -0.828
     1.000     4.000     2.000     2.000     2.000    -0.071
     1.000     4.000     2.000     4.000     2.000     0.020
     0.000     4.000     0.000     4.000     2.000    -1.185
     1.000     3.000     2.000     1.000     2.000     0.021
     0.000     4.000     1.000     0.000     0.000    -1.077
     1.000     3.000     1.000     2.000     1.000    -0.263
     1.000     2.000     1.000     2.000     3.000    -0.078
     0.000     0.000     0.000     2.000     1.000    -0.769
     2.000     3.000     1.000     3.000     1.000     0.279
     1.000     3.000     1.000     2.000     1.000    -0.263
     1.000     3.000     0.000     1.000     1.000    -0.613
     1.000     2.000     3.000     3.000     2.000     0.471
     2.000     3.000     2.000     3.000     3.000     0.605
     0.000     3.000     0.000     0.000     0.000    -1.336
     1.000     2.000     1.000     2.000     2.000    -0.114
     1.000     2.000     1.000     4.000     0.000    -0.096
     0.000     3.000     1.000     3.000     1.000    -0.745
     0.000     3.000     0.000     3.000     3.000    -1.022
     2.000     2.000     1.000     2.000     3.000     0.409
     0.000     4.000     0.000     2.000     1.000    -1.371
     1.000     3.000     1.000     2.000     2.000    -0.228
     0.000     4.000     1.000     3.000     2.000    -0.853
     1.000     3.000     1.000     2.000     3.000    -0.192
     2.000     2.000     2.000     4.000     2.000     0.724
     1.000     4.000     1.000     3.000     1.000    -0.355
     2.000     2.000     3.000     3.000     3.000     0.976
     0.000     3.000     0.000     3.000     0.000    -1.163
     2.000     1.000     3.000     2.000     1.000     0.968
     2.000     2.000     2.000     3.000     3.000     0.709
     1.000     3.000     1.000     1.000     2.000    -0.266
     0.000     2.000     2.000     3.000     2.000    -0.314
     3.000     2.000     2.000     1.000     4.000     1.147
     2.000     1.000     2.000     2.000     1.000     0.701
     1.000     3.000     1.000     2.000     1.000    -0.263
     1.000     3.000     2.000     3.000     1.000     0.065
     0.000     4.000     1.000     4.000     1.000    -0.837
     1.000     1.000     3.000     4.000     3.000     0.648
     2.000     1.000     3.000     3.000     3.000     1.076
     2.000     2.000     1.000     3.000     1.000     0.383
     0.000     1.000     1.000     2.000     1.000    -0.567
     2.000     1.000     2.000     4.000     3.000     0.856
     2.000     2.000     2.000     3.000     3.000     0.709
     1.000     3.000     1.000     3.000     3.000    -0.149
     0.000     4.000     2.000     4.000     1.000    -0.530
     2.000     3.000     1.000     4.000     1.000     0.326
     3.000     2.000     2.000     3.000     1.000     1.118
     1.000     3.000     1.000     3.000     1.000    -0.220
     1.000     2.000     1.000     2.000     2.000    -0.114
     1.000     2.000     1.000     2.000     2.000    -0.114
     3.000     3.000     4.000     3.000     1.000     1.674
     0.000     1.000     1.000     2.000     2.000    -0.533
     2.000     3.000     2.000     1.000     2.000     0.496
     1.000     3.000     3.000     4.000     4.000     0.486
     0.000     4.000     1.000     3.000     2.000    -0.853
     1.000     2.000     3.000     2.000     3.000     0.465
     2.000     3.000     1.000     3.000     1.000     0.279
     2.000     2.000     1.000     3.000     2.000     0.415
     2.000     2.000     1.000     3.000     3.000     0.449
     3.000     0.000     2.000     2.000     1.000     1.293
     0.000     4.000     1.000     2.000     2.000    -0.898
     2.000     2.000     1.000     3.000     2.000     0.415
     1.000     3.000     1.000     2.000     2.000    -0.228
     2.000     1.000     1.000     3.000     1.000     0.481
     1.000     3.000     1.000     2.000     1.000    -0.263
     3.000     1.000     3.000     4.000     1.000     1.580
     1.000     2.000     2.000     2.000     1.000     0.134
     2.000     3.000     1.000     4.000     4.000     0.431
     2.000     2.000     3.000     1.000     3.000     0.899
     1.000     3.000     0.000     1.000     1.000    -0.613
     0.000     3.000     1.000     3.000     1.000    -0.745
     1.000     3.000     0.000     2.000     2.000    -0.541
     3.000     2.000     3.000     4.000     2.000     1.502
     0.000     4.000     2.000     2.000     2.000    -0.584
     1.000     2.000     3.000     3.000     3.000     0.504
     0.000     3.000     1.000     2.000     2.000    -0.752
     1.000     3.000     1.000     3.000     2.000    -0.185
     0.000     3.000     0.000     1.000     1.000    -1.216
     2.000     3.000     2.000     3.000     1.000     0.539
     0.000     3.000     0.000     2.000     2.000    -1.118
     0.000     4.000     1.000     3.000     0.000    -0.935
     1.000     3.000     0.000     4.000     1.000    -0.484
     2.000     2.000     4.000     4.000     1.000     1.305
     1.000     4.000     1.000     2.000     0.000    -0.437
     3.000     1.000     3.000     4.000     3.000     1.660
     2.000     4.000     2.000     4.000     2.000     0.498
     3.000     3.000     3.000     3.000     3.000     1.367
     1.000     3.000     2.000     3.000     1.000     0.065
     3.000     1.000     2.000     3.000     1.000     1.218
     1.000     4.000     1.000     3.000     2.000    -0.320
     1.000     3.000     1.000     2.000     2.000    -0.228
     1.000     3.000     0.000     2.000     2.000    -0.541
     2.000     3.000     2.000     3.000     1.000     0.539
     1.000     3.000     1.000     1.000     3.000    -0.230
     1.000     2.000     1.000     2.000     1.000    -0.149
     1.000     3.000     2.000     2.000     1.000     0.024
     0.000     2.000     0.000     2.000     2.000    -0.975
     0.000     3.000     1.000     4.000     1.000    -0.694
     2.000     2.000     2.000     2.000     2.000     0.636
     2.000     2.000     0.000     2.000     1.000     0.052
     1.000     4.000     1.000     3.000     3.000    -0.284
     2.000     2.000     2.000     3.000     2.000     0.675
     1.000     3.000     1.000     2.000     2.000    -0.228
     2.000     1.000     2.000     2.000     2.000     0.734
     1.000     2.000     1.000     3.000     1.000    -0.107
     0.000     4.000     0.000     2.000     1.000    -1.371
     2.000     2.000     1.000     3.000     1.000     0.383
     1.000     4.000     2.000     1.000     1.000    -0.143
     1.000     1.000     1.000     4.000     0.000     0.009
     2.000     1.000     2.000     3.000     3.000     0.807
     2.000     2.000     2.000     3.000     1.000     0.643
     1.000     2.000     2.000     2.000     2.000     0.167
     2.000     2.000     1.000     2.000     2.000     0.376
     2.000     1.000     3.000     1.000     3.000     0.999
     0.000     3.000     0.000     3.000     4.000    -0.972
     0.000     4.000     0.000     3.000     0.000    -1.370
     3.000     1.000     3.000     0.000     1.000     1.391
     0.000     3.000     0.000     0.000     0.000    -1.336
     1.000     4.000     0.000     2.000     2.000    -0.675
     1.000     3.000     1.000     1.000     2.000    -0.266
     1.000     2.000     1.000     0.000     2.000    -0.193
     2.000     4.000     0.000     3.000     0.000    -0.165
     1.000     2.000     2.000     3.000     1.000     0.174
     1.000     3.000     1.000     3.000     2.000    -0.185
     1.000     2.000     1.000     3.000     1.000    -0.107
     2.000     2.000     3.000     2.000     3.000     0.935
     1.000     1.000     2.000     3.000     2.000     0.308
     1.000     1.000     1.000     2.000     1.000    -0.044
     3.000     3.000     1.000     3.000     0.000     0.729
     1.000     3.000     1.000     3.000     2.000    -0.185
     1.000     1.000     1.000     3.000     3.000     0.068
     1.000     4.000     1.000     4.000     1.000    -0.304
     1.000     2.000     1.000     1.000     2.000    -0.152
     1.000     3.000     2.000     2.000     3.000     0.093
     0.000     0.000     0.000     1.000     1.000    -0.810
     2.000     2.000     2.000     0.000     0.000     0.492
     1.000     3.000     1.000     1.000     1.000    -0.301
     2.000     4.000     2.000     4.000     2.000     0.498
     1.000     3.000     3.000     3.000     2.000     0.366
     1.000     2.000     1.000     1.000     2.000    -0.152
     0.000     4.000     0.000     0.000     0.000    -1.584
     3.000     1.000     3.000     4.000     3.000     1.660
     2.000     2.000     2.000     2.000     2.000     0.636
     2.000     3.000     0.000     4.000     1.000     0.034
     3.000     1.000     2.000     3.000     3.000     1.287
     1.000     3.000     1.000     3.000     3.000    -0.149
     1.000     1.000     0.000     2.000     1.000    -0.358
     1.000     3.000     1.000     3.000     2.000    -0.185
     0.000     4.000     1.000     3.000     3.000    -0.815
     1.000     3.000     2.000     3.000     2.000     0.099
     3.000     3.000     3.000     3.000     4.000     1.411
     2.000     3.000     2.000     3.000     2.000     0.571
     1.000     2.000     2.000     3.000     3.000     0.242
     2.000     2.000     1.000     2.000     1.000     0.344
     1.000     3.000     3.000     2.000     1.000     0.293
     0.000     2.000     0.000     0.000     2.000    -1.072
     2.000     3.000     1.000     2.000     3.000     0.305
     2.000     2.000     1.000     3.000     2.000     0.415
     1.000     4.000     1.000     1.000     2.000    -0.400
     1.000     2.000     1.000     2.000     2.000    -0.114
     1.000     1.000     1.000     2.000     1.000    -0.044
     1.000     3.000     1.000     2.000     0.000    -0.303
     1.000     2.000     3.000     2.000     1.000     0.399
     0.000     4.000     0.000     1.000     1.000    -1.434
     2.000     3.000     2.000     2.000     1.000     0.499
     3.000     2.000     2.000     1.000     3.000     1.108
     0.000     4.000     0.000     4.000     1.000    -1.234
     1.000     2.000     1.000     2.000     2.000    -0.114
     0.000     4.000     0.000     2.000     2.000    -1.317
     2.000     3.000     2.000     3.000     2.000     0.571
     2.000     2.000     2.000     3.000     1.000     0.643
     1.000     2.000     1.000     2.000     1.000    -0.149
     2.000     3.000     1.000     2.000     2.000     0.272
     0.000     4.000     0.000     2.000     1.000    -1.371
     1.000     1.000     1.000     2.000     1.000    -0.044
     1.000     1.000     1.000     2.000     1.000    -0.044
     0.000     4.000     0.000     3.000     4.000    -1.148
     4.000     3.000     0.000     2.000     3.000     1.295
     1.000     2.000     1.000     3.000     2.000    -0.071
     1.000     2.000     2.000     3.000     1.000     0.174
     1.000     2.000     2.000     4.000     3.000     0.290
     0.000     4.000     1.000     3.000     2.000    -0.853
     1.000     2.000     1.000     4.000     0.000    -0.096
     1.000     3.000     2.000     2.000     3.000     0.093
     1.000     2.000     2.000     4.000     2.000     0.256
     2.000     1.000     1.000     3.000     3.000     0.547
     1.000     2.000     1.000     3.000     3.000    -0.036
     2.000     2.000     1.000     3.000     2.000     0.415
     0.000     3.000     0.000     1.000     2.000    -1.168
     1.000     2.000     1.000     1.000     2.000    -0.152
     0.000     3.000     0.000     2.000     0.000    -1.219
     1.000     3.000     1.000     2.000     0.000    -0.303
     3.000     1.000     3.000     2.000     2.000     1.513
     1.000     3.000     1.000     3.000     1.000    -0.220
     1.000     2.000     0.000     4.000     1.000    -0.370
     1.000     2.000     2.000     3.000     2.000     0.208
     2.000     3.000     2.000     2.000     2.000     0.532
     3.000     0.000     3.000     3.000     2.000     1.698
     1.000     2.000     1.000     2.000     2.000    -0.114
     0.000     4.000     1.000     1.000     2.000    -0.940
     0.000     4.000     0.000     0.000     4.000    -1.323
     1.000     2.000     1.000     2.000     2.000    -0.114
     3.000     3.000     2.000     2.000     4.000     1.080
     2.000     3.000     2.000     4.000     1.000     0.587
     2.000     3.000     3.000     2.000     2.000     0.796
     2.000     2.000     2.000     2.000     2.000     0.636
     2.000     3.000     2.000     4.000     2.000     0.619
     0.000     4.000     0.000     0.000     2.000    -1.447
     1.000     3.000     1.000     2.000     1.000    -0.263
     2.000     2.000     3.000     3.000     2.000     0.942
