     1.000     1.000     1.000     3.000     1.000    -0.245
     3.000     1.000     2.000     0.000     1.000    -0.390
     3.000     1.000     3.000     3.000     0.000     0.074
     1.000     3.000     2.000     2.000     1.000     0.053
     2.000     1.000     1.000     3.000     3.000     0.011
     1.000     1.000     2.000     1.000     1.000    -0.406
     2.000     1.000     3.000     2.000     1.000    -0.050
     2.000     3.000     2.000     3.000     2.000     0.354
     1.000     2.000     2.000     2.000     2.000    -0.012
     1.000     1.000     3.000     1.000     0.000    -0.384
     3.000     2.000     3.000     3.000     1.000     0.338
     3.000     1.000     3.000     3.000     1.000     0.175
     2.000     1.000     2.000     2.000     2.000    -0.094
     1.000     3.000     3.000     3.000     1.000     0.323
     1.000     1.000     2.000     1.000     1.000    -0.406
     3.000     4.000     4.000     3.000     2.000     0.982
     3.000     1.000     3.000     3.000     2.000     0.263
     3.000     0.000     4.000     1.000     1.000    -0.141
     3.000     0.000     1.000     1.000     0.000    -0.658
     3.000     2.000     2.000     2.000     2.000     0.156
     1.000     2.000     3.000     2.000     0.000    -0.067
     2.000     2.000     3.000     3.000     2.000     0.333
     2.000     2.000     3.000     2.000     2.000     0.201
     1.000     3.000     3.000     2.000     1.000     0.186
     1.000     1.000     1.000     2.000     1.000    -0.377
     3.000     1.000     2.000     3.000     2.000     0.126
     1.000     1.000     1.000     1.000     1.000    -0.518
     2.000     1.000     2.000     2.000     1.000    -0.180
     3.000     0.000     2.000     2.000     3.000    -0.134
     2.000     1.000     2.000     1.000     2.000    -0.229
     4.000     3.000     1.000     2.000     1.000     0.231
     3.000     2.000     3.000     4.000     2.000     0.578
     2.000     1.000     2.000     2.000     2.000    -0.094
     2.000     2.000     3.000     2.000     1.000     0.116
     1.000     0.000     2.000     0.000     0.000    -0.901
     1.000     2.000     1.000     2.000     2.000    -0.117
     3.000     2.000     3.000     4.000     2.000     0.578
     1.000     1.000     2.000     1.000     1.000    -0.406
     2.000     2.000     2.000     3.000     0.000     0.020
     3.000     0.000     3.000     2.000     3.000    -0.006
     3.000     0.000     2.000     3.000     0.000    -0.270
     2.000     0.000     1.000     1.000     1.000    -0.636
     0.000     1.000     1.000     1.000     3.000    -0.460
     4.000     1.000     1.000     1.000     3.000    -0.057
     0.000     0.000     1.000     0.000     1.000    -1.033
     3.000     2.000     2.000     3.000     2.000     0.286
     2.000     1.000     2.000     1.000     1.000    -0.317
     1.000     1.000     2.000     1.000     1.000    -0.406
     2.000     1.000     3.000     1.000     2.000    -0.100
     4.000     1.000     2.000     3.000     2.000     0.240
     1.000     0.000     0.000     3.000     3.000    -0.409
     1.000     1.000     3.000     1.000     2.000    -0.189
     1.000     1.000     1.000     2.000     1.000    -0.377
     2.000     1.000     0.000     2.000     1.000    -0.413
     0.000     0.000     0.000     0.000     0.000    -1.342
     3.000     0.000     3.000     1.000     1.000    -0.313
     3.000     2.000     4.000     3.000     1.000     0.501
     3.000     3.000     3.000     2.000     2.000     0.450
     3.000     2.000     4.000     2.000     1.000     0.367
     1.000     3.000     3.000     3.000     2.000     0.410
     2.000     1.000     3.000     3.000     1.000     0.084
     2.000     1.000     2.000     1.000     2.000    -0.229
     1.000     1.000     3.000     1.000     1.000    -0.279
     1.000     0.000     1.000     2.000     0.000    -0.693
     2.000     3.000     1.000     1.000     1.000    -0.102
     0.000     1.000     1.000     1.000     3.000    -0.460
     1.000     3.000     3.000     2.000     0.000     0.087
     2.000     0.000     1.000     2.000     0.000    -0.600
     3.000     1.000     2.000     1.000     1.000    -0.230
     2.000     1.000     0.000     2.000     1.000    -0.413
     1.000     2.000     4.000     3.000     2.000     0.412
     3.000     3.000     2.000     2.000     0.000     0.128
     4.000     1.000     4.000     2.000     2.000     0.409
     1.000     3.000     2.000     1.000     3.000     0.086
     2.000     2.000     2.000     2.000     2.000     0.071
     3.000     4.000     3.000     4.000     3.000     1.063
     1.000     1.000     1.000     1.000     2.000    -0.429
     3.000     0.000     1.000     2.000     2.000    -0.322
     2.000     2.000     2.000     3.000     1.000     0.116
     0.000     0.000     3.000     3.000     2.000    -0.242
     1.000     1.000     1.000     3.000     2.000    -0.158
     3.000     1.000     3.000     2.000     3.000     0.209
     3.000     2.000     1.000     3.000     1.000     0.097
     2.000     1.000     2.000     1.000     0.000    -0.420
     3.000     0.000     3.000     1.000     2.000    -0.224
     3.000     1.000     1.000     2.000     1.000    -0.202
     1.000     0.000     1.000     1.000     1.000    -0.730
     3.000     1.000     3.000     3.000     2.000     0.263
     3.000     3.000     3.000     2.000     1.000     0.364
     4.000     3.000     4.000     2.000     3.000     0.825
     1.000     1.000     3.000     1.000     0.000    -0.384
     4.000     1.000     1.000     2.000     1.000    -0.089
     3.000     1.000     3.000     1.000     2.000    -0.011
     2.000     2.000     3.000     2.000     2.000     0.201
     1.000     0.000     0.000     0.000     0.000    -1.185
     2.000     1.000     2.000     2.000     3.000    -0.013
     4.000     2.000     3.000     2.000     3.000     0.483
     3.000     3.000     3.000     1.000     2.000     0.315
     2.000     2.000     2.000     2.000     1.000    -0.012
     0.000     3.000     3.000     4.000     4.000     0.633
     3.000     2.000     3.000     2.000     2.000     0.289
     2.000     2.000     3.000     3.000     2.000     0.333
     3.000     3.000     4.000     3.000     3.000     0.845
     4.000     1.000     3.000     3.000     2.000     0.380
     2.000     1.000     3.000     1.000     1.000    -0.189
     3.000     3.000     4.000     1.000     3.000     0.566
     2.000     1.000     2.000     3.000     2.000     0.038
     1.000     3.000     1.000     2.000     1.000    -0.054
     1.000     0.000     1.000     1.000     1.000    -0.730
     3.000     3.000     3.000     4.000     4.000     0.937
     4.000     0.000     1.000     1.000     0.000    -0.542
     2.000     1.000     3.000     2.000     1.000    -0.050
     3.000     3.000     3.000     3.000     4.000     0.768
     3.000     2.000     3.000     2.000     3.000     0.369
     2.000     2.000     2.000     2.000     1.000    -0.012
     3.000     2.000     3.000     4.000     1.000     0.492
     1.000     4.000     3.000     4.000     1.000     0.707
     2.000     2.000     3.000     1.000     1.000    -0.016
     2.000     1.000     2.000     1.000     1.000    -0.317
     3.000     3.000     1.000     2.000     0.000     0.020
     2.000     2.000     3.000     2.000     1.000     0.116
     1.000     2.000     3.000     2.000     1.000     0.032
     4.000     3.000     4.000     1.000     3.000     0.687
     2.000     2.000     1.000     1.000     1.000    -0.248
     1.000     1.000     1.000     1.000     0.000    -0.624
     4.000     3.000     3.000     3.000     1.000     0.623
     1.000     1.000     1.000     1.000     1.000    -0.518
     1.000     2.000     3.000     2.000     1.000     0.032
     0.000     0.000     3.000     0.000     3.000    -0.599
     3.000     1.000     3.000     2.000     1.000     0.039
     2.000     2.000     3.000     3.000     2.000     0.333
     3.000     0.000     2.000     0.000     1.000    -0.601
     2.000     1.000     3.000     3.000     1.000     0.084
     4.000     2.000     3.000     4.000     1.000     0.610
     4.000     1.000     3.000     2.000     3.000     0.325
     3.000     2.000     2.000     2.000     2.000     0.156
     2.000     1.000     3.000     4.000     0.000     0.140
     2.000     0.000     4.000     1.000     2.000    -0.141
     2.000     3.000     3.000     2.000     2.000     0.358
     2.000     1.000     2.000     2.000     3.000    -0.013
     3.000     3.000     3.000     3.000     3.000     0.674
     1.000     1.000     1.000     2.000     1.000    -0.377
     1.000     1.000     1.000     1.000     2.000    -0.429
     2.000     1.000     2.000     2.000     1.000    -0.180
     1.000     0.000     3.000     0.000     1.000    -0.658
     3.000     1.000     3.000     2.000     1.000     0.039
     3.000     1.000     1.000     1.000     0.000    -0.445
     3.000     3.000     3.000     3.000     3.000     0.674
     3.000     3.000     3.000     3.000     2.000     0.590
     1.000     2.000     3.000     1.000     1.000    -0.102
     3.000     3.000     3.000     2.000     3.000     0.533
     1.000     1.000     3.000     1.000     3.000    -0.106
     3.000     1.000     2.000     2.000     1.000    -0.093
     1.000     1.000     3.000     1.000     0.000    -0.384
     0.000     1.000     1.000     1.000     3.000    -0.460
     3.000     1.000     4.000     1.000     2.000     0.159
     1.000     1.000     1.000     2.000     1.000    -0.377
     4.000     1.000     1.000     3.000     2.000     0.131
     3.000     2.000     1.000     4.000     1.000     0.247
     2.000     4.000     4.000     1.000     2.000     0.612
     3.000     1.000     1.000     1.000     2.000    -0.252
     3.000     2.000     2.000     2.000     0.000    -0.023
     2.000     2.000     3.000     0.000     2.000    -0.087
     3.000     2.000     2.000     2.000     2.000     0.156
     1.000     3.000     3.000     3.000     1.000     0.323
     3.000     0.000     2.000     3.000     0.000    -0.270
     2.000     1.000     3.000     3.000     1.000     0.084
     2.000     1.000     2.000     2.000     1.000    -0.180
     2.000     3.000     0.000     2.000     2.000    -0.004
     1.000     2.000     2.000     2.000     1.000    -0.095
     3.000     0.000     4.000     2.000     1.000    -0.006
     1.000     2.000     3.000     1.000     1.000    -0.102
     1.000     1.000     1.000     1.000     1.000    -0.518
     2.000     2.000     1.000     2.000     1.000    -0.117
     4.000     2.000     3.000     4.000     2.000     0.696
     3.000     3.000     2.000     3.000     1.000     0.360
     3.000     3.000     3.000     3.000     0.000     0.402
     3.000     1.000     3.000     1.000     2.000    -0.011
     1.000     1.000     3.000     1.000     1.000    -0.279
     4.000     3.000     4.000     3.000     3.000     0.973
     4.000     1.000     2.000     2.000     1.000     0.020
     1.000     3.000     3.000     2.000     1.000     0.186
     2.000     1.000     1.000     1.000     1.000    -0.427
     1.000     1.000     3.000     1.000     1.000    -0.279
     1.000     2.000     3.000     3.000     0.000     0.065
     1.000     1.000     3.000     1.000     0.000    -0.384
     3.000     2.000     3.000     3.000     3.000     0.504
     3.000     1.000     3.000     2.000     2.000     0.127
     3.000     1.000     2.000     2.000     2.000    -0.006
     3.000     2.000     2.000     3.000     2.000     0.286
     3.000     1.000     3.000     2.000     0.000    -0.063
     0.000     0.000     0.000     0.000     0.000    -1.342
     2.000     3.000     3.000     3.000     1.000     0.409
     0.000     0.000     1.000     0.000     0.000    -1.164
     2.000     1.000     3.000     2.000     1.000    -0.050
     2.000     4.000     2.000     4.000     2.000     0.727
     2.000     1.000     3.000     1.000     1.000    -0.189
     2.000     2.000     3.000     1.000     2.000     0.069
     3.000     3.000     3.000     1.000     2.000     0.315
     1.000     2.000     4.000     3.000     1.000     0.328
     2.000     3.000     3.000     2.000     3.000     0.440
     3.000     3.000     3.000     2.000     2.000     0.450
     1.000     2.000     2.000     2.000     1.000    -0.095
     4.000     1.000     2.000     4.000     0.000     0.209
     2.000     2.000     2.000     2.000     1.000    -0.012
     1.000     2.000     3.000     3.000     0.000     0.065
     4.000     3.000     4.000     3.000     2.000     0.886
     1.000     2.000     2.000     3.000     2.000     0.117
     0.000     2.000     1.000     0.000     0.000    -0.709
     3.000     3.000     3.000     3.000     1.000     0.503
     3.000     3.000     3.000     1.000     2.000     0.315
     3.000     1.000     2.000     4.000     2.000     0.280
     3.000     1.000     1.000     3.000     2.000     0.017
     4.000     2.000     3.000     2.000     1.000     0.317
     4.000     1.000     3.000     3.000     1.000     0.292
     1.000     3.000     3.000     3.000     3.000     0.493
     2.000     1.000     1.000     1.000     1.000    -0.427
     2.000     1.000     2.000     1.000     2.000    -0.229
     2.000     1.000     3.000     3.000     1.000     0.084
     2.000     2.000     2.000     3.000     2.000     0.199
     3.000     3.000     3.000     3.000     3.000     0.674
     4.000     3.000     4.000     2.000     4.000     0.921
     0.000     1.000     3.000     0.000     0.000    -0.672
     3.000     1.000     3.000     3.000     2.000     0.263
     1.000     1.000     2.000     1.000     2.000    -0.318
     2.000     1.000     1.000     2.000     1.000    -0.288
     3.000     3.000     3.000     3.000     2.000     0.590
     2.000     3.000     3.000     3.000     1.000     0.409
     1.000     1.000     4.000     1.000     2.000    -0.017
     1.000     2.000     2.000     3.000     2.000     0.117
     1.000     2.000     3.000     0.000     0.000    -0.361
     3.000     3.000     3.000     3.000     2.000     0.590
     2.000     3.000     2.000     1.000     2.000     0.090
     1.000     2.000     3.000     2.000     1.000     0.032
     2.000     1.000     1.000     2.000     0.000    -0.391
     3.000     2.000     3.000     2.000     3.000     0.369
     2.000     2.000     2.000     3.000     2.000     0.199
     3.000     2.000     3.000     2.000     1.000     0.204
     1.000     1.000     3.000     3.000     1.000    -0.003
     2.000     3.000     3.000     2.000     2.000     0.358
     2.000     1.000     2.000     2.000     1.000    -0.180
     3.000     3.000     3.000     3.000     1.000     0.503
     4.000     3.000     4.000     4.000     2.000     1.063
     1.000     1.000     3.000     2.000     0.000    -0.242
     0.000     3.000     2.000     1.000     1.000    -0.190
     3.000     3.000     4.000     4.000     3.000     1.017
     1.000     1.000     2.000     1.000     1.000    -0.406
     2.000     1.000     3.000     1.000     2.000    -0.100
     3.000     2.000     2.000     1.000     1.000    -0.058
     3.000     1.000     2.000     4.000     1.000     0.194
     4.000     2.000     4.000     3.000     2.000     0.703
     1.000     1.000     4.000     2.000     4.000     0.290
     1.000     1.000     3.000     1.000     2.000    -0.189
     1.000     1.000     1.000     2.000     2.000    -0.290
     3.000     3.000     2.000     2.000     2.000     0.310
     2.000     2.000     2.000     2.000     1.000    -0.012
     2.000     2.000     2.000     1.000     1.000    -0.143
     1.000     1.000     3.000     3.000     1.000    -0.003
     1.000     1.000     3.000     3.000     3.000     0.168
     2.000     0.000     2.000     2.000     2.000    -0.299
     1.000     2.000     2.000     2.000     2.000    -0.012
     0.000     3.000     3.000     3.000     3.000     0.381
     4.000     2.000     3.000     2.000     2.000     0.402
     2.000     3.000     3.000     4.000     2.000     0.655
     0.000     1.000     0.000     1.000     1.000    -0.767
     1.000     0.000     1.000     3.000     1.000    -0.453
     3.000     0.000     1.000     1.000     4.000    -0.290
     3.000     1.000     2.000     1.000     1.000    -0.230
     3.000     0.000     3.000     0.000     0.000    -0.585
     2.000     1.000     1.000     4.000     0.000    -0.103
     2.000     2.000     2.000     2.000     2.000     0.071
     2.000     1.000     0.000     1.000     0.000    -0.663
     3.000     1.000     3.000     3.000     1.000     0.175
     3.000     1.000     1.000     3.000     0.000    -0.171
     1.000     1.000     2.000     2.000     1.000    -0.267
     1.000     2.000     2.000     2.000     1.000    -0.095
     3.000     1.000     3.000     3.000     1.000     0.175
     2.000     2.000     1.000     2.000     0.000    -0.214
     3.000     2.000     4.000     3.000     4.000     0.758
     1.000     1.000     2.000     0.000     1.000    -0.568
     3.000     2.000     2.000     2.000     2.000     0.156
     3.000     2.000     2.000     2.000     1.000     0.073
     3.000     2.000     3.000     3.000     2.000     0.423
     1.000     1.000     0.000     1.000     0.000    -0.758
     3.000     2.000     4.000     2.000     3.000     0.531
     2.000     1.000     3.000     1.000     3.000    -0.017
     3.000     3.000     3.000     1.000     3.000     0.398
     0.000     2.000     1.000     1.000     1.000    -0.445
     2.000     1.000     2.000     2.000     1.000    -0.180
     2.000     2.000     2.000     2.000     1.000    -0.012
     3.000     1.000     3.000     3.000     3.000     0.346
     4.000     0.000     3.000     3.000     0.000    -0.028
     1.000     0.000     0.000     0.000     1.000    -1.051
     1.000     1.000     4.000     0.000     3.000    -0.095
     0.000     1.000     4.000     0.000     2.000    -0.291
     1.000     1.000     3.000     3.000     0.000    -0.106
     3.000     1.000     2.000     1.000     3.000    -0.060
     1.000     3.000     2.000     2.000     0.000    -0.045
     4.000     2.000     3.000     2.000     3.000     0.483
     2.000     1.000     2.000     2.000     2.000    -0.094
     1.000     1.000     3.000     2.000     3.000     0.032
     1.000     1.000     0.000     1.000     1.000    -0.647
     4.000     4.000     4.000     4.000     3.000     1.400
     3.000     3.000     2.000     3.000     3.000     0.527
     1.000     0.000     3.000     0.000     2.000    -0.566
     1.000     1.000     0.000     1.000     0.000    -0.758
     2.000     2.000     3.000     2.000     2.000     0.201
     1.000     1.000     3.000     1.000     1.000    -0.279
     0.000     1.000     0.000     3.000     1.000    -0.485
     2.000     3.000     2.000     3.000     1.000     0.270
     2.000     3.000     3.000     3.000     2.000     0.495
     4.000     1.000     3.000     1.000     1.000     0.017
     1.000     1.000     3.000     1.000     1.000    -0.279
     0.000     1.000     1.000     1.000     1.000    -0.634
     3.000     2.000     0.000     2.000     0.000    -0.250
     2.000     3.000     3.000     3.000     0.000     0.309
     1.000     1.000     3.000     2.000     2.000    -0.051
     0.000     0.000     0.000     0.000     0.000    -1.342
     3.000     3.000     2.000     3.000     2.000     0.445
     2.000     2.000     2.000     2.000     2.000     0.071
     1.000     1.000     3.000     2.000     1.000    -0.139
     3.000     3.000     3.000     3.000     2.000     0.590
     3.000     3.000     3.000     3.000     3.000     0.674
     2.000     1.000     2.000     1.000     2.000    -0.229
     3.000     1.000     1.000     1.000     1.000    -0.340
     2.000     3.000     4.000     4.000     0.000     0.637
     2.000     2.000     2.000     1.000     1.000    -0.143
     2.000     3.000     2.000     4.000     1.000     0.423
     1.000     1.000     2.000     2.000     1.000    -0.267
     3.000     3.000     3.000     3.000     0.000     0.402
     1.000     0.000     1.000     1.000     1.000    -0.730
     4.000     2.000     4.000     3.000     2.000     0.703
     3.000     0.000     0.000     1.000     0.000    -0.795
     2.000     3.000     3.000     2.000     2.000     0.358
     3.000     1.000     3.000     3.000     1.000     0.175
     4.000     2.000     4.000     3.000     4.000     0.880
     4.000     0.000     3.000     1.000     0.000    -0.302
     1.000     2.000     3.000     2.000     2.000     0.117
     3.000     2.000     3.000     1.000     3.000     0.238
     2.000     2.000     1.000     4.000     1.000     0.160
     0.000     2.000     3.000     0.000     2.000    -0.284
     1.000     2.000     1.000     1.000     1.000    -0.334
     3.000     3.000     4.000     4.000     3.000     1.017
     4.000     1.000     2.000     0.000     0.000    -0.381
     2.000     2.000     2.000     3.000     1.000     0.116
     1.000     1.000     2.000     1.000     1.000    -0.406
     1.000     2.000     2.000     3.000     2.000     0.117
     3.000     2.000     2.000     2.000     1.000     0.073
     2.000     1.000     2.000     2.000     0.000    -0.281
     3.000     2.000     3.000     2.000     2.000     0.289
     2.000     1.000     3.000     1.000     0.000    -0.293
     0.000     1.000     3.000     1.000     0.000    -0.502
     0.000     1.000     3.000     1.000     0.000    -0.502
     0.000     0.000     2.000     0.000     0.000    -1.034
     1.000     2.000     2.000     1.000     1.000    -0.228
     3.000     1.000     2.000     1.000     2.000    -0.142
     2.000     0.000     2.000     3.000     2.000    -0.170
     0.000     2.000     2.000     0.000     2.000    -0.407
     3.000     3.000     3.000     4.000     0.000     0.562
     1.000     1.000     2.000     1.000     2.000    -0.318
     4.000     2.000     4.000     2.000     3.000     0.647
     2.000     3.000     4.000     2.000     2.000     0.524
     0.000     0.000     1.000     1.000     0.000    -0.970
     2.000     2.000     3.000     2.000     1.000     0.116
     3.000     1.000     2.000     1.000     2.000    -0.142
     2.000     1.000     2.000     1.000     1.000    -0.317
     2.000     1.000     1.000     2.000     2.000    -0.202
     3.000     0.000     0.000     0.000     0.000    -0.978
     1.000     0.000     0.000     0.000     2.000    -0.950
     2.000     1.000     3.000     1.000     1.000    -0.189
     1.000     1.000     2.000     2.000     1.000    -0.267
     1.000     1.000     2.000     1.000     2.000    -0.318
     0.000     1.000     3.000     1.000     0.000    -0.502
     2.000     2.000     2.000     2.000     1.000    -0.012
     3.000     3.000     3.000     2.000     2.000     0.450
     2.000     2.000     2.000     2.000     2.000     0.071
     1.000     1.000     2.000     2.000     1.000    -0.267
     4.000     3.000     3.000     1.000     4.000     0.610
     1.000     1.000     1.000     2.000     2.000    -0.290
     3.000     2.000     3.000     3.000     3.000     0.504
     2.000     2.000     3.000     2.000     1.000     0.116
     4.000     4.000     4.000     3.000     3.000     1.201
     1.000     2.000     2.000     2.000     1.000    -0.095
     3.000     2.000     1.000     3.000     1.000     0.097
     0.000     0.000     1.000     0.000     0.000    -1.164
     2.000     1.000     3.000     2.000     2.000     0.037
     3.000     3.000     3.000     1.000     1.000     0.228
