     1.000     1.000     1.000     1.000     1.000    -1.186
     3.000     3.000     3.000     3.000     2.000     0.768
     2.000     1.000     1.000     1.000     1.000    -0.949
     2.000     2.000     2.000     3.000     2.000    -0.013
     2.000     2.000     3.000     2.000     1.000    -0.135
     2.000     1.000     2.000     2.000     2.000    -0.505
     3.000     2.000     2.000     3.000     2.000     0.258
     2.000     2.000     2.000     3.000     2.000    -0.013
     3.000     3.000     2.000     3.000     2.000     0.557
     2.000     2.000     2.000     3.000     2.000    -0.013
     2.000     1.000     1.000     1.000     3.000    -0.785
     2.000     1.000     1.000     3.000     1.000    -0.551
     3.000     0.000     4.000     2.000     2.000    -0.166
     3.000     3.000     3.000     3.000     2.000     0.768
     2.000     1.000     2.000     2.000     2.000    -0.505
     0.000     0.000     0.000     0.000     1.000    -2.218
     3.000     3.000     3.000     3.000     3.000     0.860
     2.000     2.000     3.000     2.000     3.000     0.031
     2.000     2.000     3.000     2.000     2.000    -0.052
     3.000     3.000     3.000     3.000     1.000     0.671
     3.000     2.000     2.000     3.000     2.000     0.258
     2.000     2.000     2.000     2.000     2.000    -0.229
     2.000     1.000     3.000     2.000     2.000    -0.330
     1.000     2.000     2.000     2.000     1.000    -0.564
     3.000     2.000     3.000     3.000     3.000     0.537
     4.000     3.000     3.000     3.000     1.000     0.993
     2.000     1.000     1.000     1.000     1.000    -0.949
     2.000     1.000     2.000     1.000     1.000    -0.780
     2.000     1.000     2.000     2.000     1.000    -0.589
     1.000     2.000     3.000     2.000     2.000    -0.317
     3.000     3.000     3.000     3.000     2.000     0.768
     2.000     1.000     1.000     2.000     1.000    -0.761
     1.000     1.000     3.000     2.000     2.000    -0.584
     4.000     3.000     3.000     4.000     3.000     1.456
     3.000     3.000     4.000     3.000     4.000     1.189
     2.000     1.000     2.000     1.000     2.000    -0.698
     2.000     1.000     1.000     2.000     2.000    -0.678
     1.000     1.000     2.000     2.000     2.000    -0.755
     2.000     2.000     2.000     3.000     3.000     0.071
     1.000     2.000     2.000     4.000     2.000     0.012
     1.000     1.000     1.000     1.000     3.000    -1.024
     3.000     1.000     1.000     2.000     3.000    -0.327
     3.000     2.000     3.000     3.000     2.000     0.450
     1.000     1.000     1.000     3.000     2.000    -0.718
     3.000     3.000     3.000     3.000     4.000     0.954
     3.000     2.000     2.000     2.000     1.000    -0.049
     3.000     3.000     3.000     3.000     2.000     0.768
     3.000     3.000     4.000     3.000     2.000     1.007
     2.000     2.000     1.000     0.000     1.000    -0.845
     2.000     2.000     1.000     1.000     1.000    -0.671
     4.000     4.000     3.000     3.000     1.000     1.359
     3.000     2.000     3.000     3.000     4.000     0.624
     4.000     3.000     2.000     3.000     3.000     0.958
     2.000     2.000     1.000     2.000     2.000    -0.401
     2.000     1.000     1.000     3.000     2.000    -0.468
     2.000     1.000     1.000     2.000     1.000    -0.761
     2.000     1.000     1.000     3.000     1.000    -0.551
     2.000     3.000     2.000     2.000     2.000     0.055
     3.000     2.000     3.000     3.000     2.000     0.450
     2.000     2.000     3.000     3.000     2.000     0.171
     1.000     1.000     2.000     3.000     1.000    -0.632
     2.000     0.000     1.000     2.000     2.000    -0.979
     1.000     2.000     2.000     1.000     2.000    -0.668
     2.000     2.000     2.000     3.000     2.000    -0.013
     3.000     3.000     3.000     3.000     2.000     0.768
     0.000     0.000     3.000     1.000     3.000    -1.202
     2.000     3.000     3.000     2.000     2.000     0.232
     0.000     2.000     2.000     2.000     1.000    -0.797
     2.000     2.000     3.000     2.000     2.000    -0.052
     1.000     2.000     2.000     2.000     2.000    -0.485
     2.000     2.000     2.000     2.000     2.000    -0.229
     2.000     1.000     2.000     2.000     2.000    -0.505
     2.000     1.000     3.000     3.000     1.000    -0.201
     2.000     2.000     3.000     3.000     3.000     0.255
     2.000     2.000     2.000     2.000     2.000    -0.229
     2.000     1.000     2.000     3.000     3.000    -0.212
     3.000     3.000     3.000     3.000     3.000     0.860
     4.000     3.000     3.000     3.000     2.000     1.090
     2.000     3.000     3.000     3.000     3.000     0.551
     3.000     3.000     4.000     3.000     2.000     1.007
     2.000     2.000     1.000     2.000     1.000    -0.483
     3.000     3.000     3.000     3.000     3.000     0.860
     2.000     2.000     2.000     3.000     1.000    -0.098
     2.000     1.000     3.000     2.000     3.000    -0.247
     1.000     0.000     4.000     3.000     3.000    -0.384
     3.000     3.000     3.000     3.000     3.000     0.860
     4.000     3.000     3.000     3.000     3.000     1.181
     2.000     2.000     3.000     2.000     2.000    -0.052
     4.000     2.000     2.000     2.000     1.000     0.265
     2.000     2.000     3.000     2.000     2.000    -0.052
     2.000     1.000     3.000     1.000     2.000    -0.524
     4.000     3.000     3.000     3.000     3.000     1.181
     3.000     1.000     1.000     1.000     1.000    -0.672
     3.000     3.000     3.000     3.000     2.000     0.768
     2.000     2.000     1.000     0.000     2.000    -0.766
     2.000     3.000     3.000     2.000     3.000     0.312
     0.000     2.000     0.000     0.000     1.000    -1.480
     3.000     3.000     3.000     4.000     3.000     1.145
     2.000     2.000     2.000     2.000     2.000    -0.229
     0.000     1.000     2.000     2.000     1.000    -1.075
     0.000     1.000     2.000     0.000     1.000    -1.439
     2.000     2.000     2.000     3.000     1.000    -0.098
     3.000     2.000     2.000     2.000     1.000    -0.049
     3.000     3.000     2.000     3.000     2.000     0.557
     3.000     2.000     3.000     3.000     3.000     0.537
     3.000     2.000     4.000     4.000     1.000     0.861
     2.000     2.000     3.000     2.000     2.000    -0.052
     2.000     2.000     2.000     2.000     3.000    -0.146
     3.000     2.000     3.000     2.000     2.000     0.213
     4.000     3.000     3.000     4.000     3.000     1.456
     0.000     1.000     2.000     1.000     1.000    -1.255
     4.000     3.000     3.000     3.000     3.000     1.181
     1.000     1.000     1.000     2.000     1.000    -1.005
     2.000     2.000     2.000     2.000     0.000    -0.401
     3.000     3.000     3.000     2.000     2.000     0.503
     3.000     2.000     3.000     3.000     2.000     0.450
     3.000     3.000     3.000     4.000     2.000     1.057
     2.000     2.000     2.000     2.000     1.000    -0.312
     3.000     2.000     2.000     3.000     2.000     0.258
     0.000     1.000     1.000     0.000     1.000    -1.617
     3.000     2.000     3.000     4.000     0.000     0.556
     2.000     2.000     2.000     3.000     2.000    -0.013
     1.000     1.000     4.000     3.000     0.000    -0.315
     1.000     1.000     1.000     1.000     1.000    -1.186
     3.000     3.000     3.000     4.000     2.000     1.057
     3.000     2.000     3.000     3.000     2.000     0.450
     3.000     1.000     3.000     3.000     2.000     0.147
     1.000     1.000     2.000     1.000     2.000    -0.939
     2.000     0.000     2.000     1.000     4.000    -0.835
     3.000     2.000     3.000     3.000     2.000     0.450
     2.000     2.000     2.000     2.000     1.000    -0.312
     2.000     2.000     2.000     2.000     3.000    -0.146
     3.000     2.000     3.000     3.000     1.000     0.361
     1.000     1.000     1.000     2.000     1.000    -1.005
     2.000     2.000     2.000     2.000     2.000    -0.229
     3.000     2.000     3.000     2.000     3.000     0.296
     1.000     2.000     1.000     0.000     2.000    -0.998
     0.000     0.000     3.000     1.000     2.000    -1.284
     2.000     2.000     2.000     3.000     2.000    -0.013
     3.000     4.000     3.000     3.000     3.000     1.242
     2.000     2.000     2.000     2.000     2.000    -0.229
     3.000     1.000     1.000     3.000     3.000    -0.122
     1.000     1.000     2.000     3.000     2.000    -0.551
     2.000     2.000     3.000     2.000     2.000    -0.052
     3.000     3.000     3.000     3.000     3.000     0.860
     3.000     3.000     3.000     3.000     3.000     0.860
     3.000     3.000     3.000     3.000     2.000     0.768
     2.000     1.000     2.000     2.000     1.000    -0.589
     3.000     2.000     3.000     2.000     2.000     0.213
     1.000     1.000     1.000     1.000     1.000    -1.186
     2.000     1.000     1.000     2.000     2.000    -0.678
     0.000     0.000     3.000     0.000     1.000    -1.553
     2.000     2.000     2.000     2.000     1.000    -0.312
     2.000     2.000     2.000     2.000     2.000    -0.229
     3.000     3.000     3.000     4.000     3.000     1.145
     3.000     3.000     4.000     4.000     3.000     1.367
     1.000     1.000     1.000     1.000     1.000    -1.186
     1.000     1.000     2.000     2.000     1.000    -0.836
     4.000     3.000     3.000     3.000     2.000     1.090
     3.000     2.000     2.000     3.000     2.000     0.258
     2.000     1.000     2.000     2.000     2.000    -0.505
     2.000     2.000     1.000     2.000     3.000    -0.319
     4.000     4.000     4.000     3.000     2.000     1.671
     3.000     2.000     2.000     2.000     2.000     0.034
     2.000     1.000     2.000     1.000     3.000    -0.615
     3.000     3.000     3.000     3.000     3.000     0.860
     1.000     1.000     1.000     1.000     2.000    -1.106
     2.000     2.000     3.000     3.000     2.000     0.171
     1.000     1.000     1.000     1.000     1.000    -1.186
     3.000     2.000     2.000     1.000     2.000    -0.166
     2.000     2.000     2.000     2.000     1.000    -0.312
     2.000     2.000     2.000     2.000     3.000    -0.146
     2.000     0.000     1.000     1.000     1.000    -1.237
     3.000     2.000     2.000     1.000     2.000    -0.166
     3.000     1.000     1.000     0.000     1.000    -0.844
     1.000     1.000     1.000     2.000     1.000    -1.005
     3.000     2.000     3.000     3.000     2.000     0.450
     3.000     3.000     3.000     3.000     2.000     0.768
     3.000     2.000     3.000     3.000     2.000     0.450
     3.000     4.000     4.000     3.000     3.000     1.450
     3.000     2.000     3.000     2.000     2.000     0.213
     3.000     3.000     2.000     3.000     2.000     0.557
     4.000     4.000     4.000     4.000     4.000     2.202
     2.000     2.000     3.000     3.000     2.000     0.171
     3.000     3.000     3.000     3.000     2.000     0.768
     3.000     3.000     2.000     3.000     2.000     0.557
     3.000     3.000     3.000     2.000     2.000     0.503
     3.000     3.000     3.000     3.000     3.000     0.860
     2.000     2.000     1.000     3.000     2.000    -0.190
     1.000     2.000     2.000     2.000     2.000    -0.485
     4.000     2.000     2.000     1.000     2.000     0.147
     4.000     4.000     1.000     3.000     3.000     1.126
     3.000     3.000     3.000     3.000     2.000     0.768
     4.000     2.000     3.000     3.000     3.000     0.843
     3.000     3.000     3.000     3.000     3.000     0.860
     1.000     2.000     1.000     1.000     2.000    -0.828
     2.000     2.000     3.000     2.000     2.000    -0.052
     2.000     0.000     2.000     2.000     3.000    -0.734
     2.000     1.000     3.000     2.000     2.000    -0.330
     3.000     3.000     3.000     4.000     2.000     1.057
     0.000     0.000     2.000     2.000     1.000    -1.362
     2.000     2.000     2.000     2.000     2.000    -0.229
     2.000     3.000     3.000     3.000     3.000     0.551
     2.000     2.000     2.000     3.000     1.000    -0.098
     2.000     2.000     2.000     2.000     2.000    -0.229
     1.000     1.000     2.000     1.000     2.000    -0.939
     2.000     2.000     3.000     3.000     3.000     0.255
     3.000     3.000     4.000     3.000     2.000     1.007
     2.000     2.000     3.000     2.000     3.000     0.031
     2.000     2.000     2.000     2.000     1.000    -0.312
     3.000     2.000     3.000     3.000     3.000     0.537
     3.000     2.000     3.000     3.000     2.000     0.450
     2.000     1.000     1.000     1.000     2.000    -0.868
     2.000     2.000     3.000     1.000     2.000    -0.253
     3.000     2.000     2.000     3.000     1.000     0.171
     3.000     0.000     3.000     3.000     3.000    -0.112
     3.000     2.000     2.000     2.000     2.000     0.034
     2.000     2.000     3.000     3.000     3.000     0.255
     2.000     1.000     1.000     2.000     2.000    -0.678
     3.000     3.000     2.000     3.000     2.000     0.557
     2.000     0.000     1.000     1.000     2.000    -1.158
     2.000     3.000     3.000     2.000     2.000     0.232
     1.000     1.000     0.000     1.000     2.000    -1.289
     3.000     3.000     3.000     3.000     2.000     0.768
     2.000     2.000     3.000     3.000     3.000     0.255
     1.000     1.000     1.000     1.000     1.000    -1.186
     3.000     2.000     3.000     3.000     2.000     0.450
     2.000     1.000     2.000     3.000     3.000    -0.212
     2.000     2.000     1.000     2.000     2.000    -0.401
     3.000     3.000     3.000     3.000     2.000     0.768
     3.000     2.000     2.000     3.000     3.000     0.342
     1.000     1.000     2.000     2.000     1.000    -0.836
     2.000     2.000     2.000     3.000     2.000    -0.013
     2.000     1.000     2.000     1.000     2.000    -0.698
     2.000     1.000     2.000     2.000     1.000    -0.589
     3.000     3.000     3.000     3.000     1.000     0.671
     3.000     3.000     2.000     3.000     1.000     0.466
     3.000     3.000     2.000     2.000     2.000     0.315
     3.000     3.000     3.000     3.000     2.000     0.768
     2.000     2.000     2.000     2.000     2.000    -0.229
     2.000     1.000     1.000     2.000     1.000    -0.761
     3.000     3.000     3.000     3.000     2.000     0.768
     3.000     1.000     2.000     2.000     2.000    -0.239
     2.000     2.000     3.000     3.000     2.000     0.171
     1.000     0.000     1.000     1.000     2.000    -1.390
     4.000     3.000     2.000     3.000     2.000     0.872
     2.000     2.000     2.000     3.000     2.000    -0.013
     3.000     1.000     2.000     3.000     1.000    -0.113
     2.000     1.000     3.000     3.000     2.000    -0.117
     2.000     2.000     2.000     2.000     1.000    -0.312
     2.000     1.000     2.000     2.000     3.000    -0.422
     2.000     1.000     2.000     2.000     2.000    -0.505
     1.000     1.000     3.000     2.000     2.000    -0.584
     3.000     3.000     3.000     3.000     3.000     0.860
     3.000     3.000     3.000     2.000     1.000     0.415
     3.000     2.000     2.000     2.000     2.000     0.034
     2.000     1.000     2.000     2.000     2.000    -0.505
     3.000     3.000     3.000     3.000     3.000     0.860
     3.000     3.000     3.000     3.000     3.000     0.860
     4.000     3.000     3.000     3.000     3.000     1.181
     3.000     3.000     2.000     3.000     2.000     0.557
     2.000     2.000     3.000     3.000     2.000     0.171
     2.000     2.000     2.000     2.000     4.000    -0.065
     2.000     1.000     1.000     1.000     2.000    -0.868
     3.000     2.000     2.000     3.000     3.000     0.342
     3.000     3.000     2.000     3.000     2.000     0.557
     1.000     2.000     2.000     1.000     2.000    -0.668
     3.000     3.000     3.000     3.000     3.000     0.860
     3.000     3.000     3.000     3.000     3.000     0.860
     1.000     2.000     2.000     2.000     2.000    -0.485
     3.000     2.000     2.000     3.000     2.000     0.258
     2.000     2.000     2.000     3.000     2.000    -0.013
     3.000     3.000     3.000     3.000     1.000     0.671
     4.000     3.000     3.000     2.000     3.000     0.890
     3.000     3.000     3.000     3.000     2.000     0.768
     2.000     2.000     2.000     2.000     2.000    -0.229
     1.000     0.000     1.000     1.000     2.000    -1.390
     3.000     4.000     3.000     3.000     3.000     1.242
     2.000     2.000     1.000     2.000     3.000    -0.319
     2.000     2.000     2.000     3.000     2.000    -0.013
     3.000     2.000     2.000     2.000     2.000     0.034
     1.000     1.000     2.000     1.000     1.000    -1.019
     2.000     1.000     2.000     2.000     1.000    -0.589
     1.000     1.000     2.000     3.000     2.000    -0.551
     4.000     4.000     4.000     4.000     2.000     1.967
     3.000     2.000     1.000     3.000     3.000     0.159
     1.000     1.000     0.000     3.000     1.000    -0.985
     2.000     1.000     2.000     2.000     2.000    -0.505
     3.000     3.000     3.000     3.000     2.000     0.768
     2.000     1.000     3.000     2.000     2.000    -0.330
     3.000     1.000     2.000     3.000     1.000    -0.113
     4.000     2.000     2.000     3.000     3.000     0.651
     4.000     4.000     4.000     3.000     3.000     1.762
     4.000     4.000     4.000     4.000     3.000     2.077
     4.000     4.000     3.000     4.000     2.000     1.720
     3.000     3.000     3.000     3.000     2.000     0.768
     2.000     2.000     3.000     2.000     2.000    -0.052
     2.000     2.000     2.000     1.000     2.000    -0.425
     3.000     3.000     3.000     1.000     3.000     0.366
     2.000     2.000     2.000     2.000     2.000    -0.229
     2.000     2.000     2.000     2.000     2.000    -0.229
     3.000     3.000     3.000     3.000     2.000     0.768
     4.000     3.000     1.000     1.000     3.000     0.319
     3.000     3.000     2.000     2.000     1.000     0.231
     2.000     1.000     1.000     1.000     2.000    -0.868
     3.000     3.000     2.000     2.000     2.000     0.315
     1.000     1.000     2.000     3.000     1.000    -0.632
     3.000     3.000     3.000     4.000     0.000     0.861
     3.000     3.000     3.000     2.000     2.000     0.503
     2.000     1.000     3.000     2.000     3.000    -0.247
     4.000     3.000     3.000     3.000     3.000     1.181
     3.000     1.000     2.000     3.000     3.000     0.050
     1.000     1.000     3.000     4.000     1.000    -0.161
     3.000     2.000     3.000     3.000     2.000     0.450
     2.000     2.000     2.000     3.000     2.000    -0.013
     3.000     2.000     3.000     3.000     2.000     0.450
     2.000     2.000     3.000     3.000     3.000     0.255
     2.000     2.000     4.000     3.000     2.000     0.403
     1.000     1.000     2.000     1.000     1.000    -1.019
     2.000     3.000     2.000     2.000     2.000     0.055
     2.000     1.000     3.000     3.000     2.000    -0.117
     2.000     0.000     1.000     2.000     0.000    -1.144
     2.000     2.000     3.000     3.000     2.000     0.171
     1.000     2.000     2.000     2.000     2.000    -0.485
     3.000     3.000     3.000     3.000     2.000     0.768
     3.000     3.000     2.000     2.000     3.000     0.396
     2.000     2.000     1.000     2.000     2.000    -0.401
     2.000     2.000     2.000     3.000     2.000    -0.013
     2.000     1.000     1.000     3.000     2.000    -0.468
     3.000     2.000     2.000     2.000     4.000     0.196
     2.000     1.000     2.000     2.000     3.000    -0.422
     0.000     0.000     0.000     0.000     0.000    -2.354
     0.000     0.000     2.000     0.000     1.000    -1.752
     2.000     2.000     2.000     2.000     2.000    -0.229
     1.000     1.000     2.000     1.000     1.000    -1.019
     2.000     2.000     2.000     3.000     1.000    -0.098
     3.000     2.000     3.000     4.000     2.000     0.735
     2.000     2.000     2.000     2.000     1.000    -0.312
     3.000     3.000     2.000     3.000     3.000     0.645
     1.000     1.000     1.000     1.000     2.000    -1.106
     3.000     3.000     3.000     4.000     2.000     1.057
     1.000     1.000     1.000     2.000     2.000    -0.924
     2.000     2.000     1.000     3.000     1.000    -0.274
     2.000     2.000     2.000     2.000     2.000    -0.229
     2.000     2.000     3.000     2.000     3.000     0.031
     2.000     2.000     3.000     3.000     3.000     0.255
     2.000     1.000     2.000     2.000     1.000    -0.589
     3.000     2.000     2.000     2.000     2.000     0.034
     3.000     3.000     3.000     3.000     2.000     0.768
     1.000     1.000     2.000     2.000     2.000    -0.755
     1.000     3.000     3.000     3.000     2.000     0.167
     2.000     2.000     3.000     3.000     2.000     0.171
     2.000     2.000     3.000     3.000     2.000     0.171
     2.000     2.000     2.000     4.000     4.000     0.440
     3.000     3.000     2.000     2.000     2.000     0.315
     3.000     2.000     3.000     3.000     2.000     0.450
     1.000     1.000     2.000     2.000     2.000    -0.755
     2.000     0.000     0.000     0.000     2.000    -1.525
     2.000     0.000     2.000     2.000     2.000    -0.814
     4.000     3.000     3.000     4.000     2.000     1.366
     3.000     3.000     1.000     3.000     2.000     0.366
     0.000     3.000     2.000     2.000     1.000    -0.512
     1.000     0.000     1.000     2.000     1.000    -1.293
     3.000     1.000     2.000     3.000     1.000    -0.113
     2.000     1.000     2.000     1.000     2.000    -0.698
     4.000     3.000     4.000     4.000     4.000     1.785
     1.000     1.000     2.000     2.000     1.000    -0.836
     4.000     2.000     4.000     4.000     4.000     1.378
     2.000     3.000     3.000     3.000     2.000     0.466
     3.000     3.000     3.000     3.000     2.000     0.768
     2.000     2.000     3.000     3.000     2.000     0.171
     1.000     1.000     2.000     3.000     3.000    -0.471
     3.000     2.000     2.000     2.000     3.000     0.115
     2.000     2.000     3.000     2.000     3.000     0.031
     1.000     1.000     2.000     3.000     2.000    -0.551
     2.000     1.000     1.000     2.000     2.000    -0.678
     3.000     3.000     2.000     2.000     3.000     0.396
     1.000     0.000     1.000     0.000     3.000    -1.493
     1.000     1.000     2.000     2.000     2.000    -0.755
     3.000     2.000     2.000     2.000     2.000     0.034
     3.000     3.000     3.000     3.000     2.000     0.768
     1.000     1.000     2.000     2.000     2.000    -0.755
     2.000     3.000     2.000     3.000     2.000     0.276
     2.000     1.000     2.000     2.000     1.000    -0.589
     2.000     3.000     3.000     3.000     3.000     0.551
     4.000     3.000     3.000     3.000     2.000     1.090
     3.000     2.000     2.000     3.000     3.000     0.342
