     1.000     1.000     3.000     1.000     1.000    -1.647
     2.000     2.000     3.000     2.000     2.000    -0.782
     3.000     2.000     2.000     1.000     2.000    -0.475
     2.000     2.000     1.000     2.000     2.000    -0.542
     2.000     2.000     1.000     3.000     3.000    -0.204
     3.000     3.000     1.000     2.000     2.000     0.094
     2.000     2.000     1.000     3.000     2.000    -0.367
     3.000     3.000     3.000     2.000     2.000    -0.142
     2.000     1.000     1.000     2.000     2.000    -0.818
     2.000     2.000     2.000     1.000     2.000    -0.832
     1.000     3.000     4.000     1.000     1.000    -1.246
     2.000     2.000     1.000     1.000     1.000    -0.867
     3.000     4.000     1.000     3.000     3.000     0.759
     2.000     2.000     2.000     3.000     3.000    -0.328
     2.000     2.000     2.000     2.000     2.000    -0.665
     4.000     4.000     0.000     4.000     3.000     1.557
     3.000     3.000     1.000     4.000     3.000     0.646
     3.000     3.000     0.000     2.000     3.000     0.413
     3.000     3.000     0.000     2.000     3.000     0.413
     2.000     3.000     1.000     2.000     3.000    -0.090
     2.000     2.000     3.000     2.000     3.000    -0.620
     2.000     2.000     1.000     2.000     2.000    -0.542
     2.000     2.000     2.000     2.000     3.000    -0.503
     3.000     3.000     1.000     2.000     2.000     0.094
     4.000     4.000     1.000     3.000     3.000     1.136
     3.000     3.000     1.000     3.000     3.000     0.448
     2.000     3.000     1.000     3.000     2.000    -0.081
     3.000     1.000     2.000     1.000     3.000    -0.594
     2.000     2.000     2.000     2.000     3.000    -0.503
     3.000     3.000     0.000     3.000     3.000     0.601
     3.000     3.000     1.000     3.000     3.000     0.448
     1.000     0.000     2.000     2.000     3.000    -1.326
     3.000     3.000     1.000     3.000     3.000     0.448
     3.000     3.000     1.000     3.000     3.000     0.448
     4.000     4.000     0.000     4.000     3.000     1.557
     2.000     2.000     2.000     2.000     2.000    -0.665
     3.000     3.000     1.000     3.000     3.000     0.448
     2.000     2.000     2.000     2.000     2.000    -0.665
     4.000     3.000     1.000     2.000     3.000     0.649
     2.000     2.000     2.000     3.000     2.000    -0.491
     3.000     3.000     0.000     4.000     4.000     0.989
     1.000     2.000     1.000     2.000     1.000    -1.042
     1.000     1.000     3.000     2.000     1.000    -1.497
     3.000     1.000     1.000     3.000     1.000    -0.462
     4.000     4.000     0.000     4.000     3.000     1.557
     2.000     2.000     2.000     2.000     3.000    -0.503
     2.000     2.000     1.000     3.000     3.000    -0.204
     3.000     3.000     2.000     3.000     3.000     0.315
     3.000     3.000     1.000     3.000     3.000     0.448
     1.000     1.000     2.000     2.000     3.000    -1.106
     1.000     1.000     2.000     1.000     3.000    -1.256
     4.000     3.000     1.000     2.000     3.000     0.649
     3.000     3.000     0.000     4.000     3.000     0.801
     3.000     3.000     1.000     2.000     2.000     0.094
     2.000     2.000     2.000     3.000     2.000    -0.491
     3.000     4.000     0.000     2.000     3.000     0.724
     3.000     3.000     0.000     3.000     2.000     0.420
     2.000     2.000     2.000     2.000     2.000    -0.665
     4.000     4.000     0.000     4.000     3.000     1.557
     2.000     3.000     2.000     4.000     2.000    -0.016
     1.000     0.000     4.000     1.000     1.000    -2.029
     2.000     2.000     2.000     2.000     2.000    -0.665
     2.000     2.000     2.000     3.000     3.000    -0.328
     2.000     2.000     2.000     2.000     2.000    -0.665
     3.000     3.000     1.000     3.000     3.000     0.448
     1.000     3.000     1.000     3.000     4.000    -0.128
     2.000     3.000     2.000     3.000     3.000    -0.041
     2.000     2.000     1.000     2.000     3.000    -0.379
     3.000     3.000     1.000     3.000     3.000     0.448
     3.000     2.000     2.000     2.000     2.000    -0.312
     2.000     2.000     1.000     3.000     2.000    -0.367
     2.000     2.000     2.000     2.000     2.000    -0.665
     3.000     3.000     2.000     2.000     3.000     0.135
     2.000     4.000     3.000     3.000     3.000     0.152
     2.000     2.000     2.000     2.000     2.000    -0.665
     1.000     1.000     1.000     3.000     3.000    -0.840
     3.000     3.000     0.000     3.000     2.000     0.420
     2.000     2.000     2.000     3.000     3.000    -0.328
     3.000     3.000     0.000     3.000     3.000     0.601
     3.000     3.000     0.000     4.000     3.000     0.801
     3.000     3.000     0.000     1.000     2.000     0.064
     3.000     3.000     1.000     4.000     4.000     0.835
     2.000     1.000     1.000     3.000     3.000    -0.498
     3.000     3.000     1.000     3.000     4.000     0.640
     3.000     2.000     1.000     3.000     3.000     0.150
     3.000     3.000     1.000     3.000     3.000     0.448
     3.000     2.000     1.000     3.000     3.000     0.150
     2.000     1.000     2.000     2.000     3.000    -0.782
     3.000     3.000     1.000     3.000     3.000     0.448
     3.000     3.000     1.000     2.000     3.000     0.264
     3.000     2.000     1.000     2.000     3.000    -0.027
     2.000     2.000     1.000     3.000     3.000    -0.204
     3.000     3.000     1.000     3.000     3.000     0.448
     3.000     2.000     1.000     3.000     3.000     0.150
     0.000     3.000     0.000     2.000     3.000    -0.668
     3.000     3.000     1.000     2.000     3.000     0.264
     2.000     2.000     1.000     1.000     2.000    -0.711
     3.000     3.000     0.000     3.000     3.000     0.601
     2.000     2.000     2.000     2.000     2.000    -0.665
     2.000     2.000     2.000     3.000     2.000    -0.491
     2.000     1.000     2.000     2.000     2.000    -0.934
     1.000     1.000     1.000     2.000     1.000    -1.281
     3.000     3.000     1.000     3.000     3.000     0.448
     3.000     3.000     1.000     3.000     3.000     0.448
     3.000     3.000     1.000     3.000     3.000     0.448
     2.000     2.000     1.000     3.000     3.000    -0.204
     1.000     2.000     1.000     4.000     2.000    -0.548
     3.000     3.000     2.000     1.000     2.000    -0.197
     3.000     3.000     1.000     3.000     3.000     0.448
     4.000     4.000     1.000     4.000     4.000     1.577
     2.000     2.000     0.000     2.000     3.000    -0.234
     2.000     1.000     2.000     4.000     4.000    -0.242
     2.000     3.000     3.000     1.000     1.000    -0.798
     3.000     2.000     2.000     2.000     2.000    -0.312
     2.000     3.000     1.000     3.000     3.000     0.082
     4.000     4.000     0.000     4.000     4.000     1.816
     2.000     1.000     2.000     3.000     3.000    -0.616
     3.000     3.000     0.000     4.000     4.000     0.989
     2.000     1.000     2.000     3.000     3.000    -0.616
     2.000     2.000     1.000     1.000     2.000    -0.711
     2.000     2.000     1.000     3.000     2.000    -0.367
     2.000     1.000     3.000     2.000     3.000    -0.894
     3.000     2.000     1.000     4.000     4.000     0.532
     3.000     3.000     3.000     2.000     3.000     0.020
     4.000     4.000     0.000     4.000     3.000     1.557
     2.000     3.000     2.000     3.000     3.000    -0.041
     4.000     3.000     1.000     2.000     3.000     0.649
     2.000     2.000     2.000     2.000     2.000    -0.665
     3.000     3.000     0.000     4.000     3.000     0.801
     3.000     3.000     3.000     3.000     3.000     0.198
     2.000     2.000     3.000     2.000     2.000    -0.782
     1.000     2.000     2.000     3.000     2.000    -0.847
     1.000     1.000     0.000     3.000     3.000    -0.710
     3.000     3.000     1.000     1.000     2.000    -0.077
     1.000     2.000     1.000     3.000     4.000    -0.394
     1.000     2.000     2.000     3.000     3.000    -0.697
     3.000     3.000     0.000     2.000     3.000     0.413
     2.000     2.000     1.000     4.000     2.000    -0.174
     3.000     2.000     2.000     1.000     2.000    -0.475
     2.000     0.000     1.000     3.000     3.000    -0.725
     2.000     3.000     2.000     2.000     3.000    -0.212
     2.000     1.000     1.000     3.000     3.000    -0.498
     3.000     3.000     2.000     2.000     2.000    -0.031
     2.000     2.000     2.000     2.000     3.000    -0.503
     3.000     3.000     1.000     3.000     3.000     0.448
     4.000     4.000     0.000     4.000     4.000     1.816
     2.000     3.000     3.000     3.000     2.000    -0.314
     3.000     3.000     1.000     3.000     1.000     0.107
     2.000     3.000     1.000     2.000     3.000    -0.090
     3.000     2.000     0.000     2.000     3.000     0.118
     3.000     3.000     1.000     4.000     3.000     0.646
     3.000     2.000     1.000     2.000     2.000    -0.191
     2.000     2.000     2.000     2.000     3.000    -0.503
     2.000     1.000     1.000     3.000     3.000    -0.498
     4.000     4.000     0.000     3.000     3.000     1.308
     3.000     4.000     0.000     4.000     4.000     1.308
     1.000     1.000     1.000     1.000     1.000    -1.430
     1.000     0.000     1.000     0.000     1.000    -1.824
     2.000     2.000     3.000     3.000     2.000    -0.608
     4.000     3.000     2.000     3.000     2.000     0.529
     3.000     2.000     1.000     2.000     3.000    -0.027
     2.000     2.000     2.000     2.000     2.000    -0.665
     4.000     3.000     1.000     3.000     4.000     1.009
     3.000     3.000     2.000     3.000     3.000     0.315
     4.000     4.000     0.000     2.000     2.000     0.911
     4.000     4.000     0.000     1.000     3.000     0.911
     1.000     1.000     3.000     1.000     2.000    -1.509
     2.000     3.000     1.000     3.000     3.000     0.082
     3.000     2.000     2.000     1.000     2.000    -0.475
     2.000     2.000     2.000     2.000     2.000    -0.665
     4.000     4.000     2.000     3.000     2.000     0.814
     3.000     3.000     1.000     2.000     3.000     0.264
     1.000     0.000     1.000     1.000     2.000    -1.518
     3.000     2.000     1.000     2.000     3.000    -0.027
     1.000     1.000     3.000     0.000     1.000    -1.802
     2.000     2.000     1.000     2.000     3.000    -0.379
     2.000     2.000     1.000     3.000     3.000    -0.204
     3.000     3.000     1.000     3.000     3.000     0.448
     3.000     2.000     1.000     2.000     3.000    -0.027
     4.000     4.000     4.000     4.000     4.000     1.109
     3.000     3.000     1.000     4.000     3.000     0.646
     3.000     3.000     1.000     3.000     3.000     0.448
     4.000     3.000     0.000     3.000     3.000     0.980
     3.000     3.000     1.000     3.000     3.000     0.448
     2.000     2.000     1.000     2.000     3.000    -0.379
     2.000     1.000     1.000     3.000     3.000    -0.498
     3.000     2.000     1.000     3.000     3.000     0.150
     3.000     2.000     1.000     3.000     3.000     0.150
     3.000     3.000     1.000     3.000     3.000     0.448
     2.000     2.000     1.000     3.000     3.000    -0.204
     4.000     3.000     0.000     2.000     2.000     0.620
     4.000     2.000     0.000     2.000     2.000     0.346
     3.000     4.000     1.000     3.000     3.000     0.759
     2.000     1.000     1.000     3.000     3.000    -0.498
     3.000     3.000     0.000     4.000     3.000     0.801
     2.000     2.000     3.000     2.000     2.000    -0.782
     3.000     2.000     1.000     2.000     3.000    -0.027
     4.000     4.000     0.000     3.000     3.000     1.308
     3.000     3.000     3.000     3.000     3.000     0.198
     4.000     3.000     0.000     4.000     4.000     1.379
     2.000     3.000     1.000     2.000     3.000    -0.090
     2.000     3.000     2.000     2.000     2.000    -0.371
     4.000     4.000     1.000     4.000     3.000     1.356
     3.000     2.000     0.000     4.000     2.000     0.318
     3.000     4.000     0.000     4.000     4.000     1.308
     2.000     1.000     2.000     2.000     2.000    -0.934
     3.000     3.000     1.000     3.000     3.000     0.448
     3.000     3.000     1.000     3.000     4.000     0.640
     3.000     0.000     0.000     2.000     3.000    -0.411
     2.000     2.000     2.000     1.000     2.000    -0.832
     3.000     3.000     3.000     3.000     3.000     0.198
     2.000     3.000     0.000     3.000     3.000     0.224
     3.000     2.000     1.000     3.000     3.000     0.150
     4.000     4.000     0.000     3.000     4.000     1.522
     1.000     1.000     2.000     2.000     2.000    -1.250
     2.000     3.000     3.000     3.000     3.000    -0.154
     2.000     2.000     2.000     3.000     3.000    -0.328
     3.000     3.000     1.000     3.000     3.000     0.448
     3.000     4.000     1.000     2.000     2.000     0.400
     2.000     2.000     2.000     2.000     2.000    -0.665
     1.000     1.000     2.000     3.000     3.000    -0.949
     2.000     0.000     3.000     4.000     3.000    -0.763
     3.000     3.000     1.000     2.000     3.000     0.264
     2.000     3.000     1.000     3.000     2.000    -0.081
     3.000     3.000     0.000     4.000     3.000     0.801
     2.000     2.000     3.000     2.000     2.000    -0.782
     3.000     2.000     1.000     3.000     3.000     0.150
     2.000     3.000     3.000     3.000     2.000    -0.314
     2.000     3.000     2.000     3.000     3.000    -0.041
     2.000     2.000     2.000     3.000     2.000    -0.491
     3.000     3.000     0.000     3.000     3.000     0.601
     3.000     4.000     1.000     4.000     2.000     0.771
     1.000     2.000     2.000     1.000     2.000    -1.165
     2.000     1.000     2.000     2.000     2.000    -0.934
     3.000     2.000     1.000     2.000     2.000    -0.191
     4.000     2.000     2.000     2.000     3.000     0.251
     3.000     3.000     1.000     3.000     3.000     0.448
     3.000     3.000     1.000     4.000     3.000     0.646
     2.000     2.000     1.000     3.000     2.000    -0.367
     3.000     2.000     1.000     2.000     2.000    -0.191
     2.000     2.000     1.000     2.000     2.000    -0.542
     2.000     2.000     1.000     3.000     3.000    -0.204
     3.000     4.000     1.000     2.000     3.000     0.574
     2.000     2.000     1.000     2.000     2.000    -0.542
     1.000     2.000     2.000     4.000     2.000    -0.661
     3.000     3.000     0.000     2.000     3.000     0.413
     2.000     2.000     1.000     3.000     3.000    -0.204
     2.000     3.000     1.000     3.000     2.000    -0.081
     3.000     2.000     3.000     3.000     3.000    -0.093
     1.000     1.000     2.000     1.000     1.000    -1.538
     2.000     4.000     1.000     4.000     4.000     0.731
     2.000     2.000     3.000     3.000     3.000    -0.445
     3.000     3.000     1.000     3.000     2.000     0.272
     3.000     3.000     1.000     3.000     3.000     0.448
     3.000     3.000     1.000     4.000     3.000     0.646
     3.000     2.000     1.000     2.000     2.000    -0.191
     3.000     2.000     1.000     3.000     3.000     0.150
     4.000     4.000     0.000     4.000     3.000     1.557
     3.000     3.000     1.000     3.000     3.000     0.448
     2.000     4.000     0.000     2.000     2.000     0.190
     4.000     4.000     1.000     3.000     3.000     1.136
     2.000     2.000     3.000     2.000     3.000    -0.620
     4.000     4.000     2.000     3.000     4.000     1.182
     2.000     3.000     2.000     3.000     2.000    -0.202
     1.000     2.000     2.000     3.000     3.000    -0.697
     3.000     3.000     2.000     1.000     2.000    -0.197
     4.000     4.000     0.000     3.000     3.000     1.308
     3.000     3.000     1.000     3.000     3.000     0.448
     3.000     3.000     0.000     3.000     3.000     0.601
     2.000     2.000     1.000     3.000     3.000    -0.204
     3.000     3.000     2.000     3.000     3.000     0.315
     3.000     2.000     1.000     2.000     2.000    -0.191
     2.000     2.000     1.000     3.000     3.000    -0.204
     3.000     3.000     2.000     3.000     4.000     0.506
     3.000     3.000     1.000     3.000     3.000     0.448
     2.000     2.000     2.000     2.000     3.000    -0.503
     4.000     3.000     0.000     1.000     2.000     0.452
     3.000     3.000     0.000     4.000     3.000     0.801
     2.000     2.000     1.000     3.000     3.000    -0.204
     2.000     2.000     1.000     3.000     3.000    -0.204
     3.000     3.000     1.000     2.000     3.000     0.264
     2.000     2.000     1.000     2.000     2.000    -0.542
     2.000     2.000     0.000     4.000     3.000     0.128
     2.000     2.000     2.000     2.000     2.000    -0.665
     2.000     2.000     1.000     3.000     4.000    -0.011
     2.000     4.000     2.000     2.000     1.000    -0.211
     3.000     2.000     2.000     1.000     2.000    -0.475
     1.000     2.000     2.000     2.000     1.000    -1.154
     3.000     3.000     1.000     3.000     3.000     0.448
     2.000     2.000     2.000     2.000     1.000    -0.821
     1.000     1.000     3.000     2.000     3.000    -1.213
     2.000     0.000     0.000     3.000     3.000    -0.586
     4.000     4.000     0.000     4.000     4.000     1.816
     4.000     4.000     1.000     4.000     4.000     1.577
     3.000     3.000     2.000     3.000     4.000     0.506
     3.000     3.000     1.000     3.000     3.000     0.448
     3.000     2.000     1.000     3.000     3.000     0.150
     3.000     3.000     2.000     2.000     2.000    -0.031
     3.000     3.000     1.000     3.000     3.000     0.448
     2.000     2.000     2.000     3.000     3.000    -0.328
     2.000     2.000     2.000     2.000     2.000    -0.665
     3.000     3.000     1.000     3.000     3.000     0.448
     4.000     4.000     1.000     4.000     0.000     0.805
     2.000     2.000     2.000     1.000     2.000    -0.832
     2.000     3.000     1.000     1.000     2.000    -0.417
     3.000     3.000     0.000     3.000     3.000     0.601
     2.000     2.000     0.000     2.000     3.000    -0.234
     3.000     4.000     0.000     3.000     3.000     0.914
     3.000     3.000     0.000     4.000     3.000     0.801
     3.000     1.000     1.000     3.000     3.000    -0.162
     4.000     4.000     1.000     4.000     3.000     1.356
     2.000     2.000     0.000     4.000     3.000     0.128
     3.000     3.000     0.000     3.000     3.000     0.601
     3.000     3.000     1.000     3.000     3.000     0.448
     4.000     4.000     0.000     3.000     2.000     1.101
     3.000     2.000     2.000     3.000     3.000     0.022
     2.000     2.000     2.000     2.000     3.000    -0.503
     4.000     4.000     0.000     3.000     4.000     1.522
     2.000     2.000     3.000     1.000     1.000    -1.101
     2.000     2.000     3.000     2.000     2.000    -0.782
     1.000     1.000     3.000     2.000     3.000    -1.213
     0.000     0.000     2.000     0.000     2.000    -2.130
     3.000     3.000     1.000     2.000     2.000     0.094
     3.000     2.000     1.000     2.000     2.000    -0.191
     2.000     2.000     1.000     3.000     3.000    -0.204
     3.000     4.000     0.000     4.000     3.000     1.117
     4.000     4.000     1.000     2.000     2.000     0.765
     2.000     2.000     1.000     2.000     1.000    -0.700
     1.000     2.000     2.000     3.000     2.000    -0.847
     3.000     3.000     1.000     3.000     4.000     0.640
     3.000     3.000     0.000     2.000     3.000     0.413
     2.000     2.000     2.000     2.000     2.000    -0.665
     2.000     1.000     1.000     1.000     3.000    -0.826
     3.000     2.000     1.000     2.000     3.000    -0.027
     1.000     1.000     3.000     2.000     3.000    -1.213
     0.000     0.000     2.000     4.000     2.000    -1.437
     2.000     2.000     1.000     3.000     3.000    -0.204
     2.000     2.000     2.000     1.000     3.000    -0.673
     2.000     3.000     0.000     3.000     2.000     0.059
     2.000     2.000     1.000     2.000     2.000    -0.542
     4.000     4.000     0.000     4.000     4.000     1.816
     2.000     2.000     1.000     2.000     2.000    -0.542
     3.000     3.000     3.000     2.000     2.000    -0.142
     2.000     2.000     2.000     3.000     2.000    -0.491
     3.000     3.000     2.000     3.000     2.000     0.143
     3.000     3.000     1.000     4.000     3.000     0.646
     2.000     2.000     1.000     2.000     3.000    -0.379
     2.000     2.000     3.000     3.000     2.000    -0.608
     3.000     2.000     0.000     3.000     3.000     0.298
     3.000     2.000     2.000     3.000     3.000     0.022
     3.000     3.000     1.000     3.000     3.000     0.448
     4.000     4.000     0.000     3.000     3.000     1.308
     4.000     4.000     0.000     3.000     3.000     1.308
     4.000     4.000     0.000     4.000     2.000     1.317
     2.000     3.000     2.000     2.000     2.000    -0.371
     3.000     2.000     1.000     3.000     2.000    -0.018
     2.000     2.000     2.000     2.000     2.000    -0.665
     0.000     4.000     3.000     3.000     1.000    -0.827
     4.000     3.000     2.000     3.000     3.000     0.698
     0.000     1.000     2.000     2.000     3.000    -1.416
     3.000     3.000     0.000     0.000     2.000    -0.103
     1.000     0.000     2.000     1.000     2.000    -1.630
     1.000     1.000     1.000     1.000     2.000    -1.292
     3.000     1.000     1.000     2.000     2.000    -0.475
     3.000     3.000     1.000     2.000     2.000     0.094
     3.000     3.000     0.000     4.000     4.000     0.989
     3.000     3.000     3.000     2.000     2.000    -0.142
     4.000     4.000     0.000     4.000     4.000     1.816
     3.000     3.000     0.000     2.000     3.000     0.413
     2.000     3.000     1.000     3.000     2.000    -0.081
     4.000     3.000     1.000     3.000     4.000     1.009
     4.000     3.000     1.000     2.000     2.000     0.482
     3.000     3.000     1.000     3.000     3.000     0.448
     3.000     2.000     2.000     2.000     3.000    -0.152
     2.000     2.000     2.000     3.000     3.000    -0.328
     3.000     2.000     1.000     3.000     2.000    -0.018
     3.000     2.000     3.000     1.000     2.000    -0.585
     4.000     2.000     1.000     4.000     3.000     0.720
     3.000     2.000     3.000     2.000     3.000    -0.265
     3.000     3.000     1.000     3.000     3.000     0.448
     3.000     3.000     1.000     3.000     2.000     0.272
     4.000     2.000     2.000     3.000     4.000     0.589
     3.000     2.000     3.000     3.000     3.000    -0.093
     2.000     2.000     1.000     2.000     3.000    -0.379
     4.000     4.000     0.000     4.000     4.000     1.816
     3.000     2.000     1.000     2.000     4.000     0.165
     2.000     2.000     3.000     3.000     3.000    -0.445
