     2.000     3.000     2.000     3.000     3.000    -0.114
     3.000     3.000     3.000     3.000     2.000     0.127
     1.000     3.000     3.000     1.000     1.000    -0.360
     2.000     2.000     3.000     3.000     3.000     0.009
     1.000     1.000     2.000     2.000     2.000    -0.663
     2.000     2.000     2.000     3.000     3.000    -0.248
     2.000     3.000     3.000     2.000     2.000    -0.090
     2.000     2.000     2.000     3.000     2.000    -0.351
     2.000     2.000     2.000     2.000     3.000    -0.365
     3.000     3.000     2.000     2.000     2.000    -0.259
     3.000     4.000     3.000     3.000     3.000     0.413
     2.000     3.000     1.000     3.000     2.000    -0.465
     2.000     4.000     3.000     3.000     4.000     0.464
     3.000     2.000     4.000     3.000     3.000     0.403
     2.000     3.000     3.000     2.000     3.000     0.025
     2.000     3.000     0.000     0.000     1.000    -1.053
     2.000     3.000     3.000     3.000     3.000     0.161
     2.000     3.000     4.000     2.000     1.000     0.139
     3.000     3.000     3.000     2.000     2.000    -0.006
     2.000     3.000     3.000     3.000     3.000     0.161
     3.000     2.000     3.000     3.000     3.000     0.097
     2.000     2.000     2.000     3.000     2.000    -0.351
     2.000     2.000     2.000     2.000     2.000    -0.467
     3.000     3.000     2.000     2.000     2.000    -0.259
     3.000     3.000     3.000     3.000     3.000     0.253
     4.000     3.000     4.000     3.000     3.000     0.646
     3.000     3.000     3.000     2.000     2.000    -0.006
     2.000     2.000     2.000     2.000     1.000    -0.558
     2.000     2.000     3.000     3.000     3.000     0.009
     2.000     3.000     3.000     3.000     3.000     0.161
     3.000     3.000     3.000     3.000     4.000     0.399
     3.000     2.000     2.000     2.000     2.000    -0.390
     2.000     3.000     3.000     3.000     2.000     0.039
     3.000     4.000     3.000     4.000     3.000     0.564
     4.000     4.000     4.000     4.000     4.000     1.121
     2.000     2.000     3.000     2.000     2.000    -0.227
     1.000     3.000     2.000     1.000     2.000    -0.506
     2.000     3.000     3.000     2.000     1.000    -0.186
     3.000     3.000     3.000     3.000     3.000     0.253
     2.000     2.000     2.000     2.000     3.000    -0.365
     4.000     3.000     4.000     3.000     0.000     0.332
     3.000     3.000     3.000     4.000     3.000     0.407
     3.000     3.000     3.000     3.000     3.000     0.253
     3.000     4.000     3.000     2.000     1.000     0.049
     3.000     3.000     3.000     3.000     3.000     0.253
     2.000     2.000     2.000     2.000     3.000    -0.365
     3.000     3.000     3.000     3.000     2.000     0.127
     4.000     1.000     3.000     3.000     3.000     0.044
     1.000     3.000     3.000     3.000     2.000    -0.038
     3.000     3.000     1.000     3.000     1.000    -0.479
     4.000     4.000     4.000     2.000     4.000     0.787
     3.000     4.000     3.000     3.000     4.000     0.556
     3.000     3.000     3.000     3.000     3.000     0.253
     4.000     2.000     3.000     4.000     2.000     0.228
     4.000     3.000     4.000     4.000     2.000     0.661
     1.000     3.000     3.000     3.000     2.000    -0.038
     3.000     2.000     3.000     3.000     3.000     0.097
     2.000     2.000     2.000     2.000     2.000    -0.467
     4.000     4.000     4.000     4.000     2.000     0.813
     2.000     2.000     2.000     2.000     2.000    -0.467
     3.000     2.000     2.000     2.000     3.000    -0.287
     1.000     2.000     2.000     2.000     2.000    -0.537
     3.000     3.000     3.000     3.000     2.000     0.127
     4.000     3.000     3.000     3.000     3.000     0.358
     3.000     3.000     3.000     3.000     2.000     0.127
     2.000     4.000     4.000     3.000     3.000     0.609
     2.000     3.000     2.000     3.000     3.000    -0.114
     3.000     1.000     3.000     2.000     3.000    -0.179
     3.000     3.000     3.000     3.000     3.000     0.253
     2.000     3.000     3.000     2.000     2.000    -0.090
     1.000     3.000     3.000     2.000     3.000    -0.052
     3.000     3.000     3.000     3.000     2.000     0.127
     2.000     3.000     3.000     3.000     3.000     0.161
     3.000     3.000     1.000     4.000     2.000    -0.255
     2.000     2.000     2.000     2.000     2.000    -0.467
     3.000     3.000     4.000     3.000     3.000     0.550
     3.000     3.000     3.000     4.000     3.000     0.407
     3.000     2.000     3.000     3.000     4.000     0.243
     3.000     2.000     3.000     3.000     2.000    -0.021
     3.000     2.000     2.000     2.000     3.000    -0.287
     4.000     3.000     3.000     3.000     0.000     0.020
     1.000     3.000     3.000     3.000     2.000    -0.038
     2.000     2.000     3.000     1.000     2.000    -0.329
     2.000     3.000     3.000     3.000     3.000     0.161
     3.000     3.000     3.000     3.000     3.000     0.253
     3.000     3.000     3.000     3.000     3.000     0.253
     3.000     3.000     3.000     2.000     3.000     0.112
     2.000     3.000     3.000     3.000     2.000     0.039
     3.000     2.000     3.000     1.000     1.000    -0.344
     4.000     3.000     2.000     4.000     3.000     0.196
     3.000     3.000     3.000     3.000     2.000     0.127
     3.000     3.000     4.000     3.000     3.000     0.550
     3.000     3.000     3.000     3.000     3.000     0.253
     3.000     3.000     3.000     3.000     3.000     0.253
     2.000     2.000     3.000     2.000     3.000    -0.119
     3.000     2.000     2.000     3.000     2.000    -0.274
     2.000     3.000     2.000     3.000     1.000    -0.312
     2.000     3.000     3.000     3.000     3.000     0.161
     2.000     2.000     2.000     3.000     3.000    -0.248
     1.000     2.000     1.000     3.000     2.000    -0.656
     1.000     3.000     0.000     1.000     1.000    -1.030
     3.000     3.000     2.000     2.000     2.000    -0.259
     3.000     3.000     3.000     1.000     1.000    -0.212
     2.000     3.000     3.000     4.000     3.000     0.315
     2.000     3.000     3.000     3.000     3.000     0.161
     1.000     3.000     3.000     1.000     3.000    -0.162
     3.000     3.000     3.000     3.000     3.000     0.253
     1.000     3.000     1.000     2.000     1.000    -0.726
     3.000     3.000     3.000     3.000     2.000     0.127
     0.000     4.000     4.000     3.000     4.000     0.592
     3.000     2.000     3.000     2.000     2.000    -0.147
     2.000     4.000     3.000     3.000     0.000    -0.009
     1.000     3.000     1.000     1.000     2.000    -0.732
     2.000     2.000     4.000     2.000     3.000     0.201
     3.000     3.000     3.000     3.000     2.000     0.127
     2.000     3.000     3.000     3.000     3.000     0.161
     0.000     3.000     3.000     3.000     3.000     0.002
     2.000     3.000     3.000     4.000     3.000     0.315
     3.000     3.000     3.000     2.000     3.000     0.112
     1.000     1.000     2.000     1.000     1.000    -0.846
     3.000     4.000     3.000     4.000     3.000     0.564
     2.000     3.000     3.000     3.000     3.000     0.161
     1.000     3.000     2.000     3.000     2.000    -0.290
     2.000     3.000     3.000     3.000     3.000     0.161
     3.000     3.000     3.000     3.000     2.000     0.127
     3.000     3.000     3.000     3.000     3.000     0.253
     2.000     3.000     3.000     3.000     3.000     0.161
     2.000     2.000     2.000     2.000     2.000    -0.467
     4.000     3.000     3.000     4.000     3.000     0.510
     2.000     3.000     3.000     2.000     2.000    -0.090
     2.000     3.000     3.000     2.000     3.000     0.025
     1.000     2.000     2.000     2.000     2.000    -0.537
     4.000     3.000     3.000     3.000     2.000     0.230
     2.000     2.000     2.000     3.000     2.000    -0.351
     2.000     2.000     2.000     2.000     2.000    -0.467
     3.000     3.000     3.000     3.000     2.000     0.127
     3.000     2.000     1.000     3.000     1.000    -0.604
     1.000     4.000     2.000     2.000     3.000    -0.155
     2.000     2.000     2.000     1.000     1.000    -0.656
     3.000     2.000     2.000     3.000     3.000    -0.169
     2.000     2.000     2.000     2.000     3.000    -0.365
     3.000     3.000     3.000     3.000     3.000     0.253
     3.000     2.000     3.000     3.000     2.000    -0.021
     2.000     2.000     2.000     2.000     2.000    -0.467
     3.000     3.000     3.000     3.000     3.000     0.253
     2.000     2.000     3.000     4.000     3.000     0.161
     1.000     3.000     3.000     3.000     3.000     0.081
     1.000     2.000     2.000     2.000     3.000    -0.435
     2.000     2.000     3.000     3.000     1.000    -0.201
     2.000     3.000     3.000     2.000     2.000    -0.090
     2.000     3.000     3.000     3.000     3.000     0.161
     1.000     3.000     3.000     1.000     3.000    -0.162
     3.000     3.000     2.000     2.000     3.000    -0.154
     3.000     2.000     3.000     2.000     1.000    -0.242
     2.000     4.000     4.000     4.000     4.000     0.895
     1.000     4.000     4.000     2.000     4.000     0.530
     3.000     3.000     3.000     3.000     2.000     0.127
     2.000     3.000     3.000     1.000     3.000    -0.088
     3.000     4.000     3.000     3.000     3.000     0.413
     4.000     3.000     4.000     4.000     2.000     0.661
     2.000     3.000     3.000     3.000     3.000     0.161
     3.000     2.000     3.000     3.000     2.000    -0.021
     1.000     3.000     3.000     1.000     4.000    -0.021
     2.000     2.000     2.000     2.000     2.000    -0.467
     3.000     2.000     3.000     3.000     1.000    -0.120
     3.000     2.000     4.000     3.000     3.000     0.403
     3.000     4.000     2.000     2.000     3.000    -0.009
     3.000     3.000     3.000     3.000     3.000     0.253
     2.000     2.000     2.000     2.000     0.000    -0.655
     2.000     2.000     2.000     2.000     2.000    -0.467
     4.000     4.000     2.000     2.000     3.000     0.081
     3.000     3.000     3.000     2.000     3.000     0.112
     4.000     3.000     1.000     3.000     1.000    -0.390
     2.000     3.000     2.000     3.000     3.000    -0.114
     1.000     1.000     1.000     3.000     1.000    -0.861
     3.000     3.000     3.000     3.000     1.000     0.024
     3.000     2.000     3.000     3.000     2.000    -0.021
     3.000     4.000     3.000     3.000     3.000     0.413
     3.000     3.000     3.000     2.000     2.000    -0.006
     1.000     4.000     4.000     4.000     3.000     0.674
     4.000     4.000     4.000     3.000     2.000     0.668
     2.000     2.000     3.000     2.000     3.000    -0.119
     4.000     2.000     4.000     3.000     3.000     0.495
     3.000     3.000     3.000     3.000     2.000     0.127
     2.000     2.000     2.000     3.000     3.000    -0.248
     3.000     3.000     3.000     3.000     3.000     0.253
     2.000     3.000     3.000     3.000     3.000     0.161
     2.000     4.000     3.000     4.000     3.000     0.472
     3.000     4.000     3.000     3.000     3.000     0.413
     2.000     3.000     2.000     2.000     2.000    -0.336
     2.000     3.000     2.000     2.000     2.000    -0.336
     4.000     2.000     3.000     2.000     0.000    -0.245
     2.000     3.000     2.000     3.000     3.000    -0.114
     2.000     4.000     4.000     3.000     3.000     0.609
     4.000     3.000     3.000     3.000     2.000     0.230
     2.000     3.000     2.000     2.000     3.000    -0.233
     2.000     2.000     3.000     3.000     3.000     0.009
     3.000     3.000     3.000     2.000     3.000     0.112
     2.000     3.000     2.000     2.000     2.000    -0.336
     2.000     4.000     4.000     4.000     3.000     0.753
     2.000     2.000     2.000     2.000     2.000    -0.467
     3.000     2.000     3.000     2.000     2.000    -0.147
     3.000     3.000     3.000     3.000     3.000     0.253
     3.000     3.000     3.000     4.000     3.000     0.407
     3.000     2.000     3.000     4.000     2.000     0.129
     2.000     3.000     2.000     3.000     2.000    -0.219
     4.000     4.000     3.000     3.000     3.000     0.517
     2.000     2.000     2.000     3.000     3.000    -0.248
     3.000     3.000     3.000     4.000     4.000     0.549
     3.000     2.000     3.000     3.000     3.000     0.097
     1.000     3.000     1.000     0.000     1.000    -0.904
     3.000     2.000     2.000     2.000     3.000    -0.287
     2.000     2.000     3.000     3.000     2.000    -0.105
     4.000     2.000     3.000     3.000     2.000     0.078
     3.000     4.000     3.000     4.000     3.000     0.564
     3.000     2.000     2.000     3.000     3.000    -0.169
     2.000     3.000     3.000     3.000     3.000     0.161
     3.000     4.000     3.000     3.000     3.000     0.413
     4.000     3.000     3.000     2.000     2.000     0.093
     2.000     2.000     2.000     2.000     2.000    -0.467
     4.000     3.000     2.000     0.000     4.000    -0.116
     2.000     4.000     3.000     0.000     3.000    -0.023
     2.000     3.000     4.000     3.000     2.000     0.349
     3.000     3.000     3.000     3.000     2.000     0.127
     3.000     3.000     3.000     3.000     3.000     0.253
     2.000     1.000     2.000     1.000     2.000    -0.691
     3.000     4.000     3.000     4.000     4.000     0.703
     3.000     4.000     3.000     3.000     3.000     0.413
     3.000     3.000     3.000     2.000     3.000     0.112
     3.000     3.000     2.000     2.000     3.000    -0.154
     3.000     4.000     3.000     3.000     3.000     0.413
     3.000     2.000     2.000     3.000     1.000    -0.366
     2.000     2.000     2.000     3.000     2.000    -0.351
     2.000     2.000     2.000     3.000     3.000    -0.248
     3.000     3.000     2.000     0.000     2.000    -0.446
     2.000     3.000     3.000     3.000     3.000     0.161
     3.000     3.000     2.000     1.000     3.000    -0.257
     3.000     3.000     3.000     3.000     3.000     0.253
     3.000     3.000     3.000     4.000     3.000     0.407
     3.000     2.000     2.000     2.000     3.000    -0.287
     2.000     2.000     2.000     2.000     2.000    -0.467
     3.000     3.000     3.000     3.000     3.000     0.253
     0.000     2.000     2.000     3.000     2.000    -0.494
     2.000     3.000     3.000     3.000     3.000     0.161
     3.000     4.000     3.000     2.000     3.000     0.271
     1.000     3.000     2.000     1.000     3.000    -0.405
     3.000     2.000     3.000     3.000     2.000    -0.021
     3.000     3.000     3.000     3.000     3.000     0.253
     3.000     3.000     3.000     2.000     2.000    -0.006
     3.000     2.000     1.000     3.000     2.000    -0.516
     2.000     3.000     2.000     3.000     1.000    -0.312
     1.000     4.000     3.000     2.000     3.000     0.104
     3.000     4.000     2.000     3.000     3.000     0.111
     3.000     3.000     3.000     3.000     3.000     0.253
     2.000     3.000     3.000     3.000     3.000     0.161
     2.000     3.000     2.000     2.000     2.000    -0.336
     3.000     3.000     2.000     3.000     3.000    -0.034
     2.000     3.000     3.000     4.000     3.000     0.315
     3.000     3.000     3.000     3.000     3.000     0.253
     4.000     4.000     3.000     3.000     3.000     0.517
     3.000     3.000     3.000     3.000     3.000     0.253
     2.000     3.000     3.000     3.000     2.000     0.039
     4.000     4.000     4.000     2.000     4.000     0.787
     3.000     2.000     1.000     2.000     2.000    -0.625
     4.000     4.000     4.000     3.000     3.000     0.800
     3.000     3.000     3.000     3.000     3.000     0.253
     4.000     4.000     3.000     2.000     3.000     0.372
     3.000     4.000     3.000     3.000     3.000     0.413
     4.000     3.000     4.000     3.000     4.000     0.782
     3.000     3.000     3.000     3.000     2.000     0.127
     3.000     3.000     3.000     3.000     3.000     0.253
     3.000     3.000     2.000     3.000     3.000    -0.034
     3.000     3.000     3.000     3.000     2.000     0.127
     2.000     3.000     3.000     3.000     4.000     0.308
     3.000     3.000     3.000     2.000     3.000     0.112
     2.000     2.000     2.000     2.000     2.000    -0.467
     1.000     4.000     3.000     2.000     2.000    -0.011
     3.000     4.000     4.000     4.000     4.000     0.998
     2.000     2.000     1.000     2.000     1.000    -0.785
     2.000     4.000     3.000     2.000     3.000     0.182
     2.000     3.000     2.000     3.000     2.000    -0.219
     3.000     2.000     2.000     3.000     1.000    -0.366
     2.000     3.000     4.000     2.000     2.000     0.227
     2.000     2.000     2.000     3.000     3.000    -0.248
     3.000     4.000     3.000     4.000     3.000     0.564
     3.000     3.000     2.000     3.000     2.000    -0.141
     1.000     3.000     1.000     1.000     2.000    -0.732
     3.000     2.000     2.000     2.000     2.000    -0.390
     3.000     3.000     3.000     3.000     3.000     0.253
     2.000     2.000     2.000     2.000     2.000    -0.467
     1.000     3.000     2.000     4.000     3.000    -0.043
     3.000     3.000     3.000     3.000     3.000     0.253
     3.000     3.000     4.000     3.000     3.000     0.550
     1.000     3.000     3.000     4.000     4.000     0.379
     2.000     3.000     2.000     3.000     1.000    -0.312
     3.000     3.000     3.000     2.000     3.000     0.112
     3.000     3.000     3.000     3.000     3.000     0.253
     1.000     1.000     1.000     2.000     2.000    -0.881
     3.000     0.000     3.000     3.000     3.000    -0.164
     3.000     3.000     3.000     2.000     2.000    -0.006
     3.000     3.000     2.000     2.000     2.000    -0.259
     2.000     3.000     3.000     3.000     1.000    -0.061
     0.000     1.000     1.000     1.000     1.000    -1.126
     2.000     2.000     2.000     2.000     1.000    -0.558
     3.000     3.000     2.000     4.000     3.000     0.106
     3.000     3.000     3.000     3.000     2.000     0.127
     2.000     1.000     1.000     1.000     3.000    -0.813
     3.000     3.000     3.000     2.000     3.000     0.112
     3.000     3.000     4.000     1.000     3.000     0.310
     2.000     2.000     2.000     3.000     2.000    -0.351
     3.000     4.000     4.000     3.000     4.000     0.837
     4.000     4.000     3.000     4.000     3.000     0.666
     1.000     2.000     2.000     4.000     1.000    -0.368
     3.000     3.000     3.000     3.000     3.000     0.253
     3.000     3.000     2.000     1.000     2.000    -0.360
     3.000     3.000     3.000     3.000     3.000     0.253
     3.000     3.000     2.000     3.000     3.000    -0.034
     3.000     3.000     3.000     4.000     2.000     0.280
     1.000     1.000     1.000     1.000     1.000    -1.056
     2.000     2.000     2.000     2.000     2.000    -0.467
     3.000     4.000     3.000     4.000     3.000     0.564
     1.000     3.000     2.000     3.000     1.000    -0.383
     2.000     2.000     2.000     2.000     3.000    -0.365
     2.000     2.000     2.000     2.000     1.000    -0.558
     3.000     3.000     3.000     2.000     2.000    -0.006
     1.000     3.000     3.000     2.000     1.000    -0.259
     3.000     3.000     2.000     3.000     3.000    -0.034
     0.000     3.000     2.000     2.000     3.000    -0.376
     3.000     3.000     2.000     2.000     2.000    -0.259
     3.000     4.000     4.000     3.000     2.000     0.572
     3.000     2.000     3.000     2.000     2.000    -0.147
     2.000     3.000     1.000     2.000     3.000    -0.478
     2.000     3.000     3.000     2.000     0.000    -0.285
     3.000     2.000     3.000     2.000     1.000    -0.242
     1.000     3.000     1.000     2.000     1.000    -0.726
     0.000     4.000     2.000     4.000     2.000    -0.074
     2.000     3.000     2.000     4.000     3.000     0.027
     3.000     2.000     2.000     2.000     2.000    -0.390
     3.000     4.000     3.000     3.000     3.000     0.413
     1.000     3.000     1.000     3.000     2.000    -0.532
     2.000     1.000     3.000     1.000     1.000    -0.544
     3.000     3.000     2.000     3.000     1.000    -0.234
     0.000     3.000     3.000     3.000     2.000    -0.114
     4.000     4.000     4.000     4.000     4.000     1.121
     2.000     3.000     3.000     2.000     2.000    -0.090
     3.000     3.000     3.000     2.000     2.000    -0.006
     1.000     2.000     2.000     2.000     3.000    -0.435
     2.000     2.000     2.000     2.000     3.000    -0.365
     3.000     2.000     2.000     3.000     2.000    -0.274
     2.000     3.000     2.000     3.000     4.000     0.020
     3.000     3.000     3.000     3.000     2.000     0.127
     2.000     3.000     3.000     3.000     4.000     0.308
     2.000     3.000     3.000     3.000     4.000     0.308
     4.000     4.000     4.000     3.000     4.000     0.946
     3.000     2.000     2.000     2.000     2.000    -0.390
     3.000     3.000     3.000     3.000     3.000     0.253
     2.000     2.000     2.000     1.000     1.000    -0.656
     2.000     2.000     2.000     2.000     3.000    -0.365
     1.000     3.000     2.000     2.000     1.000    -0.498
     4.000     3.000     4.000     4.000     4.000     0.935
     1.000     3.000     3.000     2.000     2.000    -0.164
     2.000     2.000     3.000     2.000     2.000    -0.227
     4.000     3.000     3.000     3.000     1.000     0.126
     3.000     3.000     2.000     3.000     3.000    -0.034
     2.000     2.000     2.000     2.000     2.000    -0.467
     3.000     4.000     4.000     3.000     3.000     0.698
     2.000     2.000     3.000     2.000     2.000    -0.227
     2.000     2.000     4.000     4.000     4.000     0.583
     2.000     4.000     3.000     2.000     3.000     0.182
     3.000     2.000     3.000     3.000     3.000     0.097
     3.000     3.000     4.000     3.000     3.000     0.550
     3.000     2.000     2.000     3.000     3.000    -0.169
     3.000     3.000     4.000     3.000     3.000     0.550
     2.000     2.000     3.000     2.000     3.000    -0.119
     2.000     3.000     2.000     2.000     2.000    -0.336
     3.000     3.000     2.000     2.000     2.000    -0.259
     4.000     2.000     3.000     3.000     4.000     0.344
     1.000     2.000     2.000     0.000     1.000    -0.814
     2.000     3.000     3.000     3.000     3.000     0.161
     1.000     3.000     3.000     1.000     3.000    -0.162
     3.000     3.000     3.000     3.000     3.000     0.253
     1.000     2.000     2.000     1.000     3.000    -0.535
     2.000     2.000     3.000     3.000     3.000     0.009
     3.000     2.000     3.000     3.000     2.000    -0.021
     3.000     3.000     4.000     3.000     3.000     0.550
     3.000     3.000     3.000     3.000     3.000     0.253
     3.000     3.000     3.000     3.000     3.000     0.253
