     3.000     3.000     0.000     2.000     2.000     0.320
     1.000     2.000     1.000     2.000     1.000     0.147
     3.000     3.000     1.000     1.000     3.000     0.386
     2.000     2.000     1.000     1.000     2.000     0.119
     2.000     0.000     0.000     0.000     0.000    -0.816
     2.000     3.000     1.000     3.000     1.000     0.485
     0.000     2.000     1.000     1.000     1.000    -0.109
     2.000     2.000     2.000     2.000     2.000     0.431
     2.000     2.000     2.000     2.000     2.000     0.431
     0.000     1.000     0.000     0.000     0.000    -0.814
     3.000     4.000     1.000     0.000     2.000     0.176
     4.000     1.000     1.000     1.000     1.000     0.041
     0.000     0.000     0.000     0.000     1.000    -0.804
     0.000     1.000     2.000     1.000     3.000     0.165
     0.000     1.000     1.000     1.000     1.000    -0.203
     4.000     4.000     2.000     2.000     3.000     0.913
     1.000     3.000     3.000     2.000     2.000     0.597
     2.000     1.000     0.000     0.000     2.000    -0.332
     0.000     2.000     0.000     0.000     0.000    -0.665
     3.000     1.000     0.000     1.000     1.000    -0.181
     1.000     0.000     0.000     0.000     2.000    -0.529
     1.000     3.000     2.000     3.000     2.000     0.674
     4.000     2.000     2.000     2.000     2.000     0.561
     2.000     3.000     2.000     2.000     2.000     0.525
     0.000     0.000     1.000     0.000     0.000    -0.718
     1.000     1.000     0.000     1.000     0.000    -0.422
     3.000     2.000     0.000     1.000     2.000     0.034
     0.000     1.000     1.000     1.000     1.000    -0.203
     3.000     4.000     1.000     2.000     4.000     0.862
     1.000     2.000     0.000     0.000     1.000    -0.413
     0.000     2.000     1.000     1.000     2.000     0.007
     1.000     2.000     3.000     2.000     2.000     0.503
     0.000     0.000     0.000     0.000     1.000    -0.804
     1.000     0.000     0.000     0.000     1.000    -0.688
     0.000     1.000     0.000     1.000     0.000    -0.500
     2.000     2.000     1.000     2.000     2.000     0.307
     3.000     3.000     1.000     1.000     3.000     0.386
     2.000     1.000     1.000     1.000     1.000    -0.088
     0.000     0.000     2.000     0.000     2.000    -0.276
     4.000     0.000     0.000     0.000     4.000    -0.004
     3.000     2.000     0.000     0.000     0.000    -0.443
     3.000     3.000     0.000     1.000     1.000     0.007
     2.000     1.000     0.000     0.000     1.000    -0.468
     3.000     1.000     0.000     0.000     1.000    -0.407
     0.000     1.000     0.000     0.000     1.000    -0.621
     3.000     3.000     3.000     3.000     3.000     1.028
     0.000     0.000     0.000     1.000     1.000    -0.490
     0.000     0.000     1.000     1.000     1.000    -0.320
     0.000     0.000     0.000     0.000     0.000    -1.071
     1.000     1.000     1.000     1.000     2.000    -0.020
     3.000     0.000     0.000     0.000     1.000    -0.552
     1.000     1.000     0.000     0.000     2.000    -0.387
     1.000     3.000     1.000     2.000     1.000     0.237
     2.000     2.000     0.000     2.000     2.000     0.173
     0.000     0.000     0.000     0.000     0.000    -1.071
     2.000     1.000     1.000     1.000     2.000     0.028
     2.000     2.000     1.000     1.000     2.000     0.119
     2.000     2.000     2.000     2.000     2.000     0.431
     4.000     2.000     0.000     1.000     2.000     0.109
     2.000     1.000     1.000     1.000     1.000    -0.088
     3.000     1.000     0.000     1.000     3.000     0.063
     1.000     3.000     2.000     1.000     2.000     0.287
     0.000     0.000     0.000     0.000     0.000    -1.071
     0.000     0.000     0.000     0.000     1.000    -0.804
     2.000     1.000     0.000     0.000     1.000    -0.468
     4.000     3.000     3.000     2.000     2.000     0.778
     0.000     2.000     2.000     1.000     2.000     0.134
     3.000     4.000     4.000     3.000     3.000     1.301
     2.000     1.000     2.000     1.000     1.000     0.041
     0.000     2.000     1.000     2.000     1.000     0.086
     1.000     1.000     1.000     1.000     2.000    -0.020
     2.000     3.000     0.000     0.000     2.000    -0.136
     3.000     3.000     1.000     2.000     3.000     0.580
     2.000     1.000     1.000     3.000     3.000     0.540
     2.000     0.000     0.000     2.000     2.000    -0.028
     3.000     2.000     2.000     2.000     3.000     0.609
     2.000     1.000     0.000     0.000     0.000    -0.630
     2.000     2.000     0.000     1.000     2.000    -0.021
     0.000     1.000     0.000     0.000     1.000    -0.621
     1.000     3.000     0.000     0.000     0.000    -0.461
     0.000     0.000     0.000     0.000     1.000    -0.804
     1.000     0.000     1.000     0.000     1.000    -0.472
     3.000     3.000     2.000     1.000     2.000     0.390
     0.000     0.000     0.000     0.000     0.000    -1.071
     0.000     0.000     0.000     0.000     0.000    -1.071
     0.000     0.000     0.000     0.000     0.000    -1.071
     1.000     1.000     2.000     2.000     1.000     0.184
     3.000     3.000     2.000     2.000     1.000     0.466
     1.000     2.000     0.000     1.000     2.000    -0.071
     3.000     4.000     3.000     3.000     3.000     1.162
     1.000     1.000     0.000     0.000     0.000    -0.698
     1.000     0.000     0.000     0.000     2.000    -0.529
     1.000     3.000     1.000     1.000     2.000     0.161
     1.000     2.000     2.000     2.000     2.000     0.384
     0.000     1.000     2.000     0.000     0.000    -0.413
     1.000     2.000     2.000     1.000     2.000     0.196
     2.000     1.000     0.000     1.000     2.000    -0.116
     3.000     1.000     3.000     2.000     3.000     0.643
     2.000     2.000     2.000     2.000     2.000     0.431
     3.000     4.000     2.000     3.000     2.000     0.900
     3.000     4.000     4.000     4.000     4.000     1.724
     3.000     2.000     1.000     2.000     3.000     0.483
     3.000     3.000     1.000     3.000     3.000     0.780
     3.000     3.000     2.000     2.000     2.000     0.582
     0.000     1.000     0.000     0.000     0.000    -0.814
     3.000     4.000     0.000     2.000     2.000     0.437
     3.000     2.000     1.000     1.000     2.000     0.173
     3.000     4.000     2.000     2.000     2.000     0.701
     0.000     1.000     0.000     1.000     1.000    -0.362
     4.000     4.000     4.000     3.000     4.000     1.573
     2.000     2.000     2.000     2.000     2.000     0.431
     1.000     1.000     0.000     0.000     0.000    -0.698
     3.000     4.000     3.000     3.000     3.000     1.162
     0.000     1.000     0.000     0.000     2.000    -0.470
     0.000     1.000     1.000     1.000     1.000    -0.203
     3.000     3.000     3.000     3.000     3.000     1.028
     1.000     3.000     0.000     1.000     1.000    -0.099
     0.000     0.000     2.000     0.000     0.000    -0.549
     1.000     1.000     0.000     0.000     0.000    -0.698
     2.000     2.000     2.000     1.000     0.000     0.007
     2.000     1.000     1.000     0.000     3.000    -0.052
     1.000     3.000     1.000     1.000     1.000     0.045
     3.000     1.000     0.000     0.000     1.000    -0.407
     0.000     3.000     1.000     0.000     3.000     0.016
     2.000     2.000     1.000     1.000     1.000     0.004
     3.000     3.000     3.000     2.000     3.000     0.829
     1.000     1.000     1.000     2.000     3.000     0.292
     1.000     2.000     2.000     2.000     2.000     0.384
     0.000     0.000     0.000     0.000     1.000    -0.804
     1.000     4.000     2.000     2.000     3.000     0.721
     3.000     3.000     2.000     2.000     2.000     0.582
     1.000     2.000     1.000     0.000     1.000    -0.246
     3.000     3.000     1.000     3.000     3.000     0.780
     4.000     3.000     2.000     1.000     2.000     0.465
     2.000     1.000     1.000     1.000     0.000    -0.213
     2.000     3.000     1.000     2.000     1.000     0.285
     3.000     3.000     1.000     0.000     1.000    -0.053
     2.000     4.000     0.000     0.000     0.000    -0.270
     0.000     1.000     2.000     1.000     2.000     0.044
     3.000     3.000     3.000     2.000     3.000     0.829
     1.000     2.000     2.000     2.000     2.000     0.384
     0.000     1.000     0.000     0.000     1.000    -0.621
     1.000     1.000     1.000     2.000     1.000     0.059
     1.000     2.000     0.000     0.000     1.000    -0.413
     1.000     1.000     1.000     1.000     1.000    -0.136
     3.000     2.000     0.000     1.000     1.000    -0.085
     1.000     1.000     0.000     1.000     1.000    -0.288
     2.000     4.000     3.000     3.000     3.000     1.097
     3.000     2.000     1.000     1.000     2.000     0.173
     3.000     3.000     0.000     0.000     1.000    -0.203
     0.000     2.000     2.000     2.000     2.000     0.324
     0.000     0.000     0.000     0.000     3.000    -0.466
     1.000     1.000     0.000     1.000     1.000    -0.288
     1.000     0.000     0.000     0.000     1.000    -0.688
     1.000     0.000     1.000     1.000     1.000    -0.251
     3.000     1.000     1.000     1.000     0.000    -0.159
     4.000     1.000     3.000     3.000     3.000     0.918
     4.000     3.000     2.000     2.000     3.000     0.787
     3.000     3.000     0.000     1.000     2.000     0.126
     1.000     1.000     2.000     2.000     2.000     0.297
     3.000     2.000     1.000     1.000     1.000     0.058
     1.000     1.000     0.000     0.000     0.000    -0.698
     2.000     0.000     0.000     0.000     3.000    -0.326
     3.000     3.000     1.000     3.000     2.000     0.655
     1.000     1.000     2.000     1.000     2.000     0.108
     0.000     0.000     0.000     0.000     0.000    -1.071
     3.000     2.000     0.000     1.000     2.000     0.034
     1.000     1.000     1.000     0.000     1.000    -0.344
     0.000     1.000     1.000     0.000     2.000    -0.293
     1.000     1.000     2.000     2.000     2.000     0.297
     3.000     2.000     0.000     0.000     0.000    -0.443
     2.000     2.000     2.000     1.000     1.000     0.130
     3.000     3.000     1.000     1.000     3.000     0.386
     3.000     3.000     1.000     1.000     2.000     0.265
     3.000     3.000     1.000     2.000     3.000     0.580
     3.000     1.000     0.000     0.000     0.000    -0.562
     3.000     3.000     1.000     1.000     3.000     0.386
     3.000     1.000     0.000     0.000     1.000    -0.407
     2.000     2.000     1.000     1.000     1.000     0.004
     2.000     3.000     2.000     3.000     2.000     0.721
     1.000     1.000     1.000     1.000     1.000    -0.136
     0.000     1.000     0.000     0.000     1.000    -0.621
     0.000     0.000     0.000     0.000     1.000    -0.804
     2.000     2.000     0.000     0.000     1.000    -0.357
     2.000     3.000     1.000     2.000     2.000     0.399
     0.000     0.000     0.000     0.000     1.000    -0.804
     1.000     1.000     1.000     3.000     1.000     0.266
     1.000     0.000     0.000     0.000     1.000    -0.688
     3.000     0.000     0.000     0.000     1.000    -0.552
     4.000     4.000     3.000     1.000     2.000     0.700
     1.000     2.000     1.000     1.000     1.000    -0.044
     2.000     4.000     0.000     1.000     1.000     0.070
     3.000     1.000     2.000     2.000     2.000     0.400
     2.000     2.000     0.000     1.000     1.000    -0.140
     0.000     0.000     0.000     0.000     0.000    -1.071
     3.000     3.000     3.000     3.000     3.000     1.028
     1.000     1.000     1.000     1.000     1.000    -0.136
     1.000     1.000     0.000     1.000     1.000    -0.288
     1.000     2.000     1.000     0.000     1.000    -0.246
     4.000     2.000     1.000     2.000     2.000     0.436
     0.000     0.000     0.000     0.000     0.000    -1.071
     2.000     3.000     1.000     2.000     2.000     0.399
     1.000     1.000     1.000     1.000     1.000    -0.136
     4.000     4.000     1.000     2.000     3.000     0.781
     3.000     3.000     2.000     2.000     1.000     0.466
     2.000     3.000     0.000     1.000     2.000     0.070
     3.000     3.000     3.000     3.000     2.000     0.896
     1.000     1.000     1.000     1.000     2.000    -0.020
     0.000     1.000     0.000     0.000     0.000    -0.814
     2.000     0.000     1.000     2.000     2.000     0.111
     4.000     4.000     0.000     1.000     1.000     0.202
     3.000     4.000     1.000     2.000     1.000     0.456
     3.000     3.000     1.000     1.000     2.000     0.265
     2.000     0.000     1.000     0.000     1.000    -0.417
     0.000     0.000     0.000     0.000     0.000    -1.071
     3.000     3.000     1.000     2.000     2.000     0.456
     0.000     1.000     1.000     1.000     1.000    -0.203
     1.000     1.000     0.000     1.000     1.000    -0.288
     3.000     2.000     2.000     2.000     3.000     0.609
     2.000     2.000     2.000     2.000     2.000     0.431
     0.000     2.000     2.000     1.000     2.000     0.134
     0.000     0.000     0.000     0.000     0.000    -1.071
     2.000     3.000     2.000     2.000     2.000     0.525
     1.000     2.000     2.000     2.000     3.000     0.504
     1.000     1.000     0.000     2.000     1.000    -0.080
     2.000     1.000     1.000     1.000     1.000    -0.088
     2.000     3.000     3.000     0.000     2.000     0.254
     1.000     0.000     1.000     0.000     0.000    -0.622
     1.000     1.000     0.000     0.000     1.000    -0.528
     2.000     1.000     1.000     1.000     1.000    -0.088
     2.000     3.000     2.000     1.000     1.000     0.220
     1.000     3.000     2.000     1.000     1.000     0.172
     2.000     3.000     1.000     2.000     2.000     0.399
     1.000     2.000     1.000     1.000     2.000     0.071
     2.000     1.000     0.000     0.000     0.000    -0.630
     0.000     0.000     0.000     0.000     2.000    -0.625
     1.000     3.000     3.000     2.000     3.000     0.722
     2.000     2.000     2.000     3.000     2.000     0.626
     1.000     1.000     1.000     0.000     1.000    -0.344
     1.000     2.000     1.000     1.000     1.000    -0.044
     1.000     1.000     1.000     1.000     2.000    -0.020
     1.000     1.000     1.000     2.000     2.000     0.173
     4.000     0.000     0.000     0.000     2.000    -0.320
     2.000     1.000     0.000     0.000     1.000    -0.468
     0.000     2.000     4.000     1.000     3.000     0.488
     0.000     0.000     3.000     0.000     3.000    -0.021
     1.000     2.000     0.000     1.000     1.000    -0.190
     3.000     3.000     2.000     2.000     3.000     0.708
     1.000     3.000     2.000     2.000     2.000     0.477
     4.000     2.000     1.000     1.000     2.000     0.247
     3.000     1.000     1.000     1.000     1.000    -0.034
     4.000     4.000     4.000     4.000     4.000     1.856
     2.000     0.000     1.000     1.000     1.000    -0.201
     1.000     2.000     1.000     2.000     1.000     0.147
     2.000     1.000     0.000     0.000     2.000    -0.332
     0.000     1.000     1.000     0.000     1.000    -0.420
     1.000     1.000     1.000     0.000     1.000    -0.344
     1.000     1.000     0.000     1.000     0.000    -0.422
     2.000     1.000     2.000     1.000     3.000     0.275
     3.000     1.000     0.000     0.000     0.000    -0.562
     2.000     2.000     1.000     1.000     1.000     0.004
     3.000     3.000     0.000     3.000     2.000     0.522
     3.000     2.000     2.000     2.000     3.000     0.609
     1.000     3.000     2.000     2.000     3.000     0.601
     0.000     0.000     1.000     0.000     0.000    -0.718
     3.000     4.000     1.000     3.000     3.000     0.904
     1.000     1.000     0.000     0.000     0.000    -0.698
     0.000     1.000     0.000     0.000     1.000    -0.621
     0.000     0.000     0.000     0.000     0.000    -1.071
     0.000     2.000     0.000     0.000     1.000    -0.497
     1.000     1.000     2.000     2.000     1.000     0.184
     0.000     2.000     1.000     1.000     1.000    -0.109
     1.000     1.000     0.000     0.000     1.000    -0.528
     1.000     1.000     0.000     1.000     2.000    -0.166
     2.000     1.000     1.000     0.000     2.000    -0.173
     2.000     2.000     2.000     2.000     2.000     0.431
     3.000     4.000     0.000     0.000     0.000    -0.212
     2.000     2.000     1.000     1.000     1.000     0.004
     3.000     2.000     3.000     1.000     3.000     0.537
     3.000     1.000     0.000     0.000     2.000    -0.274
     1.000     1.000     1.000     1.000     1.000    -0.136
     3.000     1.000     2.000     1.000     2.000     0.210
     4.000     3.000     0.000     0.000     2.000    -0.004
     2.000     3.000     2.000     1.000     1.000     0.220
     4.000     2.000     2.000     1.000     2.000     0.372
     4.000     0.000     0.000     0.000     0.000    -0.627
     0.000     0.000     1.000     1.000     2.000    -0.200
     1.000     1.000     2.000     1.000     1.000    -0.008
     3.000     2.000     1.000     2.000     2.000     0.362
     1.000     3.000     2.000     2.000     2.000     0.477
     1.000     1.000     1.000     1.000     1.000    -0.136
     3.000     4.000     3.000     2.000     1.000     0.703
     2.000     0.000     0.000     0.000     1.000    -0.620
     0.000     0.000     0.000     0.000     0.000    -1.071
     0.000     1.000     0.000     0.000     1.000    -0.621
     2.000     3.000     0.000     1.000     1.000    -0.049
     1.000     1.000     0.000     1.000     1.000    -0.288
     3.000     2.000     2.000     1.000     2.000     0.298
     3.000     3.000     0.000     1.000     0.000    -0.123
     1.000     1.000     1.000     1.000     2.000    -0.020
     3.000     2.000     1.000     1.000     3.000     0.293
     3.000     3.000     1.000     1.000     1.000     0.148
     2.000     4.000     4.000     3.000     3.000     1.231
     3.000     3.000     2.000     2.000     3.000     0.708
     4.000     2.000     0.000     0.000     2.000    -0.096
     0.000     1.000     0.000     0.000     0.000    -0.814
     1.000     2.000     2.000     1.000     2.000     0.196
     0.000     3.000     0.000     0.000     1.000    -0.394
     2.000     3.000     0.000     0.000     0.000    -0.403
     1.000     3.000     1.000     1.000     1.000     0.045
     4.000     3.000     0.000     0.000     3.000     0.117
     0.000     3.000     4.000     2.000     2.000     0.653
     0.000     0.000     0.000     0.000     0.000    -1.071
     0.000     0.000     0.000     0.000     0.000    -1.071
     4.000     2.000     2.000     0.000     2.000     0.170
     2.000     3.000     2.000     0.000     1.000     0.021
     2.000     3.000     2.000     1.000     3.000     0.455
     0.000     0.000     0.000     0.000     0.000    -1.071
     3.000     3.000     2.000     1.000     2.000     0.390
     2.000     2.000     2.000     2.000     2.000     0.431
     0.000     0.000     0.000     0.000     0.000    -1.071
     4.000     1.000     1.000     0.000     3.000     0.075
     3.000     2.000     2.000     2.000     2.000     0.487
     1.000     0.000     0.000     2.000     1.000    -0.194
     3.000     3.000     1.000     1.000     2.000     0.265
     4.000     4.000     2.000     2.000     3.000     0.913
     1.000     2.000     3.000     3.000     2.000     0.695
     3.000     4.000     0.000     3.000     2.000     0.637
     2.000     2.000     1.000     1.000     1.000     0.004
     3.000     3.000     1.000     2.000     3.000     0.580
     0.000     0.000     0.000     0.000     0.000    -1.071
     3.000     4.000     3.000     2.000     2.000     0.821
     0.000     0.000     0.000     0.000     0.000    -1.071
     2.000     2.000     1.000     2.000     2.000     0.307
     3.000     2.000     0.000     1.000     1.000    -0.085
     0.000     0.000     0.000     0.000     0.000    -1.071
     0.000     1.000     0.000     1.000     0.000    -0.500
     2.000     1.000     1.000     1.000     2.000     0.028
     0.000     0.000     0.000     2.000     0.000    -0.396
     2.000     0.000     2.000     1.000     3.000     0.164
     1.000     1.000     1.000     1.000     3.000     0.100
     0.000     1.000     1.000     1.000     2.000    -0.085
     3.000     3.000     3.000     3.000     3.000     1.028
     2.000     0.000     0.000     0.000     0.000    -0.816
     2.000     3.000     2.000     1.000     3.000     0.455
     1.000     2.000     3.000     2.000     1.000     0.391
     3.000     3.000     1.000     2.000     3.000     0.580
     1.000     1.000     1.000     1.000     2.000    -0.020
     1.000     1.000     2.000     1.000     1.000    -0.008
     1.000     3.000     1.000     1.000     1.000     0.045
     1.000     3.000     1.000     1.000     2.000     0.161
     0.000     0.000     1.000     1.000     0.000    -0.450
     0.000     0.000     1.000     1.000     0.000    -0.450
     2.000     2.000     0.000     0.000     2.000    -0.229
     2.000     2.000     3.000     3.000     3.000     0.865
     2.000     1.000     1.000     1.000     1.000    -0.088
     3.000     3.000     4.000     4.000     3.000     1.384
     0.000     4.000     1.000     2.000     1.000     0.291
     3.000     3.000     0.000     2.000     3.000     0.442
     4.000     4.000     1.000     1.000     1.000     0.339
     3.000     0.000     0.000     0.000     3.000    -0.267
     3.000     2.000     2.000     2.000     3.000     0.609
     3.000     3.000     1.000     0.000     2.000     0.062
     2.000     3.000     2.000     1.000     3.000     0.455
     1.000     2.000     0.000     0.000     1.000    -0.413
     0.000     0.000     0.000     0.000     0.000    -1.071
     1.000     2.000     2.000     1.000     2.000     0.196
     0.000     0.000     0.000     0.000     0.000    -1.071
     3.000     3.000     2.000     2.000     1.000     0.466
     1.000     1.000     1.000     1.000     1.000    -0.136
     2.000     1.000     1.000     1.000     1.000    -0.088
     4.000     1.000     0.000     0.000     1.000    -0.322
     0.000     1.000     0.000     0.000     0.000    -0.814
     2.000     2.000     1.000     2.000     2.000     0.307
     1.000     2.000     1.000     2.000     2.000     0.260
     2.000     2.000     1.000     1.000     2.000     0.119
     0.000     1.000     1.000     1.000     1.000    -0.203
     3.000     2.000     3.000     3.000     3.000     0.925
     1.000     1.000     0.000     2.000     2.000     0.036
     0.000     0.000     0.000     0.000     2.000    -0.625
     1.000     1.000     1.000     1.000     1.000    -0.136
     2.000     4.000     2.000     2.000     1.000     0.525
     0.000     2.000     0.000     2.000     2.000     0.063
     4.000     3.000     1.000     1.000     1.000     0.223
     0.000     0.000     0.000     0.000     0.000    -1.071
     2.000     1.000     1.000     1.000     2.000     0.028
     2.000     3.000     2.000     3.000     3.000     0.848
