     1.000     3.000     1.000     1.000     2.000    -0.863
     2.000     2.000     3.000     2.000     3.000     0.109
     3.000     3.000     3.000     2.000     3.000     0.176
     3.000     0.000     4.000     3.000     4.000     1.056
     2.000     3.000     1.000     2.000     2.000    -0.341
     3.000     3.000     3.000     2.000     2.000     0.161
     2.000     3.000     3.000     3.000     3.000     0.248
     3.000     2.000     3.000     2.000     2.000     0.307
     2.000     3.000     2.000     2.000     3.000    -0.193
     2.000     2.000     2.000     1.000     4.000    -0.319
     0.000     4.000     2.000     3.000     1.000    -0.558
     1.000     3.000     3.000     3.000     3.000     0.021
     2.000     2.000     3.000     3.000     4.000     0.413
     2.000     3.000     3.000     2.000     3.000    -0.042
     2.000     2.000     2.000     1.000     2.000    -0.352
     4.000     0.000     4.000     4.000     2.000     1.641
     3.000     2.000     3.000     3.000     2.000     0.586
     3.000     2.000     2.000     2.000     3.000     0.172
     1.000     2.000     1.000     2.000     3.000    -0.399
     1.000     3.000     3.000     3.000     3.000     0.021
     3.000     2.000     3.000     3.000     3.000     0.601
     2.000     2.000     3.000     2.000     3.000     0.109
     2.000     2.000     2.000     2.000     4.000    -0.024
     2.000     2.000     1.000     2.000     3.000    -0.174
     4.000     3.000     3.000     2.000     3.000     0.376
     1.000     1.000     3.000     3.000     4.000     0.313
     2.000     2.000     2.000     3.000     2.000     0.228
     1.000     2.000     3.000     1.000     3.000    -0.416
     2.000     4.000     1.000     2.000     2.000    -0.515
     3.000     0.000     3.000     3.000     3.000     0.856
     1.000     3.000     2.000     1.000     2.000    -0.730
     1.000     3.000     0.000     0.000     3.000    -1.316
     2.000     3.000     3.000     2.000     3.000    -0.042
     2.000     4.000     1.000     2.000     4.000    -0.482
     1.000     1.000     3.000     2.000     4.000     0.029
     2.000     2.000     2.000     2.000     2.000    -0.057
     3.000     1.000     3.000     3.000     2.000     0.711
     2.000     2.000     2.000     2.000     3.000    -0.042
     2.000     1.000     4.000     4.000     3.000     1.003
     0.000     2.000     3.000     2.000     0.000    -0.404
     2.000     3.000     3.000     2.000     4.000    -0.024
     1.000     3.000     1.000     1.000     4.000    -0.830
     1.000     3.000     1.000     2.000     2.000    -0.568
     1.000     2.000     1.000     1.000     3.000    -0.690
     3.000     1.000     3.000     3.000     4.000     0.744
     2.000     2.000     3.000     3.000     1.000     0.366
     1.000     3.000     1.000     1.000     3.000    -0.847
     3.000     3.000     4.000     3.000     4.000     0.653
     3.000     1.000     2.000     3.000     3.000     0.572
     0.000     4.000     0.000     0.000     1.000    -1.853
     0.000     3.000     0.000     0.000     2.000    -1.607
     4.000     2.000     4.000     4.000     3.000     1.325
     3.000     2.000     2.000     3.000     3.000     0.449
     3.000     1.000     2.000     3.000     4.000     0.590
     2.000     2.000     3.000     0.000     4.000    -0.492
     3.000     1.000     1.000     1.000     3.000    -0.121
     4.000     2.000     4.000     4.000     2.000     1.307
     2.000     2.000     2.000     2.000     2.000    -0.057
     4.000     1.000     4.000     4.000     4.000     1.496
     3.000     2.000     2.000     3.000     2.000     0.434
     0.000     4.000     1.000     2.000     3.000    -0.970
     2.000     2.000     3.000     2.000     2.000     0.093
     3.000     2.000     2.000     2.000     3.000     0.172
     2.000     1.000     2.000     2.000     4.000     0.106
     2.000     1.000     2.000     2.000     3.000     0.088
     1.000     3.000     1.000     1.000     3.000    -0.847
     3.000     3.000     3.000     1.000     3.000    -0.123
     3.000     3.000     2.000     2.000     3.000     0.027
     3.000     3.000     2.000     2.000     3.000     0.027
     1.000     3.000     2.000     2.000     3.000    -0.420
     2.000     2.000     3.000     2.000     3.000     0.109
     2.000     2.000     2.000     3.000     3.000     0.243
     3.000     2.000     1.000     3.000     1.000     0.293
     4.000     1.000     2.000     1.000     4.000     0.210
     2.000     2.000     2.000     2.000     2.000    -0.057
     0.000     3.000     4.000     1.000     3.000    -0.629
     3.000     1.000     1.000     4.000     4.000     0.746
     2.000     3.000     2.000     2.000     4.000    -0.175
     3.000     3.000     3.000     2.000     3.000     0.176
     1.000     1.000     0.000     1.000     3.000    -0.701
     3.000     4.000     3.000     2.000     4.000     0.019
     3.000     0.000     4.000     3.000     4.000     1.056
     1.000     3.000     2.000     2.000     3.000    -0.420
     4.000     1.000     3.000     3.000     4.000     0.951
     2.000     3.000     3.000     2.000     4.000    -0.024
     2.000     3.000     2.000     2.000     3.000    -0.193
     2.000     3.000     3.000     1.000     3.000    -0.343
     2.000     2.000     2.000     2.000     2.000    -0.057
     1.000     2.000     2.000     2.000     1.000    -0.296
     2.000     3.000     3.000     4.000     2.000     0.527
     3.000     1.000     3.000     3.000     2.000     0.711
     1.000     1.000     2.000     2.000     3.000    -0.136
     2.000     3.000     1.000     2.000     3.000    -0.325
     2.000     2.000     3.000     2.000     2.000     0.093
     2.000     2.000     2.000     2.000     4.000    -0.024
     2.000     2.000     2.000     2.000     2.000    -0.057
     2.000     4.000     0.000     1.000     2.000    -0.958
     4.000     1.000     3.000     4.000     3.000     1.254
     2.000     2.000     2.000     2.000     2.000    -0.057
     2.000     1.000     2.000     4.000     3.000     0.657
     1.000     4.000     2.000     2.000     0.000    -0.634
     1.000     3.000     1.000     1.000     3.000    -0.847
     2.000     1.000     3.000     3.000     2.000     0.507
     2.000     2.000     1.000     4.000     3.000     0.402
     1.000     3.000     2.000     1.000     3.000    -0.714
     2.000     3.000     3.000     2.000     3.000    -0.042
     1.000     3.000     3.000     2.000     3.000    -0.273
     3.000     4.000     4.000     2.000     2.000     0.164
     3.000     2.000     3.000     2.000     3.000     0.322
     3.000     2.000     4.000     3.000     3.000     0.778
     2.000     3.000     2.000     2.000     3.000    -0.193
     0.000     4.000     2.000     2.000     3.000    -0.837
     2.000     1.000     1.000     3.000     1.000     0.212
     1.000     3.000     2.000     0.000     4.000    -1.008
     2.000     3.000     2.000     2.000     3.000    -0.193
     3.000     2.000     4.000     4.000     4.000     1.101
     1.000     3.000     3.000     2.000     3.000    -0.273
     1.000     3.000     3.000     2.000     4.000    -0.255
     2.000     3.000     2.000     2.000     3.000    -0.193
     2.000     1.000     2.000     2.000     2.000     0.073
     2.000     3.000     3.000     1.000     4.000    -0.325
     1.000     3.000     2.000     1.000     4.000    -0.697
     1.000     4.000     2.000     0.000     4.000    -1.186
     3.000     3.000     3.000     1.000     3.000    -0.123
     2.000     1.000     4.000     2.000     3.000     0.418
     2.000     3.000     2.000     3.000     3.000     0.097
     1.000     3.000     2.000     2.000     4.000    -0.402
     2.000     3.000     2.000     2.000     3.000    -0.193
     0.000     4.000     3.000     2.000     4.000    -0.676
     1.000     3.000     2.000     1.000     3.000    -0.714
     2.000     2.000     1.000     3.000     3.000     0.114
     1.000     2.000     1.000     1.000     3.000    -0.690
     1.000     0.000     3.000     4.000     3.000     0.712
     1.000     3.000     3.000     1.000     2.000    -0.586
     2.000     3.000     2.000     2.000     2.000    -0.208
     1.000     2.000     3.000     3.000     3.000     0.168
     3.000     1.000     3.000     4.000     3.000     1.023
     2.000     0.000     4.000     4.000     1.000     1.117
     1.000     2.000     3.000     3.000     3.000     0.168
     1.000     3.000     2.000     3.000     2.000    -0.140
     2.000     3.000     3.000     2.000     2.000    -0.058
     2.000     3.000     2.000     2.000     3.000    -0.193
     3.000     3.000     2.000     2.000     3.000     0.027
     1.000     3.000     3.000     2.000     4.000    -0.255
     2.000     2.000     3.000     3.000     3.000     0.395
     4.000     2.000     4.000     3.000     4.000     1.008
     1.000     3.000     3.000     2.000     3.000    -0.273
     2.000     2.000     3.000     3.000     3.000     0.395
     1.000     2.000     2.000     1.000     3.000    -0.559
     2.000     2.000     3.000     2.000     3.000     0.109
     2.000     1.000     3.000     3.000     3.000     0.523
     1.000     4.000     2.000     1.000     3.000    -0.890
     2.000     2.000     1.000     1.000     3.000    -0.466
     1.000     3.000     3.000     1.000     3.000    -0.570
     3.000     2.000     3.000     2.000     4.000     0.340
     2.000     3.000     2.000     1.000     4.000    -0.470
     1.000     3.000     1.000     3.000     1.000    -0.282
     1.000     3.000     1.000     1.000     3.000    -0.847
     1.000     3.000     1.000     1.000     2.000    -0.863
     1.000     4.000     0.000     0.000     3.000    -1.509
     1.000     3.000     1.000     2.000     2.000    -0.568
     1.000     3.000     3.000     1.000     3.000    -0.570
     1.000     4.000     3.000     4.000     3.000     0.142
     2.000     2.000     3.000     2.000     3.000     0.109
     4.000     1.000     4.000     4.000     3.000     1.473
     3.000     0.000     3.000     3.000     4.000     0.874
     0.000     4.000     1.000     1.000     3.000    -1.277
     1.000     2.000     2.000     2.000     3.000    -0.268
     2.000     2.000     4.000     3.000     2.000     0.558
     2.000     3.000     2.000     2.000     3.000    -0.193
     3.000     0.000     2.000     3.000     3.000     0.698
     2.000     2.000     2.000     1.000     3.000    -0.337
     1.000     3.000     0.000     1.000     3.000    -0.998
     2.000     1.000     3.000     3.000     3.000     0.523
     1.000     2.000     2.000     3.000     1.000    -0.007
     1.000     3.000     1.000     1.000     4.000    -0.830
     1.000     3.000     3.000     2.000     3.000    -0.273
     1.000     1.000     2.000     2.000     2.000    -0.152
     2.000     2.000     2.000     2.000     3.000    -0.042
     2.000     3.000     4.000     3.000     4.000     0.445
     2.000     3.000     0.000     1.000     4.000    -0.748
     1.000     3.000     3.000     3.000     3.000     0.021
     1.000     3.000     3.000     2.000     4.000    -0.255
     3.000     1.000     2.000     3.000     3.000     0.572
     1.000     3.000     3.000     1.000     3.000    -0.570
     1.000     2.000     3.000     1.000     4.000    -0.398
     2.000     3.000     3.000     2.000     3.000    -0.042
     2.000     1.000     3.000     2.000     4.000     0.257
     2.000     2.000     3.000     2.000     4.000     0.127
     1.000     4.000     1.000     1.000     2.000    -1.041
     4.000     2.000     2.000     3.000     3.000     0.647
     2.000     2.000     2.000     2.000     2.000    -0.057
     2.000     2.000     2.000     3.000     3.000     0.243
     1.000     0.000     4.000     4.000     4.000     0.913
     1.000     2.000     3.000     1.000     4.000    -0.398
     1.000     4.000     1.000     1.000     4.000    -1.007
     2.000     3.000     2.000     2.000     3.000    -0.193
     3.000     3.000     3.000     3.000     4.000     0.476
     2.000     3.000     3.000     3.000     2.000     0.233
     3.000     3.000     4.000     3.000     4.000     0.653
     0.000     2.000     2.000     1.000     2.000    -0.814
     3.000     2.000     2.000     3.000     2.000     0.434
     3.000     2.000     3.000     3.000     4.000     0.619
     2.000     4.000     0.000     2.000     4.000    -0.628
     0.000     2.000     4.000     2.000     4.000    -0.168
     1.000     3.000     1.000     1.000     2.000    -0.863
     2.000     3.000     1.000     1.000     3.000    -0.619
     2.000     2.000     3.000     3.000     3.000     0.395
     4.000     3.000     3.000     2.000     4.000     0.394
     2.000     3.000     2.000     3.000     3.000     0.097
     3.000     1.000     3.000     1.000     2.000     0.133
     2.000     3.000     1.000     2.000     4.000    -0.307
     1.000     3.000     3.000     2.000     3.000    -0.273
     2.000     2.000     4.000     2.000     4.000     0.307
     1.000     4.000     0.000     0.000     3.000    -1.509
     1.000     3.000     2.000     3.000     2.000    -0.140
     1.000     3.000     1.000     1.000     3.000    -0.847
     1.000     2.000     3.000     2.000     3.000    -0.120
     3.000     0.000     3.000     2.000     2.000     0.560
     2.000     2.000     2.000     3.000     2.000     0.228
     0.000     3.000     2.000     0.000     3.000    -1.274
     1.000     3.000     4.000     4.000     4.000     0.507
     3.000     2.000     4.000     3.000     3.000     0.778
     2.000     2.000     2.000     3.000     2.000     0.228
     2.000     2.000     3.000     2.000     4.000     0.127
     3.000     3.000     2.000     3.000     2.000     0.292
     1.000     4.000     4.000     3.000     3.000     0.026
     2.000     1.000     2.000     3.000     4.000     0.387
     1.000     3.000     1.000     2.000     4.000    -0.535
     2.000     2.000     1.000     1.000     4.000    -0.448
     2.000     2.000     1.000     2.000     3.000    -0.174
     2.000     1.000     3.000     2.000     3.000     0.239
     1.000     3.000     1.000     1.000     1.000    -0.876
     2.000     3.000     2.000     2.000     2.000    -0.208
     2.000     2.000     2.000     2.000     4.000    -0.024
     1.000     4.000     3.000     1.000     3.000    -0.746
     3.000     1.000     2.000     3.000     3.000     0.572
     3.000     1.000     3.000     3.000     3.000     0.726
     2.000     3.000     3.000     4.000     4.000     0.560
     2.000     3.000     1.000     2.000     3.000    -0.325
     2.000     2.000     2.000     1.000     3.000    -0.337
     1.000     3.000     3.000     2.000     2.000    -0.288
     3.000     2.000     3.000     3.000     3.000     0.601
     2.000     3.000     2.000     4.000     4.000     0.405
     2.000     2.000     3.000     3.000     1.000     0.366
     3.000     1.000     4.000     3.000     2.000     0.888
     3.000     2.000     2.000     1.000     3.000    -0.121
     1.000     3.000     2.000     3.000     3.000    -0.125
     2.000     1.000     3.000     2.000     2.000     0.224
     2.000     3.000     1.000     4.000     2.000     0.243
     2.000     1.000     3.000     3.000     3.000     0.523
     2.000     3.000     4.000     4.000     4.000     0.742
     4.000     3.000     2.000     3.000     3.000     0.504
     3.000     1.000     3.000     3.000     3.000     0.726
     3.000     0.000     4.000     4.000     2.000     1.353
     2.000     2.000     3.000     2.000     2.000     0.093
     1.000     0.000     3.000     2.000     4.000     0.155
     4.000     0.000     3.000     4.000     4.000     1.439
     3.000     1.000     3.000     2.000     4.000     0.466
     2.000     0.000     3.000     3.000     4.000     0.670
     3.000     2.000     3.000     3.000     4.000     0.619
     2.000     3.000     2.000     1.000     3.000    -0.488
     2.000     4.000     2.000     2.000     4.000    -0.350
     2.000     2.000     3.000     4.000     3.000     0.688
     2.000     2.000     4.000     3.000     3.000     0.573
     2.000     2.000     1.000     2.000     3.000    -0.174
     4.000     3.000     3.000     3.000     3.000     0.660
     2.000     3.000     3.000     1.000     3.000    -0.343
     0.000     3.000     3.000     1.000     4.000    -0.796
     2.000     2.000     2.000     2.000     4.000    -0.024
     3.000     2.000     3.000     3.000     3.000     0.601
     2.000     1.000     3.000     2.000     3.000     0.239
     1.000     2.000     3.000     3.000     3.000     0.168
     2.000     2.000     3.000     3.000     4.000     0.413
     2.000     2.000     3.000     3.000     4.000     0.413
     2.000     2.000     2.000     2.000     2.000    -0.057
     2.000     1.000     3.000     3.000     2.000     0.507
     2.000     3.000     4.000     2.000     4.000     0.158
     4.000     0.000     2.000     2.000     2.000     0.605
     2.000     2.000     2.000     2.000     2.000    -0.057
     1.000     2.000     2.000     2.000     3.000    -0.268
     1.000     2.000     3.000     1.000     2.000    -0.431
     2.000     3.000     2.000     2.000     4.000    -0.175
     1.000     3.000     1.000     1.000     3.000    -0.847
     2.000     3.000     3.000     2.000     4.000    -0.024
     2.000     4.000     4.000     4.000     0.000     0.504
     2.000     3.000     2.000     2.000     2.000    -0.208
     0.000     4.000     1.000     1.000     3.000    -1.277
     3.000     3.000     3.000     3.000     3.000     0.458
     1.000     2.000     2.000     2.000     3.000    -0.268
     1.000     3.000     1.000     1.000     1.000    -0.876
     1.000     3.000     3.000     2.000     4.000    -0.255
     2.000     2.000     4.000     2.000     4.000     0.307
     4.000     0.000     4.000     4.000     4.000     1.687
     2.000     3.000     4.000     3.000     3.000     0.427
     3.000     2.000     3.000     3.000     4.000     0.619
     2.000     2.000     2.000     3.000     3.000     0.243
     3.000     2.000     3.000     3.000     2.000     0.586
     4.000     1.000     1.000     3.000     3.000     0.642
     2.000     3.000     3.000     2.000     3.000    -0.042
     2.000     3.000     2.000     3.000     2.000     0.082
     1.000     1.000     3.000     2.000     3.000     0.012
     4.000     0.000     4.000     4.000     0.000     1.610
     1.000     4.000     1.000     2.000     2.000    -0.743
     3.000     1.000     2.000     3.000     4.000     0.590
     3.000     3.000     1.000     1.000     4.000    -0.376
     3.000     2.000     2.000     2.000     2.000     0.157
     4.000     0.000     4.000     4.000     3.000     1.662
     2.000     3.000     1.000     2.000     4.000    -0.307
     2.000     2.000     3.000     3.000     2.000     0.379
     3.000     4.000     3.000     3.000     4.000     0.302
     1.000     4.000     2.000     2.000     3.000    -0.595
     2.000     4.000     1.000     1.000     4.000    -0.775
     2.000     2.000     3.000     3.000     3.000     0.395
     3.000     2.000     3.000     3.000     3.000     0.601
     1.000     3.000     3.000     1.000     3.000    -0.570
     2.000     2.000     1.000     2.000     2.000    -0.189
     2.000     2.000     2.000     1.000     4.000    -0.319
     1.000     2.000     1.000     1.000     2.000    -0.705
     2.000     2.000     2.000     2.000     3.000    -0.042
     1.000     2.000     3.000     2.000     4.000    -0.102
     0.000     4.000     3.000     0.000     2.000    -1.333
     2.000     2.000     2.000     2.000     2.000    -0.057
     2.000     3.000     2.000     3.000     4.000     0.115
     2.000     2.000     1.000     1.000     2.000    -0.481
     3.000     1.000     3.000     3.000     2.000     0.711
     4.000     1.000     3.000     3.000     3.000     0.933
     3.000     3.000     3.000     3.000     3.000     0.458
     2.000     2.000     2.000     3.000     3.000     0.243
     4.000     2.000     4.000     4.000     3.000     1.325
     1.000     4.000     3.000     0.000     3.000    -1.062
     1.000     2.000     2.000     2.000     2.000    -0.283
     0.000     2.000     0.000     0.000     3.000    -1.405
     2.000     2.000     4.000     2.000     3.000     0.289
     0.000     3.000     3.000     3.000     3.000    -0.221
     0.000     4.000     0.000     0.000     4.000    -1.794
     1.000     3.000     3.000     2.000     4.000    -0.255
     2.000     1.000     3.000     2.000     2.000     0.224
     2.000     2.000     1.000     1.000     4.000    -0.448
     1.000     3.000     0.000     2.000     2.000    -0.715
     3.000     1.000     3.000     1.000     2.000     0.133
     2.000     2.000     2.000     2.000     3.000    -0.042
     0.000     3.000     0.000     4.000     2.000    -0.349
     4.000     2.000     4.000     4.000     4.000     1.347
     2.000     2.000     3.000     3.000     3.000     0.395
     3.000     3.000     3.000     2.000     3.000     0.176
     2.000     3.000     3.000     2.000     3.000    -0.042
     1.000     3.000     3.000     2.000     2.000    -0.288
     2.000     2.000     2.000     2.000     3.000    -0.042
     1.000     3.000     2.000     2.000     3.000    -0.420
     2.000     3.000     3.000     2.000     4.000    -0.024
     4.000     1.000     3.000     4.000     3.000     1.254
     4.000     1.000     3.000     4.000     3.000     1.254
     2.000     3.000     2.000     4.000     2.000     0.373
     3.000     3.000     3.000     3.000     2.000     0.443
     1.000     3.000     1.000     1.000     1.000    -0.876
     3.000     2.000     2.000     4.000     2.000     0.719
     1.000     1.000     1.000     2.000     4.000    -0.249
     2.000     2.000     4.000     2.000     2.000     0.273
     0.000     2.000     3.000     2.000     3.000    -0.365
     1.000     3.000     0.000     0.000     3.000    -1.316
     0.000     3.000     3.000     2.000     2.000    -0.534
     0.000     3.000     1.000     1.000     3.000    -1.093
     1.000     1.000     1.000     1.000     3.000    -0.557
     2.000     3.000     2.000     1.000     3.000    -0.488
     0.000     3.000     2.000     2.000     4.000    -0.645
     3.000     2.000     3.000     3.000     3.000     0.601
     4.000     0.000     2.000     2.000     4.000     0.638
     3.000     1.000     3.000     3.000     3.000     0.726
     1.000     3.000     2.000     1.000     3.000    -0.714
     2.000     3.000     3.000     1.000     2.000    -0.359
     1.000     4.000     2.000     1.000     3.000    -0.890
     1.000     3.000     4.000     1.000     4.000    -0.369
     2.000     3.000     3.000     3.000     2.000     0.233
     2.000     2.000     2.000     2.000     2.000    -0.057
     2.000     2.000     1.000     2.000     3.000    -0.174
     1.000     3.000     1.000     2.000     2.000    -0.568
     1.000     3.000     3.000     3.000     2.000     0.006
     2.000     2.000     2.000     1.000     3.000    -0.337
     3.000     2.000     3.000     3.000     3.000     0.601
     3.000     1.000     3.000     3.000     3.000     0.726
     2.000     4.000     3.000     4.000     4.000     0.383
     2.000     2.000     3.000     3.000     3.000     0.395
     3.000     2.000     1.000     2.000     2.000     0.028
     2.000     4.000     4.000     2.000     4.000    -0.019
     1.000     3.000     3.000     2.000     3.000    -0.273
     2.000     3.000     3.000     2.000     3.000    -0.042
