     1.000     1.000     1.000     1.000     3.000    -0.879
     3.000     1.000     2.000     2.000     1.000    -0.307
     3.000     1.000     1.000     2.000     3.000    -0.520
     1.000     3.000     3.000     3.000     2.000     0.213
     2.000     1.000     2.000     1.000     2.000    -0.629
     2.000     3.000     2.000     3.000     2.000     0.150
     2.000     3.000     2.000     3.000     2.000     0.150
     2.000     2.000     2.000     2.000     2.000    -0.237
     2.000     2.000     2.000     2.000     2.000    -0.237
     2.000     2.000     2.000     2.000     2.000    -0.237
     3.000     0.000     1.000     1.000     2.000    -0.909
     3.000     1.000     2.000     1.000     2.000    -0.550
     3.000     3.000     3.000     3.000     1.000     0.419
     3.000     3.000     1.000     3.000     2.000     0.089
     1.000     3.000     2.000     3.000     2.000     0.075
     4.000     2.000     3.000     2.000     2.000     0.063
     1.000     3.000     2.000     1.000     2.000    -0.325
     3.000     2.000     3.000     2.000     1.000     0.013
     4.000     2.000     2.000     2.000     3.000    -0.108
     2.000     1.000     2.000     1.000     2.000    -0.629
     2.000     3.000     3.000     3.000     3.000     0.250
     2.000     2.000     3.000     4.000     3.000     0.286
     2.000     2.000     3.000     2.000     1.000    -0.064
     3.000     2.000     1.000     2.000     1.000    -0.254
     3.000     3.000     3.000     3.000     1.000     0.419
     1.000     1.000     3.000     3.000     3.000    -0.201
     2.000     1.000     2.000     2.000     2.000    -0.425
     2.000     2.000     1.000     2.000     3.000    -0.407
     2.000     2.000     2.000     2.000     3.000    -0.276
     3.000     2.000     2.000     3.000     3.000     0.001
     1.000     3.000     3.000     3.000     1.000     0.256
     3.000     1.000     2.000     2.000     2.000    -0.347
     2.000     3.000     3.000     3.000     1.000     0.333
     2.000     2.000     2.000     2.000     1.000    -0.198
     4.000     3.000     4.000     3.000     1.000     0.667
     1.000     2.000     2.000     2.000     1.000    -0.270
     1.000     2.000     3.000     2.000     1.000    -0.136
     1.000     2.000     2.000     2.000     2.000    -0.309
     3.000     2.000     3.000     2.000     3.000    -0.064
     3.000     0.000     0.000     1.000     2.000    -1.043
     2.000     3.000     4.000     2.000     1.000     0.268
     1.000     1.000     1.000     1.000     2.000    -0.837
     2.000     1.000     1.000     2.000     2.000    -0.558
     1.000     1.000     2.000     2.000     2.000    -0.499
     4.000     3.000     1.000     4.000     1.000     0.450
     1.000     1.000     2.000     2.000     3.000    -0.539
     3.000     2.000     2.000     3.000     2.000     0.040
     2.000     3.000     2.000     3.000     3.000     0.111
     3.000     2.000     2.000     3.000     1.000     0.080
     1.000     1.000     1.000     1.000     3.000    -0.879
     1.000     0.000     1.000     1.000     2.000    -1.060
     3.000     1.000     2.000     2.000     3.000    -0.387
     3.000     3.000     3.000     3.000     1.000     0.419
     2.000     2.000     2.000     3.000     1.000     0.000
     2.000     3.000     2.000     4.000     4.000     0.291
     2.000     3.000     2.000     3.000     1.000     0.192
     2.000     2.000     2.000     3.000     2.000    -0.040
     2.000     3.000     3.000     3.000     0.000     0.384
     4.000     2.000     4.000     4.000     3.000     0.592
     3.000     2.000     3.000     3.000     2.000     0.175
     1.000     1.000     1.000     1.000     3.000    -0.879
     2.000     2.000     2.000     2.000     1.000    -0.198
     3.000     2.000     2.000     3.000     1.000     0.080
     2.000     2.000     2.000     2.000     2.000    -0.237
     3.000     3.000     3.000     3.000     1.000     0.419
     3.000     1.000     2.000     2.000     2.000    -0.347
     2.000     3.000     3.000     3.000     1.000     0.333
     1.000     0.000     1.000     2.000     3.000    -0.891
     3.000     3.000     3.000     3.000     1.000     0.419
     2.000     3.000     2.000     2.000     1.000    -0.013
     2.000     2.000     2.000     1.000     2.000    -0.436
     3.000     3.000     1.000     1.000     2.000    -0.309
     4.000     3.000     3.000     3.000     1.000     0.514
     4.000     2.000     3.000     1.000     1.000    -0.103
     2.000     2.000     2.000     2.000     1.000    -0.198
     3.000     3.000     2.000     2.000     3.000    -0.013
     2.000     2.000     1.000     3.000     1.000    -0.135
     1.000     3.000     2.000     3.000     2.000     0.075
     3.000     3.000     3.000     3.000     2.000     0.375
     3.000     2.000     1.000     2.000     1.000    -0.254
     2.000     3.000     3.000     2.000     1.000     0.121
     2.000     1.000     3.000     3.000     1.000    -0.051
     2.000     2.000     4.000     2.000     1.000     0.082
     3.000     4.000     3.000     3.000     1.000     0.643
     4.000     3.000     3.000     4.000     3.000     0.659
     3.000     3.000     3.000     3.000     1.000     0.419
     2.000     3.000     3.000     3.000     1.000     0.333
     2.000     2.000     3.000     1.000     2.000    -0.304
     2.000     1.000     3.000     2.000     1.000    -0.249
     2.000     1.000     1.000     2.000     4.000    -0.652
     3.000     3.000     2.000     3.000     2.000     0.233
     3.000     1.000     2.000     3.000     1.000    -0.107
     3.000     1.000     3.000     3.000     1.000     0.027
     2.000     3.000     3.000     3.000     1.000     0.333
     2.000     4.000     2.000     4.000     0.000     0.686
     3.000     3.000     2.000     3.000     1.000     0.276
     3.000     3.000     2.000     2.000     1.000     0.066
     3.000     3.000     3.000     3.000     1.000     0.419
     2.000     2.000     2.000     2.000     2.000    -0.237
     1.000     1.000     2.000     2.000     1.000    -0.459
     3.000     2.000     2.000     2.000     2.000    -0.160
     1.000     2.000     2.000     1.000     2.000    -0.507
     4.000     3.000     4.000     3.000     1.000     0.667
     3.000     2.000     1.000     1.000     1.000    -0.451
     3.000     3.000     3.000     3.000     1.000     0.419
     4.000     1.000     2.000     2.000     1.000    -0.215
     2.000     2.000     3.000     2.000     1.000    -0.064
     3.000     2.000     2.000     3.000     3.000     0.001
     2.000     3.000     2.000     3.000     1.000     0.192
     4.000     3.000     3.000     3.000     3.000     0.431
     3.000     2.000     3.000     2.000     1.000     0.013
     3.000     1.000     2.000     2.000     0.000    -0.258
     2.000     1.000     1.000     2.000     2.000    -0.558
     2.000     2.000     2.000     2.000     3.000    -0.276
     3.000     3.000     3.000     3.000     1.000     0.419
     3.000     4.000     3.000     4.000     1.000     0.869
     0.000     1.000     2.000     2.000     3.000    -0.615
     4.000     4.000     4.000     4.000     1.000     1.147
     3.000     2.000     2.000     2.000     1.000    -0.120
     2.000     2.000     2.000     2.000     2.000    -0.237
     1.000     1.000     3.000     2.000     2.000    -0.360
     2.000     2.000     2.000     1.000     2.000    -0.436
     3.000     3.000     1.000     4.000     0.000     0.409
     1.000     3.000     1.000     3.000     3.000    -0.101
     3.000     2.000     3.000     3.000     1.000     0.216
     3.000     2.000     3.000     3.000     2.000     0.175
     2.000     2.000     2.000     3.000     3.000    -0.078
     3.000     2.000     3.000     2.000     1.000     0.013
     2.000     3.000     4.000     4.000     2.000     0.666
     3.000     2.000     2.000     2.000     1.000    -0.120
     1.000     2.000     2.000     2.000     2.000    -0.309
     3.000     2.000     3.000     2.000     1.000     0.013
     2.000     1.000     1.000     1.000     1.000    -0.722
     1.000     1.000     2.000     2.000     2.000    -0.499
     2.000     2.000     2.000     2.000     2.000    -0.237
     3.000     3.000     2.000     2.000     3.000    -0.013
     3.000     1.000     2.000     1.000     1.000    -0.510
     3.000     3.000     3.000     2.000     2.000     0.161
     3.000     3.000     3.000     3.000     3.000     0.335
     2.000     3.000     2.000     1.000     0.000    -0.170
     2.000     3.000     3.000     3.000     2.000     0.290
     1.000     3.000     3.000     3.000     3.000     0.174
     2.000     3.000     2.000     3.000     3.000     0.111
     2.000     2.000     2.000     3.000     3.000    -0.078
     3.000     2.000     3.000     3.000     2.000     0.175
     3.000     4.000     3.000     3.000     1.000     0.643
     3.000     2.000     2.000     1.000     1.000    -0.322
     3.000     3.000     2.000     3.000     2.000     0.233
     3.000     2.000     1.000     2.000     1.000    -0.254
     3.000     2.000     2.000     3.000     1.000     0.080
     2.000     3.000     3.000     3.000     1.000     0.333
     3.000     3.000     2.000     1.000     3.000    -0.217
     2.000     3.000     2.000     2.000     2.000    -0.053
     2.000     2.000     3.000     2.000     0.000    -0.016
     4.000     3.000     3.000     4.000     2.000     0.698
     3.000     4.000     3.000     3.000     0.000     0.694
     1.000     1.000     1.000     1.000     2.000    -0.837
     2.000     1.000     3.000     1.000     3.000    -0.528
     2.000     1.000     2.000     2.000     1.000    -0.385
     3.000     2.000     3.000     4.000     2.000     0.401
     3.000     2.000     3.000     3.000     1.000     0.216
     3.000     2.000     2.000     3.000     3.000     0.001
     4.000     4.000     4.000     4.000     1.000     1.147
     3.000     2.000     2.000     2.000     0.000    -0.072
     3.000     3.000     2.000     3.000     1.000     0.276
     4.000     3.000     2.000     3.000     2.000     0.327
     1.000     1.000     2.000     2.000     1.000    -0.459
     2.000     3.000     3.000     2.000     2.000     0.081
     3.000     2.000     2.000     3.000     2.000     0.040
     3.000     2.000     2.000     2.000     1.000    -0.120
     4.000     1.000     1.000     3.000     0.000    -0.104
     3.000     2.000     2.000     3.000     2.000     0.040
     3.000     1.000     1.000     2.000     1.000    -0.441
     1.000     3.000     3.000     1.000     1.000    -0.157
     1.000     1.000     3.000     3.000     3.000    -0.201
     2.000     1.000     1.000     2.000     0.000    -0.469
     2.000     1.000     3.000     3.000     1.000    -0.051
     3.000     3.000     3.000     3.000     0.000     0.471
     2.000     3.000     2.000     3.000     1.000     0.192
     2.000     3.000     3.000     1.000     0.000    -0.040
     2.000     2.000     2.000     2.000     1.000    -0.198
     3.000     3.000     3.000     3.000     1.000     0.419
     0.000     3.000     1.000     3.000     1.000    -0.096
     3.000     3.000     3.000     3.000     2.000     0.375
     2.000     2.000     2.000     2.000     2.000    -0.237
     2.000     3.000     2.000     3.000     0.000     0.243
     1.000     3.000     3.000     3.000     1.000     0.256
     3.000     2.000     3.000     3.000     3.000     0.136
     2.000     4.000     3.000     3.000     1.000     0.558
     0.000     2.000     1.000     2.000     0.000    -0.426
     2.000     3.000     3.000     3.000     1.000     0.333
     3.000     3.000     3.000     2.000     0.000     0.251
     2.000     3.000     3.000     3.000     2.000     0.290
     0.000     1.000     0.000     2.000     1.000    -0.799
     3.000     2.000     3.000     2.000     0.000     0.061
     2.000     1.000     1.000     1.000     2.000    -0.762
     2.000     2.000     2.000     2.000     2.000    -0.237
     3.000     3.000     3.000     3.000     1.000     0.419
     3.000     3.000     3.000     2.000     1.000     0.201
     3.000     1.000     4.000     3.000     2.000     0.135
     3.000     2.000     2.000     3.000     1.000     0.080
     1.000     1.000     2.000     2.000     3.000    -0.539
     2.000     3.000     3.000     3.000     1.000     0.333
     0.000     1.000     0.000     0.000     3.000    -1.330
     3.000     3.000     3.000     3.000     2.000     0.375
     3.000     2.000     2.000     2.000     3.000    -0.198
     3.000     0.000     2.000     2.000     2.000    -0.583
     2.000     3.000     3.000     4.000     2.000     0.519
     2.000     3.000     1.000     2.000     1.000    -0.148
     2.000     2.000     2.000     3.000     1.000     0.000
     3.000     3.000     4.000     3.000     2.000     0.528
     3.000     2.000     3.000     3.000     3.000     0.136
     2.000     2.000     3.000     2.000     1.000    -0.064
     3.000     2.000     4.000     4.000     1.000     0.581
     3.000     1.000     3.000     1.000     1.000    -0.373
     2.000     3.000     3.000     2.000     3.000     0.043
     2.000     2.000     2.000     3.000     1.000     0.000
     3.000     3.000     2.000     3.000     1.000     0.276
     2.000     2.000     2.000     2.000     1.000    -0.198
     2.000     1.000     2.000     2.000     2.000    -0.425
     3.000     2.000     3.000     2.000     2.000    -0.026
     3.000     3.000     4.000     0.000     0.000    -0.086
     3.000     3.000     3.000     3.000     1.000     0.419
     3.000     3.000     3.000     3.000     2.000     0.375
     4.000     4.000     4.000     4.000     2.000     1.093
     1.000     2.000     1.000     2.000     2.000    -0.439
     2.000     4.000     3.000     3.000     1.000     0.558
     2.000     2.000     1.000     3.000     3.000    -0.211
     2.000     2.000     2.000     3.000     1.000     0.000
     2.000     3.000     2.000     2.000     1.000    -0.013
     3.000     2.000     3.000     2.000     2.000    -0.026
     3.000     3.000     2.000     3.000     1.000     0.276
     2.000     2.000     2.000     3.000     2.000    -0.040
     1.000     2.000     2.000     2.000     2.000    -0.309
     3.000     2.000     2.000     2.000     2.000    -0.160
     3.000     4.000     2.000     3.000     3.000     0.421
     2.000     3.000     3.000     3.000     1.000     0.333
     3.000     4.000     4.000     4.000     1.000     1.032
     1.000     1.000     3.000     1.000     4.000    -0.655
     2.000     2.000     2.000     3.000     1.000     0.000
     2.000     2.000     2.000     2.000     2.000    -0.237
     3.000     3.000     2.000     3.000     2.000     0.233
     2.000     2.000     3.000     2.000     3.000    -0.142
     3.000     2.000     2.000     3.000     2.000     0.040
     2.000     2.000     2.000     3.000     1.000     0.000
     3.000     4.000     3.000     4.000     1.000     0.869
     2.000     3.000     2.000     3.000     1.000     0.192
     0.000     1.000     2.000     1.000     1.000    -0.741
     2.000     3.000     2.000     3.000     2.000     0.150
     3.000     1.000     2.000     2.000     3.000    -0.387
     3.000     2.000     1.000     2.000     1.000    -0.254
     3.000     2.000     2.000     4.000     3.000     0.234
     4.000     2.000     3.000     3.000     0.000     0.357
     2.000     2.000     2.000     2.000     2.000    -0.237
     2.000     2.000     3.000     2.000     1.000    -0.064
     1.000     2.000     2.000     2.000     2.000    -0.309
     2.000     3.000     3.000     2.000     1.000     0.121
     4.000     3.000     3.000     3.000     1.000     0.514
     3.000     2.000     2.000     2.000     1.000    -0.120
     2.000     1.000     2.000     1.000     2.000    -0.629
     3.000     3.000     3.000     2.000     1.000     0.201
     3.000     3.000     2.000     2.000     3.000    -0.013
     4.000     2.000     2.000     3.000     2.000     0.130
     3.000     1.000     2.000     1.000     1.000    -0.510
     2.000     2.000     2.000     3.000     3.000    -0.078
     1.000     1.000     2.000     1.000     1.000    -0.663
     4.000     2.000     2.000     3.000     1.000     0.171
     3.000     2.000     2.000     2.000     2.000    -0.160
     3.000     3.000     3.000     3.000     2.000     0.375
     2.000     3.000     2.000     2.000     1.000    -0.013
     3.000     2.000     3.000     3.000     3.000     0.136
     2.000     3.000     2.000     2.000     2.000    -0.053
     2.000     3.000     2.000     2.000     1.000    -0.013
     2.000     3.000     3.000     3.000     3.000     0.250
     1.000     2.000     2.000     2.000     1.000    -0.270
     2.000     2.000     2.000     2.000     2.000    -0.237
     3.000     2.000     1.000     2.000     1.000    -0.254
     3.000     4.000     2.000     3.000     2.000     0.459
     3.000     3.000     3.000     1.000     1.000    -0.011
     3.000     2.000     3.000     2.000     1.000     0.013
     3.000     2.000     2.000     3.000     1.000     0.080
     3.000     2.000     3.000     3.000     1.000     0.216
     3.000     2.000     2.000     2.000     0.000    -0.072
     2.000     1.000     1.000     1.000     3.000    -0.804
     3.000     1.000     3.000     2.000     1.000    -0.171
     1.000     2.000     4.000     3.000     1.000     0.210
     3.000     1.000     1.000     3.000     1.000    -0.241
     2.000     1.000     1.000     1.000     2.000    -0.762
     3.000     3.000     3.000     3.000     2.000     0.375
     2.000     2.000     1.000     3.000     2.000    -0.174
     1.000     1.000     2.000     1.000     3.000    -0.745
     4.000     1.000     3.000     3.000     2.000     0.077
     4.000     4.000     3.000     4.000     0.000     1.029
     3.000     4.000     3.000     4.000     0.000     0.924
     3.000     4.000     3.000     4.000     3.000     0.784
     3.000     4.000     3.000     2.000     3.000     0.344
     3.000     3.000     3.000     3.000     2.000     0.375
     2.000     3.000     2.000     2.000     2.000    -0.053
     1.000     3.000     2.000     3.000     1.000     0.117
     2.000     3.000     2.000     2.000     2.000    -0.053
     3.000     2.000     2.000     2.000     2.000    -0.160
     3.000     3.000     3.000     3.000     1.000     0.419
     4.000     1.000     3.000     4.000     1.000     0.343
     1.000     2.000     1.000     1.000     1.000    -0.596
     3.000     1.000     3.000     3.000     1.000     0.027
     2.000     3.000     3.000     3.000     1.000     0.333
     2.000     1.000     2.000     1.000     2.000    -0.629
     3.000     1.000     3.000     2.000     1.000    -0.171
     3.000     1.000     4.000     2.000     1.000    -0.022
     2.000     2.000     3.000     3.000     3.000     0.056
     2.000     3.000     3.000     4.000     1.000     0.562
     2.000     3.000     4.000     4.000     0.000     0.761
     3.000     0.000     0.000     1.000     3.000    -1.085
     2.000     3.000     3.000     3.000     2.000     0.290
     3.000     2.000     2.000     2.000     2.000    -0.160
     1.000     1.000     1.000     1.000     2.000    -0.837
     2.000     3.000     2.000     3.000     1.000     0.192
     3.000     3.000     3.000     3.000     1.000     0.419
     1.000     3.000     1.000     2.000     1.000    -0.219
     2.000     2.000     2.000     2.000     2.000    -0.237
     2.000     1.000     2.000     2.000     2.000    -0.425
     3.000     2.000     2.000     3.000     2.000     0.040
     2.000     1.000     3.000     2.000     2.000    -0.288
     3.000     2.000     2.000     3.000     1.000     0.080
     3.000     2.000     2.000     2.000     1.000    -0.120
     3.000     1.000     2.000     2.000     0.000    -0.258
     3.000     2.000     2.000     2.000     1.000    -0.120
     3.000     1.000     2.000     1.000     3.000    -0.591
     3.000     2.000     2.000     2.000     2.000    -0.160
     3.000     1.000     2.000     1.000     2.000    -0.550
     3.000     4.000     4.000     2.000     1.000     0.559
     2.000     2.000     3.000     2.000     2.000    -0.104
     3.000     3.000     2.000     3.000     0.000     0.327
     4.000     3.000     2.000     2.000     2.000     0.116
     3.000     1.000     2.000     2.000     1.000    -0.307
     2.000     2.000     2.000     2.000     3.000    -0.276
     3.000     2.000     2.000     2.000     2.000    -0.160
     2.000     2.000     2.000     2.000     2.000    -0.237
     3.000     3.000     2.000     3.000     0.000     0.327
     2.000     1.000     1.000     3.000     1.000    -0.317
     3.000     3.000     3.000     3.000     3.000     0.335
     3.000     2.000     3.000     2.000     1.000     0.013
     3.000     2.000     0.000     3.000     3.000    -0.265
     2.000     2.000     2.000     2.000     0.000    -0.149
     3.000     3.000     2.000     3.000     1.000     0.276
     4.000     3.000     3.000     3.000     0.000     0.567
     2.000     1.000     1.000     2.000     2.000    -0.558
     2.000     1.000     2.000     2.000     2.000    -0.425
     1.000     2.000     2.000     3.000     1.000    -0.072
     3.000     2.000     2.000     2.000     2.000    -0.160
     3.000     3.000     3.000     3.000     0.000     0.471
     4.000     2.000     3.000     3.000     1.000     0.308
     4.000     2.000     3.000     3.000     1.000     0.308
     4.000     4.000     4.000     4.000     0.000     1.213
     3.000     2.000     2.000     2.000     3.000    -0.198
     3.000     2.000     3.000     3.000     1.000     0.216
     3.000     1.000     1.000     2.000     1.000    -0.441
     4.000     4.000     4.000     4.000     0.000     1.213
     4.000     4.000     2.000     3.000     2.000     0.551
     2.000     0.000     2.000     1.000     2.000    -0.857
     3.000     4.000     4.000     4.000     0.000     1.092
     2.000     2.000     3.000     2.000     2.000    -0.104
     2.000     1.000     1.000     2.000     1.000    -0.518
     2.000     3.000     2.000     3.000     3.000     0.111
     2.000     3.000     3.000     2.000     1.000     0.121
     4.000     3.000     3.000     3.000     2.000     0.471
     3.000     3.000     3.000     3.000     2.000     0.375
     3.000     4.000     2.000     4.000     3.000     0.640
     3.000     2.000     3.000     3.000     0.000     0.266
     1.000     3.000     2.000     1.000     3.000    -0.363
     3.000     2.000     2.000     2.000     1.000    -0.120
     2.000     3.000     1.000     3.000     1.000     0.050
     3.000     3.000     2.000     3.000     2.000     0.233
     2.000     2.000     2.000     3.000     3.000    -0.078
     2.000     2.000     2.000     3.000     2.000    -0.040
     2.000     2.000     2.000     2.000     1.000    -0.198
     1.000     3.000     1.000     3.000     1.000    -0.023
     4.000     3.000     4.000     4.000     0.000     0.949
     2.000     3.000     2.000     2.000     1.000    -0.013
     3.000     1.000     3.000     2.000     2.000    -0.211
     2.000     1.000     2.000     3.000     1.000    -0.185
     4.000     2.000     3.000     4.000     1.000     0.529
     2.000     3.000     3.000     3.000     2.000     0.290
     3.000     1.000     1.000     3.000     3.000    -0.318
     3.000     4.000     3.000     4.000     0.000     0.924
     2.000     3.000     3.000     3.000     2.000     0.290
     3.000     2.000     3.000     2.000     3.000    -0.064
