10010003	5	1	1	2	2	1	3	3	1	1	1	3	1	2	2	1	1	1	2	2	2	2	3	5	1	3	3	2	3	3	5	4	4	2	4	1	5	2	3	2	2	3	2	2	1	2	1	1	2	2	2	3	3	2	5	2	3	2	2	4	3	3	2	2	2	1	3	4	3	1	2	2	2	3	3	2	2	4	3	4	2	5	1	3	2	4	1	4	3	5	3	2	5	1	3	2	2	2	3	2	3	2	2	3	4	1	2	2	2	2	2	2	4	2	3	3	3	2	0	1
10010006	5	3	3	3	4	2	4	4	4	4	4	2	5	5	3	3	4	1	5	1	4	5	4	2	5	2	4	4	5	5	4	5	3	3	5	4	4	1	4	1	2	4	2	2	4	5	4	5	4	3	3	2	4	2	4	5	4	2	4	3	3	3	2	2	5	5	2	4	4	3	5	5	4	5	1	1	5	3	1	3	5	5	1	5	2	5	3	2	3	4	3	4	4	4	3	1	2	2	1	2	5	2	5	2	1	3	5	1	4	1	5	2	1	2	2	1	5	3	0	1
10010013	3	2	1	1	2	2	5	5	1	1	2	2	1	4	2	3	2	4	1	3	2	2	2	3	2	1	2	1	3	3	2	2	5	2	5	2	5	3	5	2	3	1	2	2	2	4	2	1	4	2	1	2	5	1	5	5	5	3	3	4	3	2	5	3	2	4	2	4	2	2	2	1	2	2	5	4	4	3	4	5	3	5	2	1	2	4	3	5	3	3	2	2	3	1	1	1	2	4	3	3	3	1	2	3	2	1	4	2	3	4	3	2	1	2	1	1	4	2	0	1
10010015	2	1	1	5	2	1	2	4	3	3	3	1	5	4	3	1	2	1	2	1	5	3	3	4	1	2	3	5	1	2	3	2	4	2	5	1	3	3	3	2	2	4	3	1	3	5	1	1	1	3	2	2	3	3	3	2	1	2	1	4	5	4	3	3	2	4	4	3	3	2	2	5	2	2	3	2	2	3	5	4	2	4	1	4	1	3	1	5	5	4	5	1	4	1	5	2	2	3	5	2	5	3	3	4	4	1	1	3	2	1	3	2	3	2	2	2	3	2	0	1
10010016	2	2	3	2	5	1	4	5	2	4	3	2	2	4	4	3	3	2	2	2	2	3	4	1	1	3	2	2	2	2	5	2	2	2	3	5	3	2	5	1	3	5	2	2	3	3	4	5	1	2	3	5	4	4	5	2	3	1	3	5	1	3	2	1	2	2	2	4	3	2	2	3	2	3	4	2	2	5	2	4	2	2	4	2	3	3	4	2	5	5	1	2	5	1	2	5	2	2	4	2	5	2	1	2	5	2	1	1	1	1	1	2	5	2	2	2	3	2	0	1
10010017	3	3	1	3	2	4	2	4	2	3	2	4	5	4	1	4	3	4	2	3	2	3	3	2	1	2	4	1	2	3	3	4	3	2	3	3	4	2	3	2	4	4	3	2	3	4	2	2	2	2	2	2	5	2	4	2	4	2	2	4	5	3	3	2	2	2	3	4	3	2	2	4	2	2	4	4	2	4	5	4	4	4	3	4	3	2	2	4	2	4	2	2	4	1	2	4	3	4	2	2	3	2	4	4	4	1	3	2	2	4	4	3	4	2	2	2	3	4	0	1
10010019	3	2	3	3	4	1	2	3	2	3	3	2	4	2	3	2	4	3	2	3	4	2	4	2	3	2	3	4	2	2	3	2	4	3	2	2	4	3	3	3	4	2	4	2	3	3	2	2	3	3	2	3	3	2	4	3	2	3	3	4	4	3	3	3	3	4	4	3	2	2	3	4	2	3	4	2	3	2	3	4	4	4	2	4	3	3	2	4	3	3	3	4	4	3	4	4	2	2	4	3	3	3	3	4	3	1	2	3	3	3	3	2	4	3	4	4	4	3	0	1
10010022	3	1	2	2	3	1	4	2	2	1	2	2	1	2	3	1	1	1	2	2	4	1	2	3	1	2	5	3	3	2	3	2	4	2	5	2	4	1	4	1	2	5	1	1	1	3	1	1	1	2	2	2	2	1	3	1	4	1	3	5	2	4	1	1	1	1	3	4	5	1	1	4	2	1	5	1	3	2	2	4	2	4	1	5	1	2	2	2	5	4	2	1	4	1	1	1	1	1	5	1	5	1	1	1	4	1	1	1	1	1	2	1	4	1	1	1	4	1	0	1
10010025	3	1	2	3	4	1	2	4	2	3	2	3	3	1	3	1	2	1	2	1	3	2	2	3	2	3	3	3	1	2	3	2	3	2	2	2	3	4	1	2	3	4	2	1	2	4	1	2	2	3	1	2	4	3	4	2	2	3	2	4	5	3	3	2	2	2	4	3	2	3	3	2	2	2	4	2	3	3	3	4	3	4	3	4	2	3	2	2	4	4	2	2	5	1	3	2	2	1	4	2	5	2	2	4	4	1	1	2	3	1	3	1	5	2	2	2	4	2	0	1
10010026	1	3	2	5	1	3	2	5	5	5	5	4	5	2	4	4	5	3	5	4	5	5	5	2	3	2	1	3	3	3	3	3	2	4	3	5	1	5	2	3	5	2	5	4	3	5	4	5	3	4	3	5	5	5	5	5	5	2	3	2	5	5	5	4	5	4	3	1	2	4	4	5	4	5	2	3	4	2	4	2	4	3	4	4	4	1	2	4	2	3	3	4	1	2	4	4	4	3	3	5	3	5	5	5	2	3	3	4	5	2	5	4	1	2	3	5	1	5	0	1
10010030	3	2	2	2	4	2	4	3	2	2	2	2	2	4	4	2	2	2	2	2	3	3	2	3	2	2	4	4	3	2	3	2	4	3	4	2	3	2	3	2	3	4	2	2	2	3	1	2	3	2	2	3	3	2	2	2	3	2	4	4	3	3	3	2	3	3	3	4	2	2	2	3	2	3	3	2	3	3	5	2	2	4	3	4	2	4	2	3	4	3	2	3	4	1	2	1	2	3	3	2	4	2	3	3	4	2	1	2	2	2	3	2	4	2	4	1	4	2	0	1
10010035	2	2	2	2	2	1	4	2	4	2	4	3	3	4	4	3	3	3	2	2	4	2	3	3	3	2	3	4	2	3	2	2	4	2	4	2	3	2	5	3	3	4	3	3	2	4	2	2	3	2	2	4	3	1	5	3	3	2	2	3	3	3	2	4	3	3	3	3	3	2	2	3	3	3	4	2	4	2	4	4	3	4	2	5	2	4	2	2	3	2	2	3	3	1	2	2	3	2	3	2	2	2	2	4	4	3	2	1	3	2	3	2	5	2	2	2	3	2	0	1
10010036	4	1	3	2	3	1	3	3	2	2	2	2	1	4	3	2	2	1	3	1	2	2	3	4	1	2	5	2	1	3	2	3	3	2	5	5	5	2	4	2	3	4	1	1	2	3	1	1	2	2	2	2	1	1	4	2	4	3	1	5	2	3	2	3	5	2	4	4	3	1	1	3	2	3	4	3	1	4	3	4	2	3	2	4	2	4	1	4	4	5	2	2	5	2	2	1	2	2	4	1	5	1	2	2	4	1	3	1	1	2	2	1	4	2	2	1	4	1	0	1
10010037	2	2	3	5	3	2	2	4	3	5	3	3	4	3	3	3	2	2	3	4	4	3	5	4	2	3	2	4	3	4	3	2	3	3	5	2	3	4	2	3	4	2	2	2	4	4	2	2	4	3	3	4	5	2	4	2	2	2	4	2	3	3	3	4	4	4	3	2	3	3	3	4	3	3	2	2	3	2	3	3	4	3	2	2	2	3	2	2	3	3	2	2	3	4	3	2	3	4	3	3	3	3	3	4	3	3	2	3	4	2	4	2	2	2	2	2	3	3	0	1
10010039	5	3	2	2	1	4	3	4	4	1	2	1	3	5	1	3	4	3	3	3	5	4	4	4	4	1	3	1	2	3	4	2	4	2	2	4	5	2	5	4	4	4	4	4	2	3	2	1	3	4	2	2	4	2	2	4	2	4	2	3	3	5	2	3	4	4	3	4	2	1	3	2	3	3	4	4	3	2	4	4	3	4	1	4	2	2	4	5	2	2	4	4	2	2	2	4	3	4	4	3	2	2	4	3	3	4	2	2	4	2	4	2	3	3	3	1	2	4	0	1
10010040	3	3	2	3	1	3	3	2	2	2	2	4	4	3	2	3	3	3	3	3	4	3	3	3	3	2	4	2	3	3	3	3	4	3	2	4	4	4	2	2	5	4	3	3	3	3	2	1	4	3	3	3	4	1	4	3	3	1	3	4	4	5	3	4	5	3	2	4	3	3	1	4	4	3	4	3	3	3	2	4	4	4	1	4	3	3	2	3	2	2	2	4	3	1	4	2	3	3	2	2	2	3	3	4	4	2	2	4	4	2	4	4	4	2	4	1	3	3	0	1
10010042	3	2	2	2	2	2	4	2	3	2	2	4	3	4	3	2	3	2	2	2	4	3	3	3	2	2	4	2	2	3	2	3	3	2	2	4	4	3	3	2	3	4	3	2	2	3	2	2	2	2	2	2	4	2	4	4	3	2	2	4	4	3	2	3	3	2	4	4	2	2	2	3	3	2	4	2	3	4	3	4	3	4	2	4	2	4	3	4	3	4	3	3	3	2	2	3	4	2	3	4	3	4	3	4	2	3	2	3	3	1	4	2	4	2	2	1	4	2	0	1
10010044	4	3	1	2	3	1	5	3	3	2	2	3	3	4	2	1	3	1	3	1	5	3	3	3	3	1	4	3	2	1	3	1	4	1	5	2	5	3	3	3	3	5	3	2	3	4	2	2	3	1	1	4	3	3	2	3	3	3	2	5	4	3	2	2	4	3	3	4	2	2	1	4	2	2	5	1	2	3	3	4	4	5	3	4	2	4	3	3	1	3	2	3	5	1	2	1	3	2	4	4	5	4	4	4	3	3	1	1	3	1	3	1	5	1	2	1	3	3	0	1
10010045	5	1	1	1	2	1	4	3	2	3	5	3	3	5	2	1	2	3	3	2	4	3	4	3	2	2	3	2	1	2	3	2	3	2	4	2	5	2	3	1	1	2	2	1	2	3	1	3	1	2	1	4	3	1	3	2	2	2	2	4	3	4	2	2	3	1	2	4	3	2	1	2	4	1	3	1	2	5	2	5	3	4	5	4	2	4	1	2	3	5	2	2	4	2	4	1	1	2	2	2	2	2	4	2	5	1	1	2	3	2	4	2	3	2	2	1	3	2	0	1
10010046	5	1	2	2	4	2	4	3	3	1	2	1	1	5	3	2	1	3	2	1	1	1	2	3	1	1	5	2	3	2	2	2	5	1	5	3	5	2	5	2	3	5	1	1	2	2	1	1	3	2	1	1	3	1	4	3	5	5	1	5	5	1	1	2	3	1	2	5	2	2	2	1	4	2	5	1	1	2	5	5	2	5	2	5	1	5	5	3	2	3	2	2	4	1	2	1	1	2	3	2	4	1	2	4	5	1	4	2	3	1	3	2	5	2	2	1	4	2	0	1
10010048	4	2	2	2	4	2	4	2	2	2	2	2	2	3	3	1	1	2	3	2	4	2	2	4	1	2	3	4	2	1	4	2	4	2	2	2	4	3	3	3	3	4	1	2	2	4	2	3	2	3	1	3	3	2	2	2	4	1	2	4	3	2	3	3	3	3	4	4	4	2	2	4	3	3	4	3	3	2	3	5	4	4	4	3	2	4	4	4	3	3	3	1	3	2	2	2	3	2	4	2	4	2	3	3	4	2	1	3	3	2	2	2	4	2	2	3	4	2	0	1
10010049	4	1	2	2	4	2	4	3	3	2	2	2	2	3	3	2	2	2	3	2	4	2	2	4	2	2	4	2	2	2	3	3	4	2	4	3	4	2	4	3	2	4	2	2	2	3	2	2	2	2	2	2	2	2	3	2	2	2	2	4	2	3	2	2	3	3	4	4	4	2	2	3	2	2	4	2	2	2	5	4	2	4	2	4	2	4	2	2	4	4	3	1	4	2	2	2	2	2	4	2	4	2	2	3	4	2	2	2	2	2	2	2	4	2	2	2	4	2	0	1
10010051	5	1	1	1	4	1	4	2	1	2	2	3	4	4	2	3	4	4	3	2	3	3	2	2	3	2	4	3	3	2	3	2	3	2	1	3	5	2	3	3	1	4	4	2	2	3	1	4	2	3	2	3	2	3	4	2	2	2	4	4	4	2	2	3	2	3	4	3	3	2	1	3	3	2	4	3	1	4	4	4	4	4	4	3	1	3	1	3	3	5	3	1	4	2	1	1	2	2	4	3	3	1	3	1	4	2	2	2	3	1	3	3	4	3	3	4	5	1	0	1
10010052	4	2	1	2	5	2	4	5	1	2	2	2	4	4	1	2	3	2	3	2	4	3	2	4	2	2	3	3	3	3	5	2	4	2	2	3	5	3	4	2	3	4	3	2	1	3	2	2	3	2	2	3	3	2	4	3	3	2	2	4	3	3	3	2	5	2	4	4	4	2	4	3	3	2	3	2	2	2	3	4	3	4	3	3	2	3	2	3	3	5	2	3	2	1	3	5	2	2	4	2	2	2	3	3	5	1	2	2	3	2	3	2	4	2	3	3	3	3	0	1
10020002	3	2	2	2	2	2	3	3	2	2	3	2	4	4	3	3	3	4	3	4	4	2	3	3	3	2	3	2	2	4	3	3	2	2	4	3	4	2	3	3	2	3	3	3	2	3	2	2	4	3	3	2	3	3	3	3	4	3	3	3	2	3	3	3	3	3	2	2	1	2	2	3	2	3	3	3	3	2	3	2	3	3	3	4	2	2	3	3	2	3	3	3	3	1	1	2	2	3	2	3	2	3	3	2	3	2	4	2	3	4	4	2	3	3	3	1	4	4	0	1
10020003	3	3	2	3	1	1	4	4	3	3	3	3	4	3	3	2	4	2	3	4	4	4	4	3	3	3	2	3	4	5	4	2	2	3	3	2	4	4	2	4	4	2	4	1	3	5	2	4	3	1	1	5	4	4	4	3	3	2	2	3	4	4	4	4	3	5	2	2	2	3	4	2	3	4	2	2	4	2	4	2	4	3	5	3	3	1	2	2	2	3	2	2	2	2	2	3	3	2	2	2	5	3	3	3	3	1	1	3	3	2	4	1	2	1	4	2	4	4	0	1
10020006	2	3	1	4	2	1	3	4	3	2	4	3	5	1	2	2	2	1	5	2	4	3	3	4	2	2	2	2	3	2	2	5	3	2	4	3	3	3	2	2	5	3	2	1	4	5	1	3	4	5	4	5	5	4	5	5	2	5	3	5	2	3	3	3	5	3	1	4	2	3	3	1	4	4	3	5	2	4	2	4	5	5	3	4	1	3	1	3	4	4	3	3	3	1	4	2	3	2	5	3	3	4	4	3	4	1	1	4	5	4	5	2	2	4	4	1	3	3	0	1
10020011	5	2	1	3	2	1	5	3	3	1	2	3	4	3	2	2	3	2	2	1	4	3	4	4	2	1	4	2	3	4	2	3	4	4	5	2	3	1	4	2	2	5	3	2	2	3	1	1	2	2	2	2	3	3	2	3	2	2	4	5	2	2	3	2	3	2	2	4	2	2	1	3	2	2	5	3	2	4	2	5	2	4	2	5	2	4	1	4	4	3	4	1	5	1	2	1	4	3	4	2	4	2	2	3	3	3	2	3	2	1	3	2	5	2	3	2	5	1	0	1
10020012	3	2	2	2	3	2	4	2	2	2	3	2	2	3	3	2	2	2	2	2	3	2	2	4	2	2	3	3	3	2	4	2	3	2	2	2	4	3	3	2	3	3	2	2	2	4	1	1	2	2	2	2	2	2	3	2	2	2	2	4	4	3	3	2	2	2	3	4	2	2	3	3	2	2	3	2	2	3	3	4	2	4	2	4	2	3	2	2	4	4	2	2	2	1	2	4	1	2	4	2	3	2	2	4	4	2	1	2	2	1	3	2	3	2	2	3	4	3	0	1
10020013	3	3	1	4	2	1	3	4	2	2	2	2	3	1	2	1	2	1	3	2	5	2	4	4	2	1	3	5	2	2	3	2	3	2	4	2	2	2	2	2	3	3	2	2	3	5	2	3	2	2	1	3	3	3	5	3	2	2	2	4	3	3	4	2	2	3	3	3	4	3	2	5	3	2	3	1	3	2	4	3	2	5	3	4	2	4	2	3	5	3	2	2	4	1	2	1	2	3	4	3	4	1	3	4	3	1	1	2	2	1	3	3	2	1	3	2	4	2	0	1
10020021	5	3	2	3	2	2	4	4	4	2	3	4	3	2	2	2	3	2	4	2	3	2	4	4	3	4	4	3	3	3	5	4	3	4	2	3	4	4	2	3	2	3	3	2	2	3	2	1	2	2	1	3	3	4	3	3	2	4	2	4	4	4	2	2	3	3	2	2	2	1	3	3	3	3	2	1	3	2	5	4	3	5	2	3	2	3	1	3	3	3	4	2	3	2	3	3	3	2	5	3	3	3	2	4	3	2	2	4	3	2	4	3	3	4	2	3	3	3	0	1
10020025	3	2	2	2	3	2	3	3	2	2	2	2	2	3	3	2	2	2	3	2	3	2	2	2	2	2	2	2	2	3	3	2	3	2	3	2	4	3	3	2	3	3	3	2	2	3	1	2	2	2	2	3	2	2	3	2	2	2	3	3	3	3	3	3	3	3	3	3	3	2	2	3	3	3	3	3	3	3	3	3	3	3	3	3	3	3	3	3	3	3	3	3	3	3	3	3	3	3	3	3	3	3	3	3	3	3	3	3	3	3	3	3	3	3	3	3	3	3	0	1
10020026	3	2	2	4	1	2	3	5	2	4	4	3	3	2	2	3	3	3	3	4	3	2	4	3	3	2	4	2	2	4	2	3	3	4	2	2	4	4	2	3	4	3	3	3	2	5	1	4	4	3	3	4	4	4	4	3	1	2	3	3	4	2	5	4	5	3	2	4	1	3	3	5	4	4	4	2	4	4	5	4	3	3	4	3	2	1	1	4	2	3	3	2	2	2	3	3	2	2	3	3	3	3	4	4	3	3	3	4	5	2	5	3	3	2	3	1	3	3	0	1
10020027	5	1	1	1	5	1	5	1	1	1	1	1	1	3	2	1	1	1	1	1	3	1	1	5	1	1	4	1	1	1	2	1	4	1	2	2	5	1	5	1	2	4	1	1	1	1	1	1	1	1	1	1	1	1	4	1	1	1	1	4	2	3	1	1	1	1	5	4	3	1	1	1	1	1	3	1	1	3	5	5	1	5	1	5	1	1	1	2	4	5	1	1	4	1	2	1	1	1	3	1	4	1	1	2	4	1	3	1	3	1	1	1	3	1	3	1	4	3	0	1
10020028	3	1	1	1	5	1	5	4	1	1	2	1	4	3	3	1	2	1	1	1	1	5	2	5	1	3	2	3	1	1	2	1	5	1	5	2	5	1	5	1	2	3	2	1	2	5	1	3	1	1	1	5	1	5	3	3	3	3	2	5	3	5	5	1	1	2	5	5	4	1	3	2	2	2	3	1	1	5	2	4	3	5	5	3	1	3	1	1	5	5	2	2	3	1	4	5	5	1	3	2	5	3	1	2	2	1	2	1	4	2	5	1	2	1	1	5	4	3	0	1
10020032	5	1	1	1	4	1	1	1	1	1	2	2	1	5	1	1	1	1	1	1	2	1	1	5	1	2	5	2	2	1	1	2	3	1	5	5	5	1	5	1	1	5	1	1	1	1	1	1	4	1	1	2	1	1	3	1	5	1	1	5	1	1	1	1	2	1	4	5	5	1	1	1	2	1	5	5	1	4	4	5	1	1	1	5	1	1	2	1	5	5	5	1	5	1	1	1	1	1	3	3	2	1	2	1	5	1	1	1	1	1	2	1	5	2	1	1	5	1	0	1
10020033	2	3	2	3	2	2	2	3	2	3	3	2	3	4	2	2	3	3	3	4	5	2	4	4	5	2	2	4	4	5	4	2	3	4	5	3	3	4	2	5	2	3	3	3	3	3	2	2	3	3	2	3	4	3	3	3	1	4	5	3	4	4	4	3	4	5	2	3	3	5	3	5	4	3	4	3	4	1	4	3	3	5	3	4	3	2	2	1	2	2	4	4	4	1	1	1	2	4	4	4	3	3	4	3	2	1	3	3	4	2	4	3	4	3	3	4	4	3	0	1
10020036	3	2	2	2	3	2	4	3	2	2	2	2	3	3	3	2	2	3	2	2	4	3	2	4	2	4	3	3	3	2	3	2	4	2	4	4	4	3	4	2	2	4	3	2	1	5	1	2	2	2	2	4	2	2	4	4	2	2	4	3	3	3	4	3	2	2	4	4	4	2	2	3	2	2	3	3	2	4	5	4	3	4	2	4	2	4	1	2	4	5	2	2	3	1	3	2	2	2	4	2	3	2	2	4	3	1	1	2	3	1	4	2	3	3	3	5	4	2	0	1
10020037	3	2	1	2	1	2	3	3	3	2	1	2	4	4	2	2	2	2	2	4	5	2	3	4	2	2	3	3	2	2	2	2	3	3	1	3	4	5	2	3	2	3	2	1	2	3	2	2	2	3	3	3	3	3	3	4	3	3	2	4	3	3	3	2	3	3	3	4	3	2	4	5	3	4	2	3	2	2	4	4	4	4	2	3	2	2	3	2	3	3	2	2	3	1	3	4	3	2	5	3	4	3	2	3	5	1	2	3	3	2	4	2	3	2	3	3	3	3	0	1
10020039	3	1	1	2	4	3	3	3	2	2	2	2	2	4	3	2	2	2	2	2	5	2	2	3	1	1	5	2	2	1	3	2	4	1	4	4	5	2	2	3	2	5	2	1	2	2	1	1	3	2	2	2	4	2	4	5	4	5	2	4	3	3	2	2	1	2	2	3	3	2	1	3	2	2	5	1	1	2	3	2	3	3	1	5	1	3	1	5	3	4	3	1	4	1	3	1	1	2	2	2	3	2	2	3	3	1	2	2	4	1	2	1	4	2	2	3	5	1	0	1
10020041	3	2	1	3	2	2	3	4	3	2	2	1	3	3	3	2	2	2	2	2	4	2	4	1	1	2	4	4	2	4	3	2	3	2	5	3	5	2	4	2	3	5	2	1	2	3	2	3	2	2	3	3	4	1	4	1	2	1	1	5	3	2	3	4	2	3	5	3	3	1	1	3	2	3	5	4	2	2	3	3	3	3	3	3	1	2	3	3	5	3	3	1	4	2	2	1	3	1	3	2	5	2	2	3	4	1	1	1	2	2	4	1	5	2	2	1	3	2	0	1
10020042	3	3	2	2	4	2	3	3	2	3	3	3	4	3	3	2	2	3	2	2	2	3	3	3	2	3	3	3	2	3	2	2	3	3	3	3	4	3	2	3	5	2	3	2	2	3	2	3	3	3	2	4	4	2	2	3	3	3	2	3	3	2	4	3	4	4	4	3	3	2	3	4	3	2	3	3	2	2	2	3	3	4	5	3	2	2	3	2	2	2	3	2	3	2	2	2	2	2	3	3	3	4	3	3	3	3	3	2	3	3	4	3	2	3	3	2	3	3	0	1
10020044	2	2	4	2	3	2	5	2	2	4	2	5	4	4	2	2	2	2	3	2	4	4	3	4	2	2	4	2	2	2	3	2	3	4	5	3	5	1	4	3	3	3	3	2	2	4	2	2	3	2	3	3	4	2	4	3	4	4	2	4	3	3	2	2	3	4	3	2	2	2	3	3	3	4	3	5	2	3	2	3	3	4	2	4	2	3	3	4	5	4	3	3	5	1	1	2	2	3	2	3	5	2	4	2	1	2	2	1	5	3	5	1	3	4	2	2	4	2	0	1
10020045	3	2	1	2	3	1	4	4	3	2	3	2	2	4	2	2	2	5	3	3	4	3	2	4	1	2	3	4	3	2	4	3	4	2	4	3	4	2	4	2	3	3	2	2	2	2	2	2	2	3	2	3	4	2	4	3	2	3	4	4	3	3	4	4	2	2	4	3	4	2	2	4	2	3	3	2	2	3	3	4	3	4	3	4	2	4	4	2	2	4	3	2	3	2	2	2	2	2	3	3	4	2	2	3	4	2	3	2	3	2	3	2	4	3	4	3	4	2	0	1
10020046	3	2	2	2	2	2	3	2	3	3	3	3	2	3	3	2	3	2	3	3	3	3	4	3	2	3	3	3	3	3	3	3	3	2	3	3	3	2	3	1	1	3	3	2	2	3	1	2	3	3	2	3	2	3	3	3	3	3	2	4	3	3	3	3	3	2	4	3	4	1	2	3	3	2	3	5	2	3	3	3	2	3	2	3	2	3	3	3	3	4	3	2	4	2	4	2	3	3	4	2	3	3	3	3	4	2	2	2	2	3	3	2	3	3	3	2	3	3	0	1
10020049	3	2	1	2	1	2	4	4	4	2	2	1	4	3	3	1	2	3	5	2	4	1	3	2	1	2	5	1	3	1	3	3	3	4	1	3	5	4	1	2	5	4	2	2	2	2	1	3	2	3	2	2	4	2	4	2	3	3	2	3	3	3	1	4	3	3	4	4	2	1	1	2	3	4	3	2	1	3	4	3	3	4	2	4	2	3	2	2	3	5	5	1	4	1	3	2	2	2	4	1	2	1	3	1	3	2	3	2	2	3	5	4	3	2	2	2	3	2	0	1
10020050	3	3	2	3	2	2	3	4	3	2	3	3	4	3	4	2	3	2	3	2	5	3	3	3	3	2	4	2	2	5	4	1	2	3	2	2	3	4	2	3	3	3	3	2	4	4	2	3	3	2	2	4	4	4	4	3	4	3	2	4	4	4	3	3	5	3	2	4	2	3	4	5	2	2	3	1	4	4	3	4	4	3	2	4	4	3	3	4	3	4	2	3	3	1	4	4	3	2	3	3	3	4	5	4	3	2	2	5	4	3	4	2	4	3	4	2	3	5	0	1
10020054	4	3	2	3	2	3	3	5	4	3	4	2	4	4	2	3	4	3	4	2	4	4	4	4	2	3	3	2	3	3	4	3	2	3	2	3	4	4	2	5	3	4	4	3	4	4	4	3	3	4	2	4	5	3	4	2	4	2	2	3	5	4	5	3	4	5	3	3	2	4	2	2	3	4	4	4	2	1	4	2	4	4	2	4	4	2	4	3	2	2	3	2	2	3	2	3	4	4	3	2	2	2	2	3	3	2	2	3	4	2	4	2	4	2	3	2	3	3	0	1
10020056	4	1	1	1	4	1	5	3	2	2	2	3	1	4	2	1	1	1	2	1	2	3	2	4	1	2	4	3	3	5	2	1	3	2	5	3	5	2	3	2	1	4	2	5	2	3	1	2	1	1	1	2	3	1	2	1	4	1	3	5	1	2	2	1	1	3	5	5	5	2	1	3	2	1	4	2	1	3	2	5	2	5	3	4	2	3	3	4	5	4	3	1	5	1	2	1	1	1	5	2	5	3	3	2	5	2	1	1	1	1	2	1	5	1	1	3	5	5	0	1
10020057	4	2	1	4	4	1	2	4	4	3	2	3	3	2	2	1	1	1	2	1	5	2	2	3	2	1	4	5	1	1	3	2	3	2	3	2	4	4	2	5	5	2	1	1	3	4	1	2	2	3	2	3	3	2	4	2	2	2	3	4	4	3	5	2	3	5	2	4	4	2	1	5	2	2	3	2	3	2	4	3	2	3	2	3	2	4	2	3	3	2	3	2	5	1	3	2	2	2	3	2	3	2	2	4	4	2	2	3	2	1	3	2	3	2	3	1	4	2	0	1
10020058	3	2	1	3	4	4	1	3	1	2	2	4	3	4	1	5	2	5	3	3	5	3	3	5	1	2	2	1	3	3	3	5	3	4	5	4	5	3	2	2	4	3	3	2	3	4	1	1	5	4	5	3	4	3	5	2	2	3	2	2	3	3	3	4	5	2	2	3	2	1	1	1	2	4	3	5	1	3	3	2	4	1	1	3	4	2	1	4	2	3	3	1	3	1	4	1	1	1	2	2	1	4	3	4	4	1	3	2	2	3	3	2	2	3	4	2	5	1	0	1
10020059	3	2	2	4	4	2	1	3	2	2	2	2	2	2	4	2	1	2	2	3	4	2	2	3	2	2	3	3	3	2	2	2	3	3	5	2	3	4	3	3	3	3	2	2	3	3	1	3	2	3	2	2	3	2	4	2	2	2	2	4	3	2	4	3	2	3	3	3	2	2	2	3	2	2	3	3	3	1	3	3	3	4	3	3	2	3	4	2	3	4	3	2	3	2	3	2	2	4	3	2	3	2	3	3	3	2	2	3	3	2	3	2	3	3	3	2	4	2	0	1
10020060	4	2	2	2	2	1	1	5	2	2	3	1	1	5	2	1	2	1	2	2	4	1	2	2	2	2	4	2	4	4	2	2	2	3	4	2	4	2	4	2	4	5	2	1	2	3	1	1	2	1	2	2	1	2	5	1	1	2	1	4	4	5	2	2	2	2	2	4	4	2	1	5	2	2	5	1	1	3	4	5	2	5	5	5	2	3	2	2	4	4	2	1	3	2	4	1	2	2	4	1	5	1	1	3	4	1	1	1	1	1	2	2	5	1	2	1	5	2	0	1
10020061	3	2	1	3	2	1	4	4	1	1	4	2	2	3	2	1	2	1	3	1	5	1	3	3	2	2	3	2	1	3	3	1	2	2	4	2	3	2	3	2	3	3	1	2	1	2	1	3	2	2	1	2	3	2	3	3	3	2	3	3	4	3	2	2	4	4	2	3	3	1	2	3	2	3	3	1	2	2	2	3	2	4	3	4	3	2	2	3	3	3	2	2	3	1	2	1	2	2	3	1	4	1	2	4	3	2	1	2	3	2	3	1	3	1	2	2	3	3	0	1
10020062	3	1	4	2	3	1	3	4	3	1	3	2	2	2	3	2	2	2	2	2	2	3	3	4	2	3	4	2	3	2	5	2	3	2	2	5	4	3	4	1	2	4	2	2	1	3	1	4	3	2	3	2	3	1	1	5	2	4	1	4	3	4	2	2	4	3	3	3	2	2	2	4	4	1	5	3	2	4	3	2	4	4	4	4	2	4	1	3	3	5	2	3	5	2	2	1	2	3	5	3	4	1	2	3	4	1	2	2	4	1	2	1	4	2	5	1	5	4	0	1
10020063	4	1	2	2	1	2	3	4	5	5	2	1	5	5	3	5	4	5	1	5	5	4	5	3	5	3	3	5	2	5	5	2	3	1	1	3	3	3	3	5	5	2	3	3	2	5	5	2	4	5	5	5	2	3	5	5	5	5	5	3	4	5	5	5	5	5	3	3	1	1	5	4	2	5	3	2	5	2	4	3	4	3	1	4	2	2	4	5	2	2	4	5	4	3	3	3	5	5	5	5	1	4	4	4	2	2	5	2	5	4	5	3	3	4	3	4	4	4	0	1
10020064	5	2	2	2	3	2	3	4	4	2	2	2	2	4	2	2	2	2	3	2	4	3	3	2	1	2	4	4	2	2	4	3	4	2	4	3	5	2	4	3	3	5	2	2	1	3	1	1	3	3	2	4	3	1	4	2	3	1	1	4	1	4	3	2	3	3	1	4	2	1	1	2	2	2	2	2	2	4	3	4	2	4	1	5	1	2	3	2	3	4	2	2	5	1	2	1	3	4	3	2	2	2	2	3	4	1	1	4	3	3	2	4	3	2	2	1	4	2	0	1
10020069	3	1	5	3	3	1	1	4	2	2	2	1	3	5	1	3	2	2	2	3	3	2	2	3	2	1	3	2	1	2	4	2	3	2	1	4	3	4	2	4	3	3	2	2	2	3	3	1	3	3	2	3	2	1	4	4	3	2	2	3	5	4	2	3	4	2	2	3	2	2	3	5	1	4	2	1	2	4	2	3	2	4	4	4	1	2	1	4	4	4	3	1	4	3	4	4	2	1	2	2	2	2	3	4	2	1	3	2	4	2	3	2	3	3	4	1	3	3	0	1
10020070	4	2	2	2	4	3	4	2	2	2	3	3	2	4	2	2	2	2	3	2	3	3	2	3	2	2	4	2	3	3	4	3	4	2	2	2	4	2	4	2	3	4	2	2	2	4	2	2	3	2	3	3	2	2	4	2	4	2	2	4	3	3	2	2	3	2	3	4	3	2	2	3	2	3	3	2	2	4	4	4	3	3	2	4	2	3	2	3	3	4	3	2	4	1	3	3	2	2	3	3	3	2	3	2	3	2	2	2	3	2	2	2	3	3	3	2	4	3	0	1
10020071	3	2	3	4	3	1	3	4	3	2	3	3	3	4	3	2	2	1	1	2	5	3	3	4	3	2	3	3	4	2	2	1	3	2	3	3	4	2	3	2	4	5	2	2	2	3	1	2	2	2	2	3	3	2	3	3	2	2	3	4	3	3	2	2	2	2	3	4	5	1	2	3	2	2	4	2	3	4	3	2	2	5	1	4	1	4	3	3	4	4	3	3	4	2	2	2	2	3	4	2	4	2	3	3	3	3	1	2	3	1	3	1	4	1	3	2	5	2	0	1
10020072	5	1	1	1	1	2	5	3	3	3	2	1	3	5	1	3	1	2	1	1	5	1	5	2	1	1	3	1	2	3	2	1	4	2	1	2	5	2	3	2	3	4	1	1	1	5	1	1	2	1	1	1	1	1	3	1	1	1	1	4	3	2	3	1	4	1	2	4	3	1	2	1	2	3	3	1	1	3	3	3	1	3	1	4	1	4	1	4	3	4	2	2	4	1	2	3	2	1	3	1	1	1	1	3	3	1	2	1	5	5	4	1	1	1	2	1	4	1	0	1
10020075	4	2	3	3	3	2	4	2	2	2	3	4	1	4	3	3	4	1	3	2	2	3	4	2	1	2	4	3	3	1	5	1	4	3	1	3	4	3	4	2	2	4	4	2	1	5	1	3	4	2	2	4	2	3	3	2	3	3	3	3	4	3	2	3	3	2	3	4	3	4	2	2	3	4	4	3	2	4	4	5	3	3	2	4	3	2	3	5	3	4	3	2	1	1	3	3	3	2	5	1	3	2	4	2	3	1	2	2	2	2	2	2	4	2	2	3	3	3	0	1
10020077	5	1	1	1	4	1	5	4	1	1	2	2	1	5	5	2	2	1	3	1	4	1	2	3	1	2	4	2	3	1	4	3	5	1	4	4	5	2	5	2	3	3	1	1	1	3	1	1	1	1	1	2	1	1	5	2	3	1	1	5	3	2	2	2	2	4	3	5	2	1	1	3	2	2	4	2	2	3	5	5	2	4	1	4	1	3	2	3	2	4	3	3	3	5	3	1	2	4	4	2	5	3	3	3	4	3	2	3	2	1	2	2	5	4	5	4	2	1	0	1
10020078	3	2	3	2	2	3	1	1	2	4	2	1	2	3	2	4	3	3	4	3	3	1	5	1	4	4	4	4	4	4	4	4	2	2	4	4	4	5	2	2	3	3	2	1	1	2	2	3	4	3	2	4	3	3	1	2	3	3	2	2	4	3	3	3	4	4	3	3	3	3	4	3	4	3	4	2	4	3	2	3	5	4	4	3	2	3	4	4	3	3	3	3	3	3	3	1	3	3	3	5	4	2	4	1	3	4	3	1	4	1	3	4	1	2	5	5	4	4	0	1
10020079	4	3	5	4	2	3	3	3	4	3	2	2	5	4	4	3	3	4	3	4	4	3	3	4	3	3	3	3	3	3	4	3	1	2	4	3	4	5	3	3	4	4	4	3	3	4	3	2	3	3	4	4	4	4	4	3	4	4	3	3	5	5	5	4	4	4	4	4	3	3	4	5	2	4	3	2	3	3	3	3	4	3	2	4	2	2	2	3	3	4	4	3	4	1	4	4	3	2	4	3	3	3	4	4	3	2	3	3	5	3	5	3	4	3	3	3	4	3	0	1
10020081	4	1	2	2	3	1	2	4	2	3	2	3	2	4	3	3	2	2	3	2	4	2	2	4	1	2	3	2	2	3	3	1	3	1	1	3	3	2	2	2	3	3	2	1	2	4	1	2	2	3	2	4	4	2	3	3	3	1	1	4	4	3	3	2	3	3	4	4	3	1	1	3	2	3	3	3	2	4	4	4	3	4	1	3	2	1	4	4	4	4	3	2	4	1	3	2	4	1	3	2	3	2	3	3	3	1	3	2	3	4	3	2	3	2	3	1	4	2	0	1
10030002	5	3	1	3	4	2	5	3	3	3	3	4	4	4	2	2	3	2	3	2	3	3	3	4	2	4	4	4	3	2	2	2	4	3	5	3	4	2	4	1	2	5	3	2	1	2	1	2	2	2	2	3	3	3	4	3	3	5	4	5	4	2	2	2	3	1	4	3	3	1	2	2	2	4	4	2	3	5	4	3	3	5	2	5	2	3	3	2	3	4	3	3	5	2	4	2	2	4	4	3	4	3	3	2	5	4	3	4	4	2	5	3	5	3	3	3	3	3	0	1
10030003	4	2	1	2	5	1	5	3	1	2	1	3	3	5	3	2	1	1	3	1	5	2	5	3	3	1	5	2	3	3	4	2	3	3	1	3	5	4	4	1	3	4	1	1	1	4	1	2	3	2	2	3	3	3	4	4	4	5	1	4	3	3	3	1	3	1	3	4	5	1	4	4	3	2	4	1	4	5	3	4	3	5	1	4	1	2	3	3	1	4	3	3	5	1	4	5	2	2	5	3	1	3	3	4	5	1	3	4	4	1	4	2	5	3	4	1	4	4	0	1
10030005	3	1	2	2	2	2	4	2	1	1	2	2	2	5	1	1	1	1	1	1	2	2	2	5	2	1	5	2	3	1	3	2	5	2	1	2	5	1	2	1	3	5	1	1	1	3	1	2	1	1	2	2	1	1	5	1	3	4	1	5	4	4	2	1	3	2	3	5	3	1	1	3	1	2	5	1	3	5	4	4	1	4	2	4	1	4	1	3	4	5	3	1	5	1	4	2	1	2	5	2	4	1	1	2	5	1	1	1	1	3	2	1	5	1	3	1	4	2	0	1
10030006	3	2	2	1	3	1	3	4	2	1	3	1	3	4	4	1	1	1	1	1	5	2	3	4	2	2	5	4	1	2	5	2	4	1	1	2	4	2	3	3	2	5	2	1	1	3	1	2	2	2	1	2	2	2	3	2	5	3	1	5	2	5	2	1	2	3	4	5	5	1	3	3	1	2	5	1	3	2	4	5	2	4	2	5	2	3	3	2	5	4	2	2	5	1	2	4	2	1	5	2	5	2	2	3	4	2	1	2	2	1	3	1	5	2	4	1	3	2	0	1
10030008	4	2	4	3	5	1	4	2	3	1	3	4	2	2	2	1	1	1	3	1	3	3	3	3	1	1	4	3	2	2	2	2	4	2	5	3	3	3	3	2	3	3	2	1	3	3	3	3	1	2	2	3	3	3	4	4	3	2	3	5	4	4	3	2	3	2	3	3	3	2	1	3	3	2	5	2	3	5	2	4	1	4	2	4	3	3	2	4	5	3	2	2	4	3	2	1	2	1	4	2	5	2	2	4	4	1	1	4	1	2	3	2	4	3	3	2	4	1	0	1
10030011	5	1	1	2	4	2	4	2	1	1	3	3	3	4	2	2	2	2	2	2	1	2	2	3	2	2	5	4	3	2	2	2	3	2	4	3	5	4	2	1	2	5	2	1	1	1	1	2	2	3	1	2	3	1	5	2	3	4	3	5	3	3	3	2	1	1	2	4	4	1	1	5	2	2	4	1	1	4	2	4	2	4	2	4	2	2	5	3	4	4	3	2	4	1	3	1	2	3	5	3	4	2	2	1	5	1	2	2	1	2	3	2	4	2	2	1	5	2	0	1
10030012	5	5	1	1	1	1	5	1	2	3	2	1	3	2	5	3	1	1	3	5	5	1	2	2	2	5	3	2	3	2	2	1	1	2	4	3	4	1	4	2	2	2	4	2	1	3	1	1	5	2	1	5	2	3	2	3	2	3	2	5	5	3	2	3	4	2	3	2	2	1	2	2	3	2	3	2	4	4	3	5	1	5	2	3	1	5	2	3	1	5	2	1	5	3	4	2	1	2	4	1	4	1	4	5	3	3	2	4	4	1	3	2	5	4	2	3	4	2	0	1
10030013	1	2	1	2	3	1	1	1	1	5	1	2	4	1	4	1	4	1	1	2	3	1	1	1	3	1	3	2	1	2	2	2	3	3	4	2	5	3	2	1	4	5	4	2	2	4	1	1	4	4	1	1	4	4	4	2	2	2	2	5	4	4	4	2	2	2	2	4	2	3	3	2	2	2	2	2	3	4	2	3	5	3	3	2	2	4	3	2	3	2	2	3	5	1	1	4	1	2	1	2	4	2	3	3	4	1	1	1	1	4	4	1	4	3	2	2	4	4	0	1
10030017	5	2	1	1	2	1	2	2	4	1	3	3	5	4	3	2	1	1	4	1	5	3	2	4	3	2	4	4	2	5	4	2	2	2	4	4	5	2	4	3	2	4	2	2	2	3	3	5	3	2	2	4	4	2	4	3	4	3	2	4	4	2	3	2	4	5	3	4	4	1	4	3	3	2	2	3	2	2	2	4	3	4	4	4	1	4	4	3	4	4	3	4	4	2	2	1	5	2	3	3	5	2	2	2	4	2	2	1	3	1	5	2	3	2	3	2	4	2	0	1
10030018	3	3	1	2	4	1	4	4	2	2	3	4	4	4	3	2	2	2	2	2	1	3	4	4	2	3	4	2	3	4	4	2	3	3	5	4	4	2	3	1	4	4	3	2	1	3	1	3	2	2	2	2	4	2	4	2	4	3	2	5	5	4	3	2	4	2	3	4	3	2	1	2	2	3	4	1	2	4	4	4	3	4	3	3	3	5	3	4	2	4	5	1	3	1	4	1	1	1	5	2	2	4	2	5	4	1	3	2	3	3	4	3	4	3	4	5	4	1	0	1
10030019	5	1	1	2	5	1	4	2	1	1	3	2	3	4	5	2	1	1	2	1	2	2	2	5	1	1	4	3	3	2	3	3	4	2	5	2	4	2	3	1	3	4	1	1	1	4	1	2	1	2	2	3	2	2	4	2	3	1	2	4	2	2	2	2	3	1	2	4	4	2	1	2	2	2	4	3	2	4	5	3	2	4	1	4	2	2	2	4	4	4	3	1	4	2	2	1	1	2	4	2	4	1	2	2	4	1	1	1	1	1	3	2	4	1	3	2	4	2	0	1
10030021	3	1	2	3	3	1	4	2	1	1	3	1	3	4	3	1	2	1	1	1	5	1	2	4	1	1	4	2	2	2	3	1	4	1	2	4	5	2	3	1	1	4	2	1	1	3	1	2	3	2	1	3	3	1	3	1	3	1	1	4	3	4	2	2	3	1	4	4	3	1	2	3	2	1	4	1	1	5	4	5	2	4	3	4	2	3	1	2	3	4	3	1	3	1	2	2	1	1	4	2	4	1	2	1	3	1	1	1	3	2	3	2	4	1	2	2	3	2	0	1
10040007	5	5	5	3	1	3	2	5	5	5	4	1	5	5	1	4	3	4	5	4	5	4	3	2	5	2	1	3	2	4	1	2	3	3	3	3	5	3	3	5	3	3	4	4	3	4	5	4	3	2	2	4	4	3	3	4	1	5	4	2	3	2	3	4	5	5	3	2	1	3	5	3	4	4	4	1	5	1	4	3	4	4	4	4	2	2	5	2	2	1	5	5	3	2	3	4	5	4	2	5	3	4	4	2	2	5	4	3	4	4	4	2	3	2	2	3	2	4	0	1
10040008	4	2	2	2	2	2	3	4	2	1	2	2	2	3	4	2	2	2	2	2	4	3	2	3	3	2	4	3	3	2	2	2	4	2	4	2	4	2	3	2	2	3	2	2	2	3	2	2	2	2	1	2	2	2	4	2	2	2	2	4	3	3	2	2	3	2	3	3	2	1	2	2	2	2	5	2	4	3	5	3	2	3	2	4	1	2	2	4	4	5	2	2	3	2	2	2	1	1	4	2	5	2	3	3	4	1	2	2	2	4	2	1	4	3	2	1	4	3	0	1
10040010	3	2	2	4	3	3	5	4	3	3	3	1	2	4	2	3	3	2	3	2	3	2	4	2	2	2	3	3	3	3	3	1	4	1	2	3	4	2	2	2	1	2	2	1	1	4	1	2	2	5	1	3	4	3	3	3	3	4	3	3	4	4	5	3	3	1	3	3	5	2	2	1	3	2	3	1	1	1	4	4	4	5	5	3	3	3	2	3	3	3	3	2	4	1	4	3	2	2	5	3	3	3	5	1	2	1	4	1	4	1	4	4	2	1	3	1	4	3	0	1
10040013	3	2	1	2	3	2	3	2	2	3	3	2	2	5	2	3	2	4	1	2	4	1	1	3	1	4	4	1	2	4	3	2	4	1	4	4	5	2	4	2	2	3	1	2	1	3	1	1	4	4	3	2	3	1	3	2	2	2	1	4	3	2	2	3	2	2	2	3	3	1	1	4	3	2	3	1	1	4	3	5	3	5	1	3	2	3	3	3	4	4	2	1	3	1	2	1	2	1	2	1	5	1	2	2	3	1	2	2	2	3	3	2	3	2	4	2	3	1	0	1
10040014	3	1	3	1	3	2	3	3	2	1	2	2	2	3	2	1	1	1	2	1	3	2	2	3	1	2	3	3	2	1	4	1	4	1	1	2	3	2	3	2	2	4	2	1	1	2	1	1	2	2	1	2	2	2	2	2	2	3	3	4	2	4	2	2	3	1	2	3	3	1	2	3	2	2	4	1	2	3	2	3	1	4	1	4	1	4	2	2	4	3	4	2	3	1	1	3	1	1	4	1	3	1	2	3	4	1	1	1	2	1	3	1	3	1	1	1	3	1	0	1
10040016	5	1	1	2	3	1	4	2	2	2	3	2	2	4	4	2	2	2	2	1	5	2	2	3	1	1	5	1	3	2	2	2	4	2	4	3	5	2	4	1	1	5	2	1	1	2	1	2	2	2	1	2	3	1	2	1	4	2	2	5	1	3	2	1	2	1	3	4	2	1	1	1	2	1	4	2	1	4	4	3	2	3	2	4	2	4	1	3	4	5	1	1	5	1	1	1	2	1	4	1	3	1	2	2	4	1	2	1	3	1	3	1	3	2	2	2	4	1	0	1
10040017	4	1	1	1	2	2	4	3	2	2	4	2	2	4	3	2	2	2	3	2	4	2	2	2	2	2	4	2	2	2	4	2	2	2	4	3	4	2	4	2	2	4	2	2	2	3	2	2	2	2	2	2	2	2	3	2	4	2	2	4	2	3	2	2	2	2	4	4	4	2	2	3	2	2	4	2	2	3	4	4	2	4	2	4	2	2	2	2	2	4	2	2	4	2	2	2	2	2	4	3	4	2	2	3	4	2	2	2	2	2	3	2	4	2	2	2	4	2	0	1
10040020	4	2	1	2	3	2	3	3	2	2	4	3	2	2	2	2	2	2	3	3	3	2	3	3	2	3	3	3	3	3	3	4	3	3	5	5	5	1	4	2	4	3	3	2	2	4	2	2	2	2	3	4	2	2	3	3	3	3	2	5	4	1	3	3	4	1	3	3	2	1	1	3	2	3	2	3	1	2	4	3	3	4	2	4	2	2	4	4	3	3	3	2	5	1	3	1	2	2	2	3	3	1	2	3	3	1	3	3	3	4	5	5	3	3	3	1	4	3	0	1
10040023	4	2	1	2	2	1	3	4	2	4	2	2	2	3	2	2	2	2	2	2	3	2	2	3	2	2	2	2	2	3	3	3	2	2	2	4	4	4	3	2	2	2	2	2	2	3	2	2	2	2	2	2	2	2	3	2	3	2	2	3	3	3	3	3	3	2	2	3	3	2	2	2	2	3	2	1	2	3	3	3	3	3	2	2	2	2	2	3	2	3	2	2	3	1	2	3	2	2	2	2	3	2	2	3	3	2	3	2	3	3	3	2	2	2	2	2	3	2	0	1
10040028	4	2	3	3	3	3	3	4	2	3	3	3	2	4	2	2	2	2	3	2	3	2	3	3	2	2	2	3	3	1	3	4	1	2	4	4	5	3	3	3	4	3	2	2	2	4	1	3	2	3	4	3	3	3	4	3	4	1	4	4	4	3	2	3	3	1	2	4	3	2	1	3	3	2	4	5	2	2	3	2	3	4	3	4	3	1	1	1	2	1	3	1	3	3	2	2	2	2	3	1	4	3	2	3	4	2	2	3	1	2	3	2	4	2	3	2	4	2	0	1
10040029	3	1	1	1	4	1	5	2	3	1	2	1	1	4	3	1	2	1	2	2	1	1	3	5	1	4	5	1	2	5	3	2	2	2	1	1	5	1	4	2	1	4	1	1	1	2	1	1	1	1	1	2	2	1	3	1	3	1	1	4	3	3	1	1	2	1	5	3	5	1	1	3	2	1	5	1	1	1	5	4	1	5	2	4	1	5	2	2	5	4	1	1	4	1	1	1	1	2	5	1	5	1	2	1	5	1	1	1	1	3	1	1	5	1	2	1	5	1	0	1
10040038	3	3	1	1	3	3	3	3	3	3	3	3	3	3	3	3	3	3	3	3	3	3	3	3	3	3	3	3	3	3	3	3	3	4	4	3	3	3	3	4	4	3	3	3	3	3	3	3	3	3	3	3	3	3	3	3	3	3	3	3	3	3	3	3	3	3	3	3	3	3	3	3	3	3	3	3	3	3	3	3	3	3	3	3	3	3	3	3	3	3	4	4	5	1	3	3	3	3	2	2	4	3	4	3	4	4	5	4	4	1	4	3	3	3	3	3	3	3	0	1
10040039	5	3	1	1	2	1	4	2	3	1	3	4	2	4	2	1	3	2	3	2	4	4	2	1	3	1	4	2	3	2	1	2	4	2	2	3	5	2	5	2	4	5	4	2	2	2	1	3	2	2	2	4	2	1	5	4	4	4	2	4	4	1	1	2	4	2	3	4	4	1	2	2	2	2	5	3	4	4	4	4	2	2	3	4	2	4	2	2	2	4	4	3	4	2	3	1	2	1	3	3	4	1	3	4	5	2	2	2	2	1	3	2	3	2	4	5	4	1	0	1
10040040	4	1	2	1	3	1	4	2	1	1	3	2	1	4	3	3	2	2	2	2	1	2	2	3	1	1	3	2	4	1	3	2	4	2	2	3	4	2	4	2	2	3	2	1	1	4	1	2	2	2	2	1	2	2	3	1	2	1	2	4	3	4	2	3	3	1	3	4	3	1	1	2	2	3	4	3	1	3	3	4	2	4	2	4	1	4	1	3	3	4	4	1	4	1	2	2	1	2	4	2	4	1	3	2	4	1	3	1	2	2	3	1	4	2	2	1	4	3	0	1
10040041	5	2	2	1	2	3	5	2	2	1	3	2	1	4	1	1	1	1	1	3	5	1	3	4	1	1	5	4	1	2	4	2	2	2	2	3	3	3	2	2	2	5	1	2	2	4	2	1	1	1	1	1	2	1	3	1	2	2	3	5	3	3	1	2	2	4	4	5	1	1	2	5	3	1	5	2	3	3	5	1	1	5	2	5	1	5	5	2	1	4	3	2	5	2	1	1	1	1	1	1	5	1	1	3	5	1	2	2	1	3	1	1	5	1	2	2	5	1	0	1
10040045	4	3	2	2	1	1	3	4	4	5	2	1	5	5	2	4	4	5	4	4	5	2	1	3	5	1	2	4	2	5	4	2	2	3	2	4	5	4	3	4	1	2	5	3	2	3	3	2	5	3	2	4	3	4	2	4	5	5	5	3	2	2	5	5	3	4	3	2	2	1	5	1	3	4	5	2	3	1	2	3	5	3	3	4	2	2	5	5	1	3	4	4	1	1	2	4	3	2	2	4	2	4	4	1	2	2	5	5	5	5	5	2	3	2	5	2	2	3	0	1
10040046	4	1	2	1	4	5	4	3	3	4	2	4	3	5	2	4	5	4	4	4	4	4	2	5	3	2	3	3	3	3	3	4	4	2	4	4	4	2	4	4	5	5	4	3	4	4	4	4	5	5	5	4	3	1	4	4	4	2	4	2	3	4	4	4	4	5	2	4	2	1	2	4	4	4	5	4	4	2	2	2	4	1	5	3	4	2	5	5	1	4	5	3	2	1	1	2	4	1	3	2	1	2	4	2	2	4	4	2	4	3	4	5	3	4	4	2	1	5	0	1
10040047	3	2	2	2	2	1	3	3	1	2	2	3	2	3	3	3	2	2	2	2	3	2	2	5	1	2	4	4	2	1	4	2	3	2	2	2	4	2	4	2	3	4	2	2	2	4	1	1	2	2	2	2	2	2	4	2	4	1	2	4	4	4	2	2	4	2	2	4	2	2	2	3	2	2	4	2	2	4	4	4	2	4	2	4	2	3	2	4	3	4	2	2	4	2	4	2	1	2	5	2	4	2	2	4	4	1	1	2	2	3	2	2	4	2	2	1	4	1	0	1
10040048	3	3	3	4	4	4	3	3	3	3	2	3	3	3	2	3	3	3	3	3	3	3	3	3	3	3	5	4	2	3	3	2	3	3	3	3	5	4	3	2	3	3	4	4	2	3	4	3	4	3	3	2	3	4	3	3	3	2	4	3	3	4	4	2	4	3	3	2	3	2	2	3	3	2	4	3	4	3	3	2	4	3	2	3	4	4	3	3	2	3	2	3	3	2	2	2	3	3	3	3	3	3	3	3	3	2	2	2	2	3	3	4	2	4	4	3	2	3	0	1
10050001	4	1	1	5	3	4	5	2	2	2	2	2	2	5	2	3	3	3	2	1	2	2	2	4	1	2	4	4	2	3	3	4	4	2	3	3	4	2	4	2	2	4	2	2	2	2	1	3	2	2	3	2	3	2	2	2	3	2	3	4	2	2	2	3	3	1	4	4	4	2	2	2	2	3	4	1	2	3	3	3	2	2	2	4	2	4	3	3	4	4	4	2	4	2	3	2	2	3	4	2	3	2	2	2	3	2	3	2	2	3	3	2	4	3	3	2	4	2	0	1
10050003	3	4	2	5	1	1	4	5	5	5	2	1	4	1	2	2	1	2	4	5	5	4	3	1	5	4	2	5	5	4	5	2	1	4	2	4	2	5	2	5	5	3	2	2	5	5	2	5	4	5	1	5	5	5	5	5	5	3	5	3	5	5	5	5	5	5	1	2	5	4	5	5	2	5	2	2	5	1	1	4	4	5	5	4	3	2	1	2	4	1	3	5	3	5	4	5	5	5	3	5	5	2	5	5	5	5	2	5	5	3	5	3	2	3	4	1	4	2	0	1
10050010	2	2	1	3	4	2	3	3	2	4	3	3	4	5	2	2	3	1	3	1	2	3	2	2	2	4	2	2	3	4	3	2	3	2	3	3	3	2	2	2	2	3	2	3	2	1	5	3	3	1	3	3	2	5	2	3	4	2	3	5	3	3	4	4	3	3	4	3	3	4	4	3	3	4	3	4	4	3	3	2	5	4	1	4	5	3	2	3	5	3	3	4	3	1	1	3	5	1	3	2	2	3	3	3	3	3	4	5	3	2	3	5	5	2	3	3	3	5	0	1
10050011	4	2	1	2	1	2	2	4	4	4	2	2	3	4	3	2	1	2	2	2	2	2	4	5	1	3	4	2	1	1	3	3	3	3	1	3	4	2	3	2	3	4	1	1	4	3	1	1	3	2	2	3	3	2	4	2	2	2	3	4	3	4	2	2	3	4	2	4	3	2	1	3	2	3	3	1	3	4	4	3	2	4	1	3	2	3	3	4	4	4	3	1	4	1	2	4	2	2	5	2	4	2	2	2	4	1	2	2	2	2	3	3	4	2	3	2	4	2	0	1
10050014	3	2	2	2	3	2	3	3	2	2	2	2	2	3	3	2	2	2	2	2	2	2	2	3	2	2	3	2	2	2	3	3	2	2	2	2	3	2	2	2	3	3	2	2	2	3	2	2	2	2	2	2	3	2	3	2	2	2	2	3	2	3	2	2	2	2	3	2	2	2	2	2	2	2	3	2	2	2	3	3	2	3	2	3	2	2	3	2	3	4	3	2	3	2	2	2	3	2	4	2	4	2	2	3	4	3	2	2	2	2	3	2	3	2	2	2	3	2	0	1
10050017	2	5	5	5	1	4	5	2	4	2	3	1	2	4	5	5	3	3	3	3	3	3	3	4	3	3	3	4	3	3	2	4	4	4	5	2	3	1	3	4	4	3	1	2	1	3	3	3	4	3	3	4	3	2	3	2	3	2	2	4	3	2	3	2	3	3	3	4	2	3	2	5	3	5	4	2	3	3	5	2	2	2	2	4	3	5	5	5	1	2	3	4	3	1	1	1	3	2	4	3	3	2	1	4	3	4	2	3	3	1	3	4	3	3	5	5	2	3	0	1
10050020	3	3	3	3	4	3	2	4	4	2	3	2	3	4	3	3	3	4	4	2	3	1	3	3	3	3	2	4	2	4	2	3	2	3	4	4	3	3	4	1	2	5	3	4	4	2	5	4	3	4	3	3	3	3	4	3	3	4	3	4	3	3	3	4	3	3	4	5	5	4	4	4	3	4	3	4	3	4	4	3	4	4	3	4	3	4	5	3	2	4	4	1	4	5	4	4	4	3	3	3	2	3	4	2	5	1	3	4	4	4	5	3	3	4	2	3	3	3	0	1
10050021	3	4	2	3	3	3	3	3	3	4	4	4	4	3	5	4	4	4	4	3	3	3	3	3	3	3	3	2	3	3	3	3	3	4	3	4	3	3	4	2	3	3	2	4	4	3	3	3	4	3	3	3	3	3	3	4	3	3	4	3	3	3	3	5	4	4	3	3	4	3	3	4	4	3	4	3	3	3	3	3	3	3	3	2	2	2	2	3	3	3	3	4	4	4	4	3	4	3	3	3	4	3	5	4	4	5	3	4	4	3	3	4	4	4	4	4	4	4	0	1
10050022	4	1	2	2	2	2	3	2	2	2	2	3	2	2	2	2	2	2	2	2	3	2	2	4	1	4	3	2	2	3	3	2	3	2	2	2	4	2	3	3	2	3	2	2	2	3	1	1	2	2	2	2	2	2	2	2	2	3	2	4	2	4	3	2	2	2	3	4	2	2	1	2	1	2	3	2	2	2	1	3	2	3	1	4	2	4	4	2	2	4	2	2	3	1	2	1	1	1	4	2	4	2	3	1	4	1	1	1	2	2	3	1	3	2	2	2	4	2	0	1
10050029	5	2	1	1	3	1	5	5	2	3	2	1	3	5	2	2	2	2	2	2	5	3	1	4	1	1	5	2	1	1	5	1	3	1	1	2	4	2	4	1	1	4	2	1	1	2	1	2	2	1	1	4	2	2	3	2	3	2	2	4	2	4	3	2	1	2	4	4	3	1	2	3	2	3	3	1	3	2	4	5	3	4	2	4	2	3	2	5	4	3	2	2	4	2	2	2	1	1	3	1	4	1	2	1	3	2	3	1	3	2	4	2	3	2	4	4	4	3	0	1
10050031	4	3	2	2	1	1	4	3	3	2	2	4	3	3	3	2	3	1	2	1	4	2	5	4	2	2	3	2	1	2	3	3	3	2	4	3	4	3	4	2	3	3	2	2	2	4	1	3	2	2	2	3	2	4	3	3	4	2	2	4	3	3	2	2	2	2	4	4	4	2	2	3	2	2	3	1	2	3	4	5	4	4	2	4	2	3	2	3	4	4	2	2	4	2	3	3	3	2	4	3	4	3	2	3	4	2	2	2	2	3	5	2	3	2	2	1	4	3	0	1
10050033	4	2	2	1	4	2	4	2	2	1	2	2	2	3	4	1	1	1	1	2	1	1	2	4	2	2	4	3	2	1	2	2	3	3	5	3	4	2	4	2	2	4	2	2	2	2	1	2	2	2	2	2	2	2	2	2	3	2	2	4	2	2	2	2	2	2	2	2	2	1	1	2	2	2	4	2	2	3	3	3	2	3	2	3	2	2	4	2	2	4	2	2	4	2	2	1	2	2	3	2	4	2	3	2	3	2	2	2	2	2	2	2	3	2	3	3	4	2	0	1
10050034	3	2	2	2	3	2	3	3	2	2	2	3	2	3	3	2	2	2	2	2	2	3	3	3	2	2	3	3	3	3	3	3	3	3	3	2	3	2	3	2	3	3	2	2	2	3	2	2	2	2	3	2	3	2	3	3	3	4	2	4	2	3	2	3	3	2	3	3	2	2	2	3	2	2	3	2	2	3	3	3	2	3	2	3	2	3	2	3	3	4	2	2	4	2	2	2	2	2	3	3	3	2	3	2	3	2	2	2	3	2	3	2	3	2	2	2	3	2	0	1
10050036	3	2	2	2	4	2	3	3	2	2	2	4	2	4	3	2	2	4	2	3	3	3	2	4	2	3	4	2	2	2	2	3	3	3	2	4	4	3	3	3	3	4	3	3	3	4	2	3	3	3	5	4	4	2	4	2	4	2	4	5	4	4	2	3	4	2	3	4	3	1	2	3	2	4	5	1	1	4	2	4	3	1	3	3	2	3	2	2	2	4	5	1	4	1	1	2	2	2	5	2	4	2	4	4	4	1	4	3	4	3	4	2	4	3	4	1	4	4	0	1
10050037	4	2	2	2	3	1	2	1	1	2	2	5	3	4	2	2	2	3	2	2	2	3	3	3	2	3	3	3	2	2	3	1	3	3	3	2	4	3	2	3	2	3	3	2	2	3	2	3	2	3	1	3	2	3	3	3	3	3	2	3	3	3	3	3	3	3	3	3	2	2	2	4	2	2	3	2	3	3	3	3	3	3	2	2	4	3	2	2	2	3	2	3	2	2	2	2	2	3	3	2	2	2	3	2	3	2	3	2	3	2	2	3	3	3	3	2	3	3	0	1
10050038	3	3	5	3	1	1	2	4	2	4	4	3	5	4	1	3	4	3	3	4	5	3	5	1	5	3	2	4	3	4	4	3	2	4	1	5	4	4	2	3	4	4	5	2	3	4	4	3	5	4	3	4	4	3	4	5	2	5	3	3	3	5	5	5	4	3	4	3	1	1	3	4	4	4	5	1	4	3	1	2	5	3	3	4	3	3	4	5	1	4	3	4	1	1	2	4	3	3	3	4	3	4	5	3	2	3	3	3	5	3	4	2	3	3	4	5	3	4	0	1
10050041	2	4	5	3	1	2	3	4	2	4	4	2	3	3	3	3	4	3	3	3	4	3	2	2	3	2	1	2	3	3	4	2	2	2	4	3	3	4	3	2	2	2	2	3	2	2	2	4	3	3	4	3	3	2	3	3	4	3	3	2	4	3	3	3	3	2	2	2	2	2	3	3	2	3	3	3	3	3	2	3	3	2	4	4	2	2	2	3	3	4	3	3	2	2	3	2	3	2	4	3	2	2	3	2	3	2	3	3	4	4	3	2	3	3	3	2	3	3	0	1
10050042	4	1	2	2	2	3	3	3	3	3	3	3	3	3	3	3	3	1	3	3	3	1	2	2	1	3	3	3	3	3	3	3	4	2	5	2	3	1	4	1	3	5	1	1	1	1	1	3	1	1	1	2	4	1	3	3	3	3	3	5	1	3	1	1	2	1	4	5	5	1	1	5	1	1	5	1	1	5	1	5	2	5	3	4	1	5	1	4	1	4	4	1	4	1	1	1	2	1	4	1	5	2	2	2	4	1	2	1	2	1	3	2	5	1	3	1	5	1	0	1
10050044	4	1	1	2	3	2	4	1	1	1	2	2	1	4	3	2	2	2	2	2	5	2	2	4	1	1	4	3	2	2	3	2	3	2	4	3	4	2	3	2	3	4	2	2	1	2	1	1	2	2	2	2	2	2	3	3	4	2	2	3	3	2	2	2	3	2	3	3	3	2	1	2	2	2	4	2	2	3	4	4	2	3	1	4	1	4	4	5	3	4	3	1	4	2	1	1	1	3	3	3	3	2	1	2	3	1	2	2	3	4	2	2	4	2	2	2	3	2	0	1
10050045	2	2	1	3	3	2	3	4	3	2	2	3	4	4	4	2	3	2	2	3	4	3	2	4	2	2	3	3	2	2	5	2	3	3	2	3	4	3	3	2	2	3	4	2	2	3	1	1	3	3	2	3	3	3	3	3	4	3	3	3	3	4	3	3	4	2	3	3	3	2	2	3	2	3	4	2	2	4	5	3	3	4	1	4	2	3	2	3	3	2	3	2	3	1	3	4	2	2	2	2	3	3	3	3	3	2	2	3	3	2	3	2	4	3	4	3	3	3	0	1
10050049	4	2	2	2	3	2	5	2	1	5	2	2	1	3	3	2	2	2	3	2	1	2	3	2	1	2	5	1	3	2	2	2	4	2	5	2	5	1	4	1	2	5	1	2	1	2	1	2	2	1	1	2	1	1	4	3	4	3	2	5	3	1	1	1	5	3	3	5	3	1	1	1	2	1	5	3	2	4	5	5	1	5	2	5	1	2	4	3	4	5	1	1	5	1	2	1	1	3	2	1	5	1	2	2	5	1	2	1	1	4	4	1	5	1	3	1	4	1	0	1
10050050	3	4	2	3	3	3	3	3	3	3	3	3	3	3	3	3	3	3	3	3	3	5	3	3	3	3	3	3	3	3	3	2	2	3	4	2	4	3	3	3	4	3	3	4	4	3	3	3	3	3	3	3	3	3	3	3	3	3	3	3	2	4	3	2	3	1	2	2	2	2	3	3	4	2	4	3	3	3	3	2	3	3	3	3	3	3	3	3	4	4	3	4	4	5	1	4	3	4	2	2	4	3	3	3	4	2	4	2	2	4	3	3	3	3	4	4	3	4	0	1
10050052	4	2	2	2	3	1	4	3	2	2	2	2	2	2	3	2	2	1	2	1	2	2	2	4	3	3	3	3	2	3	4	2	4	2	4	2	4	3	3	2	3	4	3	2	1	3	1	1	2	1	1	3	2	3	4	3	3	2	2	5	2	4	4	2	5	3	4	4	5	1	2	3	2	4	4	1	2	3	4	4	2	4	1	4	2	3	2	2	4	3	2	2	5	1	2	1	2	2	4	2	4	2	2	4	4	1	1	3	2	2	4	3	3	1	2	1	3	2	0	1
10050053	4	2	2	3	4	1	3	4	3	3	2	3	4	4	4	3	5	4	4	4	3	3	4	3	3	2	3	3	2	3	3	2	4	3	2	2	4	4	3	3	2	3	3	3	2	4	3	4	4	2	3	3	3	3	3	3	3	4	2	4	2	3	3	3	4	3	3	4	3	3	2	4	2	3	3	2	3	2	3	4	3	4	3	4	3	2	3	3	3	3	3	3	3	2	3	4	3	2	3	2	3	3	3	2	3	3	3	2	3	2	3	2	3	3	2	2	3	3	0	1
10050055	3	2	2	2	1	2	3	3	4	3	3	5	3	3	4	3	2	3	2	3	4	3	3	3	2	1	4	2	1	3	3	2	4	3	1	4	3	3	2	1	2	3	2	3	2	4	1	2	3	2	2	3	4	2	5	3	2	2	2	3	4	4	3	3	4	2	2	4	2	2	2	2	3	3	3	2	2	4	5	3	2	3	2	5	2	1	1	5	2	4	2	2	3	1	3	2	2	3	1	2	2	2	3	3	3	2	3	3	3	2	4	2	3	3	4	1	4	3	0	1
10060006	2	2	2	2	3	2	4	3	4	2	2	2	2	5	3	3	3	5	4	3	4	2	4	4	2	2	3	2	3	3	4	4	3	4	4	3	5	3	4	1	3	4	4	4	1	2	3	3	2	3	3	3	3	3	2	3	4	3	3	5	3	4	4	4	2	3	5	4	5	1	2	4	2	2	5	1	3	2	3	3	3	3	4	4	2	2	2	5	3	5	3	2	4	2	4	1	3	2	3	2	2	2	2	4	3	3	3	2	3	5	2	1	4	4	4	1	3	1	0	1
10060009	5	1	1	3	3	1	5	2	1	1	2	4	2	5	4	1	3	1	1	1	5	1	1	5	1	1	5	3	5	1	1	1	5	1	5	1	4	1	5	1	1	5	1	1	1	1	1	1	1	1	1	1	3	1	4	1	4	1	2	5	1	4	2	1	2	1	4	5	4	1	1	3	1	2	5	1	1	5	4	5	1	5	1	5	1	5	1	3	5	5	1	1	5	1	1	1	1	1	5	1	5	1	4	1	5	1	1	1	1	1	1	1	5	1	1	1	5	1	0	1
10060012	5	2	1	3	1	2	4	2	3	3	5	3	3	5	2	2	4	2	4	2	3	2	2	4	1	2	3	1	1	5	5	2	2	2	1	5	4	5	2	1	4	2	5	1	2	4	1	3	3	3	2	1	3	2	4	4	3	1	1	4	5	5	4	4	4	1	2	4	2	2	3	2	3	4	2	3	3	4	4	3	4	5	4	5	3	2	1	4	3	5	1	1	2	1	4	5	2	2	2	2	2	3	4	4	4	1	1	3	4	1	4	3	2	2	5	1	2	4	0	1
10060014	3	3	3	3	2	2	3	4	5	4	3	2	4	2	4	3	4	2	3	4	5	3	2	2	4	2	2	5	2	4	2	2	3	2	3	3	3	4	2	4	4	2	5	3	4	4	4	3	3	3	3	4	4	4	5	3	3	2	3	3	4	2	4	4	4	4	2	3	3	4	5	3	4	4	2	1	4	1	5	3	3	4	3	4	4	2	5	4	3	1	3	4	2	4	4	5	5	2	3	3	4	4	4	5	3	4	2	2	4	3	4	2	2	3	3	2	2	5	0	1
10060019	3	1	1	1	2	2	5	2	2	1	4	1	1	5	4	2	1	1	1	1	5	2	1	4	1	1	5	1	2	2	4	1	4	1	5	5	5	1	5	1	2	5	1	1	1	2	1	2	2	1	1	1	1	1	3	1	4	1	1	5	2	3	1	1	1	1	5	4	4	1	1	1	3	1	1	1	2	5	5	5	1	5	2	5	1	4	2	2	4	5	1	1	4	1	2	1	1	1	5	1	5	1	2	2	5	1	1	1	1	1	3	1	4	1	2	3	5	1	0	1
10060020	3	2	1	1	5	5	1	3	3	3	3	1	1	2	1	1	1	3	3	4	3	1	1	3	5	2	2	2	2	2	2	2	1	1	2	2	2	3	4	2	2	5	2	4	2	2	2	3	1	1	1	2	1	3	3	4	4	3	2	1	5	4	4	1	2	1	5	5	3	2	2	2	2	1	5	3	2	2	3	2	5	3	4	2	2	2	2	2	2	1	4	1	2	2	5	1	1	1	3	2	1	2	3	4	2	5	3	3	3	1	3	4	3	3	3	3	3	3	0	1
10060022	3	1	3	2	1	1	4	1	1	1	3	3	1	4	3	1	2	1	1	1	4	1	2	3	1	2	4	3	1	1	3	2	4	1	5	2	4	2	4	2	2	3	1	1	1	2	1	2	1	2	1	1	1	1	4	1	3	1	3	5	2	3	2	2	3	2	4	3	4	1	1	3	1	1	3	1	1	4	5	5	2	3	2	3	1	1	5	3	4	4	3	1	3	1	1	2	1	1	5	1	4	1	2	4	5	1	1	3	2	1	2	2	4	1	3	1	4	1	0	1
10060023	4	2	2	2	2	1	3	2	4	2	2	2	3	4	2	2	2	2	3	2	4	4	1	2	2	1	3	2	3	3	2	2	3	2	4	2	4	3	3	2	2	3	2	2	2	3	1	2	2	2	2	2	2	2	4	2	2	2	2	3	2	3	2	2	2	2	3	3	2	1	2	2	2	3	3	2	2	3	3	3	2	3	2	3	1	3	2	2	3	3	2	2	2	1	3	2	4	1	4	2	3	2	2	2	3	2	2	2	2	4	3	3	3	2	3	2	3	2	0	1
10060024	5	2	1	1	1	1	5	3	1	2	2	3	3	5	1	3	4	2	5	2	3	5	1	3	2	3	5	3	3	4	1	4	3	3	5	3	3	4	5	1	4	4	4	2	3	4	2	3	5	4	3	3	2	1	5	3	3	3	4	3	2	2	1	4	5	3	4	3	3	1	1	2	4	3	5	1	4	3	2	5	2	2	3	5	1	1	2	5	1	4	3	2	3	1	1	1	5	1	5	3	1	1	3	1	3	1	4	1	2	4	5	1	3	4	3	4	4	4	0	1
10060027	4	1	2	2	3	1	4	2	1	2	2	2	2	3	3	2	2	2	2	2	1	2	2	3	1	2	3	2	2	1	2	4	3	2	2	2	3	1	3	1	3	3	2	1	2	3	1	2	3	2	2	2	2	2	3	2	4	3	2	2	4	3	3	2	1	2	3	4	4	2	1	2	2	2	3	1	2	2	5	4	2	3	2	3	2	4	4	3	3	4	3	1	4	2	2	1	1	2	2	2	3	1	2	3	3	1	2	2	2	2	3	1	3	1	2	2	5	2	0	1
10060028	4	1	1	2	3	1	4	2	3	2	3	2	1	4	3	2	2	2	1	2	4	2	2	4	1	2	4	2	3	1	2	1	3	3	5	1	5	2	4	3	3	4	3	1	1	2	1	1	2	2	1	2	3	2	4	3	4	2	2	4	1	3	3	2	1	2	4	4	4	1	3	1	2	2	4	1	3	5	4	4	2	4	2	4	2	5	1	2	4	5	3	1	4	1	2	1	3	2	5	2	5	3	3	1	4	2	2	3	2	2	2	2	4	2	3	1	4	2	0	1
10060030	2	1	1	4	2	3	3	4	5	3	2	4	5	3	1	4	3	4	2	4	4	3	3	3	2	2	4	4	1	4	3	5	4	5	2	1	3	5	2	3	4	3	4	2	4	5	1	1	5	4	5	5	5	3	4	5	1	1	5	4	4	2	5	5	4	3	2	4	1	4	3	5	2	5	2	4	3	3	2	1	5	2	1	4	4	2	2	5	1	4	5	2	2	3	4	5	5	3	1	4	1	4	5	4	1	2	5	3	5	5	5	4	2	5	5	2	3	5	0	1
10060031	2	2	3	4	2	2	3	4	3	3	3	3	4	4	2	3	4	2	3	3	4	2	2	4	3	2	2	4	2	4	3	2	3	3	2	3	4	4	3	3	3	3	3	3	3	4	2	2	3	4	4	4	4	4	4	4	2	2	3	4	4	4	4	4	4	2	3	3	2	2	4	4	2	4	2	2	3	2	3	3	4	3	3	3	2	3	3	4	3	3	3	3	3	1	4	4	2	3	4	3	3	4	3	3	3	4	2	2	4	4	4	2	3	3	4	2	3	4	0	1
10060038	5	2	1	1	2	1	5	2	1	1	1	2	2	3	3	1	1	1	1	1	4	2	2	4	1	1	5	2	2	2	3	1	5	2	1	4	5	1	3	2	3	4	1	1	1	3	1	1	1	1	2	2	2	2	4	2	4	1	1	5	2	4	2	1	2	1	4	4	1	1	2	2	1	2	4	1	1	2	3	5	2	5	1	5	2	4	1	1	5	5	2	1	5	1	2	3	1	2	5	2	5	1	1	1	4	1	1	1	3	1	3	1	4	1	4	1	4	3	0	1
10060040	4	2	3	2	3	3	5	2	2	3	2	3	2	4	2	2	3	2	2	2	5	2	4	4	2	3	5	3	2	4	3	2	4	2	4	4	5	2	4	3	3	4	3	2	2	2	2	2	2	2	2	3	3	2	4	4	4	2	2	3	3	3	4	2	4	3	4	3	2	1	2	4	2	2	4	2	3	4	5	4	2	4	1	4	1	3	3	3	3	4	4	3	3	1	3	2	2	3	3	3	2	3	3	2	3	1	3	2	3	3	4	2	3	2	3	2	4	2	0	1
10060042	4	2	3	4	3	2	3	3	3	3	3	2	4	4	2	2	2	2	2	3	4	3	3	4	2	2	4	4	3	2	4	2	3	3	4	2	3	4	2	4	4	4	2	3	3	4	2	2	2	3	2	4	4	5	4	3	2	2	3	4	5	3	4	2	4	3	3	3	3	4	2	4	3	2	3	2	3	2	4	3	3	4	3	4	3	2	2	3	3	3	3	3	4	1	5	2	2	3	3	3	3	5	3	4	4	2	2	3	3	1	5	3	3	3	2	2	4	2	0	1
10060047	4	3	1	2	2	2	2	3	2	2	2	2	4	4	4	2	3	1	1	3	5	2	2	4	2	1	4	2	2	4	4	1	4	3	2	3	4	3	4	1	2	4	2	1	3	3	1	1	2	2	3	3	4	3	3	4	1	3	3	4	4	5	2	2	3	1	3	4	4	1	3	3	2	2	4	2	3	4	4	3	4	4	1	4	1	2	1	3	4	5	2	2	4	1	2	3	2	1	4	3	4	3	3	3	3	2	1	2	3	3	4	1	4	1	3	1	4	3	0	1
10060049	4	2	1	2	3	2	4	2	3	1	3	3	3	5	4	2	3	3	3	2	3	3	2	4	2	1	4	3	2	1	3	3	4	3	4	2	5	3	4	2	3	4	2	2	2	2	1	2	2	3	2	3	3	2	2	1	3	4	2	4	3	3	3	2	3	3	4	3	3	2	1	3	2	2	4	2	2	3	2	4	2	3	3	4	2	3	2	3	3	4	3	1	4	1	2	2	2	2	4	2	3	2	2	2	4	2	1	2	3	3	2	2	4	2	3	2	4	2	0	1
10070002	3	3	2	4	2	2	3	4	3	3	3	2	3	3	3	3	3	3	3	3	3	2	3	3	3	2	4	3	2	3	4	2	3	3	3	4	3	4	3	3	4	4	4	2	3	4	3	3	3	4	3	4	4	3	4	4	2	4	4	5	3	4	4	3	3	4	3	4	3	3	3	4	4	3	3	2	4	3	3	4	4	4	4	4	2	3	2	3	2	3	2	3	3	3	3	3	2	3	4	3	3	3	4	4	4	2	3	4	3	4	3	3	4	2	2	2	2	4	0	1
10070004	4	2	2	2	3	2	3	2	2	2	2	3	4	3	3	2	2	3	2	3	4	2	3	4	2	2	3	4	2	3	3	2	3	2	5	3	3	3	4	2	3	3	2	3	2	3	2	2	3	3	3	3	2	3	4	3	2	2	3	3	3	3	3	3	3	3	4	3	3	1	2	4	2	3	4	2	3	4	2	3	3	3	2	4	2	3	1	3	2	3	2	3	3	1	2	1	2	2	2	3	3	3	3	3	3	1	2	2	3	1	4	2	4	3	2	2	3	3	0	1
10070005	2	1	1	1	1	2	4	4	1	1	2	1	3	5	2	1	1	1	4	1	5	2	3	2	1	2	4	3	2	3	3	2	5	1	2	3	5	1	5	3	3	4	1	1	2	3	1	1	1	1	4	3	3	1	5	5	2	2	3	5	2	5	4	3	3	2	5	5	5	2	1	3	4	3	5	1	1	2	3	3	3	5	1	4	2	5	1	2	1	3	4	2	5	1	1	3	2	1	4	2	1	1	5	1	3	1	1	1	4	1	4	1	4	2	2	2	5	4	0	1
10070008	4	2	2	2	2	2	3	3	2	2	2	2	4	3	4	2	2	2	3	3	2	3	2	4	2	2	4	3	2	3	3	4	3	2	2	3	4	2	3	2	3	4	2	2	2	3	2	3	2	2	2	2	4	2	3	2	3	2	2	4	3	3	3	2	2	3	4	4	4	2	3	3	2	3	4	2	3	3	4	4	3	4	3	4	2	4	2	3	3	2	2	2	4	2	2	3	2	2	4	3	3	3	3	3	4	2	3	2	4	3	4	2	4	2	3	2	3	3	0	1
10070011	3	4	3	2	3	2	2	3	2	3	4	2	2	4	1	4	3	4	4	4	3	2	3	2	2	2	3	3	3	2	2	3	3	3	4	4	4	3	3	3	4	3	3	2	3	4	2	3	3	3	2	2	4	3	3	2	2	3	2	3	4	3	4	3	3	3	2	3	2	2	2	2	3	4	3	2	4	4	2	4	3	4	4	3	3	2	2	4	2	4	3	3	2	2	4	1	4	3	2	2	4	3	3	4	4	2	4	4	4	4	3	4	3	4	2	1	4	2	0	1
10070012	5	1	1	1	1	1	1	3	2	4	4	2	2	3	3	3	1	3	2	3	5	2	2	2	4	2	2	3	2	1	5	1	5	1	5	3	4	2	4	1	3	4	1	1	1	2	1	1	1	5	5	5	4	4	4	2	2	5	1	5	3	3	4	2	3	1	3	5	4	1	1	2	2	1	4	1	1	5	5	4	2	2	3	4	1	5	1	2	5	5	4	1	5	1	2	1	1	1	4	1	5	1	1	2	5	1	1	1	1	1	3	1	4	2	2	1	1	1	0	1
10070014	4	2	1	2	3	1	2	3	1	1	3	2	4	3	3	1	3	2	2	2	3	2	2	3	1	3	3	2	1	1	1	3	3	2	1	4	4	2	3	1	4	4	4	2	1	2	1	1	2	2	2	4	3	2	3	2	3	4	2	4	2	3	2	2	3	2	3	2	2	1	1	2	2	2	3	1	1	2	3	4	3	4	3	4	2	4	4	3	2	4	3	2	3	3	1	2	1	4	3	1	3	2	2	3	3	1	2	3	3	2	4	2	3	2	3	2	4	3	0	1
10070015	2	3	3	4	4	1	5	3	3	4	3	3	4	1	2	1	2	3	3	3	4	3	3	3	3	3	3	4	2	3	3	1	3	4	2	1	3	4	3	3	5	3	3	2	3	4	2	3	2	3	2	4	4	4	5	4	2	2	3	4	4	3	4	2	3	3	3	3	4	3	3	5	2	3	2	2	4	1	3	3	3	4	4	3	2	3	3	3	3	4	2	3	3	3	2	4	2	2	4	3	3	2	3	5	4	2	3	2	2	1	4	2	2	2	2	2	4	4	0	1
10070017	2	1	1	2	1	1	4	2	1	1	1	5	5	4	3	3	1	2	1	1	4	1	1	5	1	3	1	2	3	1	4	5	2	1	1	1	5	4	2	1	5	5	1	1	1	4	1	1	2	1	1	3	4	5	5	2	2	4	2	5	1	1	2	2	5	1	1	1	3	2	1	1	1	3	4	4	2	5	4	5	2	3	4	5	1	4	2	2	1	5	1	2	5	2	2	2	1	1	5	5	5	2	3	4	5	1	1	2	1	1	4	1	4	1	3	1	5	1	0	1
10070020	4	2	3	3	3	3	3	3	1	2	2	3	4	2	3	3	2	1	2	2	3	3	3	3	2	3	3	3	3	2	3	3	3	2	3	3	4	2	3	2	5	3	3	2	1	4	1	2	3	2	3	3	3	2	3	3	4	3	3	5	3	2	5	2	3	2	3	3	2	3	1	2	2	3	3	1	3	3	2	5	3	3	2	4	2	3	4	2	3	4	2	2	2	2	2	1	1	1	3	2	3	1	3	3	3	1	2	2	3	1	4	1	3	3	4	3	4	3	0	1
10070026	4	1	3	2	3	2	3	1	1	1	2	3	1	5	1	1	2	1	3	1	4	3	1	1	1	1	5	4	2	3	1	2	1	2	3	3	4	3	4	1	1	5	3	2	2	2	1	2	3	3	3	2	1	1	3	1	3	3	3	5	2	3	1	1	3	1	3	4	3	2	1	3	2	2	5	2	1	5	2	4	1	3	4	4	2	3	2	3	5	4	3	1	5	1	2	2	1	2	5	1	5	2	2	4	5	1	1	2	1	1	1	2	5	2	3	1	5	1	0	1
10070027	3	4	1	4	1	1	3	4	4	5	1	2	5	1	3	2	3	1	2	2	5	4	4	5	5	1	1	1	1	3	2	1	3	1	2	2	4	3	4	1	5	3	1	2	3	5	3	3	1	2	2	4	5	1	4	4	1	5	3	3	5	2	4	4	4	4	2	1	3	3	4	5	2	3	4	2	5	2	4	1	4	4	5	4	1	4	4	4	4	1	4	4	4	1	2	5	4	4	4	4	4	3	4	5	2	4	1	4	5	1	4	3	3	3	4	1	4	3	0	1
10070028	4	2	2	3	3	2	4	4	4	3	4	3	5	4	2	2	2	2	4	3	2	2	3	3	4	4	4	4	3	3	3	3	4	3	1	3	4	3	3	4	3	1	3	2	2	4	2	2	3	1	1	4	3	4	4	3	4	4	4	4	5	4	3	2	3	4	2	4	4	2	5	3	3	4	2	2	5	3	2	4	3	4	3	2	3	4	4	3	4	4	5	3	4	3	4	3	2	4	4	2	3	3	4	3	4	2	1	3	1	2	5	2	2	2	5	2	3	3	0	1
10070033	5	2	1	1	3	3	4	2	2	1	3	3	2	5	1	5	4	2	2	3	3	3	2	4	1	1	5	1	3	2	2	4	2	2	4	3	5	2	5	2	2	5	3	3	2	3	1	3	1	3	1	2	4	1	3	4	3	2	2	5	4	2	1	3	3	3	3	4	1	1	2	2	2	2	4	1	2	5	1	5	1	3	2	5	1	2	1	5	2	5	3	2	3	1	3	1	1	3	1	1	5	2	4	1	1	3	3	1	1	1	1	1	5	5	1	1	2	1	0	1
10070034	3	3	1	1	3	2	4	3	4	3	3	2	3	4	2	2	1	2	2	2	2	1	2	1	2	3	2	3	3	3	4	2	4	2	2	4	4	3	2	2	3	3	2	4	3	4	4	2	3	2	3	4	5	3	4	5	3	3	3	4	3	3	3	2	3	3	4	3	4	2	2	5	2	3	3	2	2	2	4	3	3	4	5	4	2	2	2	1	2	4	4	4	5	2	2	4	3	2	4	3	4	3	3	3	2	1	2	4	5	3	5	2	4	4	3	4	3	4	0	1
10070037	4	2	1	2	4	1	4	3	3	3	3	2	3	4	3	2	3	2	2	3	3	2	3	3	2	2	3	3	2	3	2	2	4	2	3	2	4	3	4	2	2	3	2	2	2	2	1	2	3	2	2	2	3	2	4	3	2	2	3	4	3	3	3	3	3	2	3	4	3	1	2	2	2	2	3	3	3	3	4	3	3	3	3	3	3	3	3	3	3	5	3	2	4	1	2	3	3	2	5	2	4	2	2	2	4	1	2	2	2	2	2	2	4	2	2	2	4	2	0	1
10070038	5	2	3	1	2	2	5	1	1	1	2	1	2	4	2	1	1	1	2	1	3	1	1	3	1	1	5	2	2	3	3	1	5	2	2	2	5	2	4	1	1	5	1	1	1	1	1	1	1	1	1	1	3	1	3	2	5	1	1	5	3	3	1	1	2	3	4	3	3	2	1	2	1	2	5	1	3	5	2	5	2	4	1	5	1	5	5	2	4	4	3	2	5	1	3	4	1	2	4	1	2	5	1	3	5	2	1	2	2	1	1	2	5	1	1	5	4	5	0	1
10070040	3	2	4	2	2	2	4	5	1	2	3	3	4	5	3	3	2	2	3	2	4	2	2	4	1	1	3	2	3	3	3	1	3	3	3	3	4	2	4	2	3	3	2	2	2	5	1	1	2	2	1	1	4	2	3	3	3	1	3	3	4	5	2	2	3	1	3	5	3	1	2	3	2	3	4	2	1	3	3	4	3	5	2	3	2	2	2	2	3	3	4	3	3	1	3	3	3	2	3	3	4	3	3	2	3	2	2	3	3	3	5	2	4	3	3	2	3	3	0	1
10070043	5	2	2	1	2	4	2	1	1	1	1	2	1	3	2	2	1	2	1	1	2	1	4	2	1	2	4	2	1	2	2	2	3	2	5	3	4	1	5	1	3	4	2	1	1	1	1	1	1	1	1	1	1	1	3	2	3	1	2	4	2	2	1	2	2	1	4	5	2	1	1	5	1	2	4	1	2	4	5	5	2	5	1	5	1	2	5	2	1	4	2	1	4	1	2	1	1	1	5	3	5	2	1	2	4	1	1	2	1	4	3	1	4	1	1	4	4	2	0	1
10070044	3	1	3	2	5	2	4	2	3	2	3	3	4	3	3	1	1	2	3	2	4	3	4	4	2	3	4	3	3	2	3	1	4	3	1	2	4	3	4	4	2	4	1	1	3	5	1	4	2	1	1	4	4	2	3	4	3	3	3	4	2	5	2	3	4	3	4	4	4	2	1	3	4	2	4	1	1	1	3	3	3	4	3	4	2	4	3	3	4	4	2	2	4	2	2	2	3	2	4	2	3	1	3	3	3	3	3	3	3	3	3	3	3	3	3	3	3	3	0	1
10080002	3	2	2	3	3	1	5	3	2	1	1	2	3	5	4	1	1	1	2	1	5	3	2	3	2	3	5	3	2	2	3	1	5	1	5	1	4	1	2	3	4	5	1	1	1	5	2	1	1	1	1	2	3	2	5	1	4	2	2	5	2	3	3	2	4	4	4	4	5	2	1	5	3	1	5	1	3	1	3	4	2	3	2	3	1	5	5	4	2	4	2	1	2	2	1	1	2	3	5	2	5	2	1	4	5	1	1	1	2	1	3	1	5	1	3	1	5	1	0	1
10080003	2	5	1	5	1	5	2	5	5	5	5	5	5	5	1	4	5	5	5	5	5	3	3	1	5	2	1	1	5	5	5	5	3	5	1	5	5	5	1	5	5	1	5	5	5	5	5	5	5	1	5	5	4	5	5	5	3	1	1	2	2	1	3	4	5	3	1	1	1	3	5	1	4	5	1	5	5	2	1	3	5	3	3	1	5	1	2	5	1	1	3	5	3	2	5	5	4	3	1	4	1	2	5	4	4	2	5	5	5	5	5	5	1	5	5	1	2	5	0	1
10080007	3	2	2	3	3	1	3	3	3	3	3	4	3	5	3	4	2	3	2	3	4	3	2	3	3	3	3	2	3	2	3	3	3	3	1	4	3	3	2	3	3	5	3	4	3	3	3	3	3	3	3	3	3	3	3	3	3	3	3	4	3	4	3	4	3	3	4	3	3	3	3	3	3	2	3	2	3	3	3	4	3	3	3	3	3	3	3	3	3	3	3	3	3	3	3	3	3	3	3	4	3	3	2	3	3	3	3	3	3	3	3	3	3	3	3	3	3	3	0	1
10080008	5	1	2	1	4	2	5	3	1	1	3	2	1	5	2	1	2	1	2	1	4	1	2	5	1	1	5	3	3	1	2	2	4	2	3	2	5	1	5	1	3	5	2	1	1	3	1	1	2	2	1	1	3	1	4	2	5	1	2	5	1	5	1	1	2	1	5	5	4	1	1	4	2	1	5	1	1	3	3	5	1	4	1	5	1	5	2	3	4	5	1	1	5	1	2	1	1	3	4	1	5	1	2	1	5	1	1	2	1	1	1	3	5	2	2	2	5	2	0	1
10080012	3	1	1	3	2	1	4	3	1	3	3	3	3	4	3	1	3	1	2	2	5	2	3	4	1	2	3	3	1	2	4	1	3	1	3	1	5	3	5	1	5	5	3	1	2	5	1	2	3	2	1	2	4	3	5	3	4	5	1	5	4	3	3	3	4	2	5	3	5	1	2	5	2	3	4	1	2	4	1	5	2	5	1	4	2	2	1	1	4	4	1	1	5	1	3	2	1	3	5	3	4	1	3	4	5	1	2	1	4	2	4	1	4	1	3	4	3	3	0	1
10080013	4	1	1	2	2	1	3	3	1	2	2	3	2	3	3	4	1	1	2	1	2	2	2	3	1	2	2	2	1	1	3	2	2	1	2	3	3	2	3	1	2	3	1	1	1	1	1	2	3	1	1	2	3	1	3	2	2	1	1	3	3	3	2	2	2	2	3	4	4	1	1	2	2	2	3	1	1	4	3	3	2	4	2	4	1	4	1	3	3	4	2	3	4	1	2	1	4	1	4	2	2	1	2	3	3	1	2	2	3	2	3	2	3	2	2	4	3	3	0	1
10080015	2	1	2	2	4	1	4	3	2	2	4	2	4	5	2	3	5	2	3	2	3	5	4	3	3	2	2	1	2	2	3	4	3	3	4	2	5	5	3	2	2	3	4	2	2	4	1	3	3	3	3	3	3	4	5	3	3	4	2	3	5	3	3	3	4	2	3	4	3	2	4	5	3	3	3	3	3	4	2	3	4	3	5	4	2	2	2	3	3	4	2	3	4	1	2	3	2	2	1	2	4	2	5	3	4	1	2	2	2	5	4	2	4	2	4	1	2	3	0	1
10080019	3	1	1	3	1	1	3	3	3	3	5	2	4	4	1	3	5	3	1	3	5	5	5	4	2	2	3	3	4	5	5	1	3	1	2	4	4	3	4	4	2	3	5	1	2	5	1	1	2	3	2	5	5	5	4	4	2	2	1	4	5	4	3	3	4	2	4	5	3	3	4	3	4	3	2	1	1	3	2	5	5	5	3	3	3	1	5	5	2	3	5	1	4	1	5	2	3	3	5	4	5	4	5	5	5	1	4	2	5	2	4	2	1	1	1	1	1	4	0	1
10080023	2	3	2	3	5	4	3	4	5	5	4	3	5	4	1	4	4	4	5	4	5	3	4	1	3	3	1	2	1	4	5	2	3	3	4	5	4	5	3	5	5	4	5	4	3	4	4	2	4	4	1	5	4	4	5	5	5	3	3	2	4	5	4	5	4	5	1	1	1	4	5	5	5	4	3	5	5	2	1	1	1	3	5	2	5	5	4	5	1	2	3	4	2	1	5	5	4	5	2	4	2	4	5	4	2	4	5	4	3	2	4	5	2	4	3	2	1	5	0	1
10080026	4	3	3	5	3	1	2	3	3	4	3	3	5	3	2	1	3	3	5	3	4	3	3	3	3	3	3	3	3	3	3	4	3	1	4	4	4	4	1	3	4	3	2	2	2	5	3	5	4	5	3	4	3	3	3	3	3	3	3	3	5	1	5	3	4	4	2	4	1	4	2	3	4	4	2	3	4	3	3	3	5	3	3	1	4	4	5	4	4	4	3	4	2	2	4	1	3	4	3	5	5	4	4	5	4	4	3	5	5	3	5	4	2	2	5	5	5	5	0	1
10080028	4	2	3	2	3	2	4	2	4	2	2	2	3	4	3	2	3	2	3	2	4	4	2	4	2	2	4	3	3	3	2	3	2	2	2	3	4	3	4	3	3	4	2	2	2	3	2	2	3	4	2	2	3	2	4	4	4	3	2	4	3	2	3	2	3	3	4	4	2	1	2	3	2	2	4	4	2	3	4	4	2	4	2	4	2	3	3	3	3	3	4	3	5	2	2	2	4	3	5	3	4	2	2	3	4	2	2	4	3	3	4	3	4	2	3	3	4	2	0	1
10080029	3	1	1	3	2	1	3	4	3	2	2	4	3	5	1	3	4	2	1	2	5	4	2	5	1	2	3	1	2	1	5	2	4	1	4	2	4	3	3	3	4	3	3	1	2	5	1	2	3	3	2	3	4	2	5	4	3	2	2	5	3	5	2	4	2	2	5	5	5	2	5	2	2	3	3	2	1	3	3	4	4	5	2	3	2	3	4	5	4	4	2	2	4	1	5	4	3	1	5	1	5	2	2	4	5	1	2	1	3	3	5	2	4	2	4	5	4	4	0	1
10080031	4	1	1	2	1	2	3	5	3	1	3	1	1	4	3	1	3	1	2	1	5	3	4	3	1	1	3	4	2	4	4	3	2	1	3	3	5	4	2	2	3	3	2	2	2	4	2	1	1	2	3	3	2	2	4	2	3	2	2	4	3	3	2	2	4	2	3	1	3	1	1	3	3	3	4	2	1	3	3	4	4	4	1	3	2	2	2	1	2	4	2	1	4	2	2	2	2	1	5	2	5	2	3	1	4	1	1	2	3	2	3	2	4	2	2	1	3	2	0	1
10080033	3	3	1	2	5	1	3	3	5	5	1	1	3	5	2	2	4	3	5	2	4	1	4	5	1	1	3	3	1	2	1	2	2	1	1	5	5	3	4	2	3	5	3	1	1	3	3	2	4	5	1	3	4	1	2	5	5	3	2	3	3	2	3	3	1	1	5	3	3	1	1	4	2	1	5	1	2	1	5	3	3	3	1	5	2	4	1	5	5	4	5	1	3	1	1	3	3	3	5	1	5	1	2	1	5	1	3	2	2	4	3	3	5	3	3	4	2	1	0	1
10080037	3	1	1	2	3	2	3	2	2	4	3	2	3	4	3	2	1	2	3	3	4	2	3	3	1	1	2	2	4	1	3	3	3	2	2	3	4	3	2	1	2	3	1	1	3	3	1	2	5	3	2	3	3	2	4	3	2	2	2	4	3	3	3	3	4	4	2	4	2	1	2	4	2	3	3	1	3	4	3	5	3	3	1	4	3	3	1	3	4	5	3	1	4	1	3	3	2	3	4	2	4	3	3	5	3	1	1	2	3	3	3	3	3	3	3	1	3	2	0	1
10080038	3	2	2	2	1	1	4	4	3	3	2	4	5	5	1	2	5	2	1	2	5	2	2	2	1	1	5	2	2	2	2	3	5	1	2	2	5	4	4	2	3	5	5	1	4	5	1	4	2	2	2	5	4	3	4	1	4	1	1	5	4	4	2	4	2	2	1	5	1	1	1	2	1	3	5	1	1	5	3	5	1	5	4	5	2	2	1	3	3	5	3	2	1	1	2	3	2	1	5	3	5	2	3	3	5	3	2	2	3	5	5	2	5	5	3	1	4	1	0	1
10080041	5	2	1	2	3	4	4	4	3	3	1	5	3	5	3	4	2	4	5	3	5	4	3	3	1	1	4	1	3	1	1	5	5	4	4	4	5	1	5	1	5	5	1	5	2	1	1	1	4	3	3	3	4	1	5	2	5	1	1	5	2	2	1	2	5	1	3	3	3	1	2	1	4	2	2	3	4	5	5	3	2	2	1	4	3	2	1	5	2	4	2	1	5	1	2	2	1	1	3	1	3	1	4	3	4	1	1	1	1	5	2	1	5	2	4	1	4	2	0	1
10080042	3	1	2	2	4	3	4	4	2	2	3	2	3	2	4	3	2	2	4	2	5	4	2	2	1	2	3	2	2	3	4	3	4	2	2	3	5	3	2	2	3	3	4	2	3	4	1	1	4	2	3	3	4	3	4	4	4	3	2	5	3	4	4	4	4	1	4	3	3	2	1	4	2	4	5	1	2	3	2	2	4	2	2	4	2	3	1	5	3	4	5	1	5	1	1	2	1	1	2	2	2	4	2	2	5	1	1	2	4	1	4	1	2	4	3	1	4	2	0	1
10080043	4	1	2	1	2	1	4	4	1	2	2	2	3	5	2	2	3	2	1	1	5	2	2	3	1	2	4	2	1	2	5	2	4	2	1	3	5	2	3	2	2	4	1	1	2	2	1	2	2	2	2	2	3	2	4	2	3	2	1	4	4	5	1	2	2	5	2	4	3	2	1	4	2	2	2	2	1	4	4	4	2	4	2	5	1	4	1	2	2	4	2	2	4	1	4	2	1	1	4	2	3	1	2	2	4	1	1	2	3	1	5	1	4	2	2	1	3	2	0	1
10080044	4	1	3	1	2	2	4	3	3	1	2	3	3	4	2	3	2	2	3	3	3	3	2	3	1	2	4	3	2	3	2	3	4	3	3	4	5	1	2	1	3	4	2	2	2	3	1	3	3	2	2	3	2	2	4	4	4	4	2	4	3	3	3	3	4	1	3	4	3	1	1	2	2	3	4	4	2	4	3	4	2	3	3	5	1	2	2	3	2	5	3	1	3	1	2	1	2	2	3	3	2	2	2	4	3	2	4	3	2	3	3	2	4	2	2	3	3	1	0	1
10080045	4	3	1	2	1	1	5	3	3	5	2	2	3	5	1	3	3	3	3	3	4	3	4	3	3	4	2	3	3	5	3	3	3	2	1	2	5	3	3	1	2	4	2	2	1	5	2	2	3	2	1	3	2	3	5	2	2	3	2	3	5	2	3	3	4	2	3	4	2	1	3	1	3	2	2	1	3	5	2	2	3	5	1	4	1	3	5	4	1	3	4	4	2	1	2	4	4	2	3	3	3	2	3	4	3	1	1	1	2	3	5	1	3	2	3	1	1	5	0	1
10080046	4	5	5	5	1	4	2	5	5	4	5	5	5	1	2	3	5	3	5	5	5	5	5	3	5	5	1	5	2	5	5	3	1	4	1	4	3	5	2	5	4	2	4	4	5	5	5	5	5	5	4	5	5	5	5	1	4	5	5	3	5	5	4	4	4	4	3	1	3	4	5	5	5	4	4	3	5	1	2	3	5	4	5	2	4	3	3	2	4	1	5	5	1	4	5	5	5	5	4	5	5	5	4	5	1	5	5	5	5	3	5	5	3	2	4	4	1	5	0	1
10080047	3	2	3	3	4	2	3	3	2	2	3	2	4	2	2	2	2	3	3	3	4	2	4	4	2	2	3	4	2	1	4	2	4	3	4	3	2	3	2	3	3	4	1	2	3	4	1	2	2	3	2	3	3	3	4	2	3	2	3	5	5	5	3	3	2	4	3	4	4	3	2	3	2	3	4	3	2	3	4	4	3	4	2	5	1	2	1	3	3	4	3	3	5	1	3	2	2	3	4	3	4	3	3	4	3	1	2	4	4	3	4	2	4	2	3	1	4	2	0	1
10080051	2	3	2	4	1	1	3	2	3	4	4	4	4	2	2	4	3	2	5	2	5	4	4	1	2	2	2	2	3	3	1	1	3	2	2	4	3	3	3	4	5	4	2	3	4	5	3	4	3	3	2	2	5	2	5	4	3	3	3	5	5	5	4	3	5	5	1	4	4	4	3	2	4	3	4	3	4	2	2	3	2	4	4	3	2	5	4	3	5	1	2	3	4	2	4	4	2	5	4	3	5	3	4	4	3	1	2	2	3	2	5	4	4	5	4	2	4	2	0	1
10080052	2	2	2	3	2	2	2	4	2	3	2	3	3	2	3	2	4	2	2	2	3	3	3	3	2	3	3	4	2	2	3	3	3	2	2	2	2	3	3	2	4	2	3	2	3	4	2	3	2	3	2	3	4	5	5	3	5	3	4	3	3	3	4	2	4	3	4	3	3	3	3	3	2	2	3	2	4	3	3	2	3	4	3	1	2	3	2	3	3	2	3	2	3	2	3	3	2	2	3	2	3	3	2	3	3	2	2	3	2	2	3	3	2	3	3	2	4	3	0	1
10080053	3	1	1	2	3	2	4	3	2	2	3	3	4	4	2	2	2	1	3	2	5	3	4	3	2	2	3	2	3	3	2	2	3	1	2	2	4	3	3	4	3	3	1	2	2	4	2	3	2	2	3	3	4	2	5	3	4	2	2	4	3	2	4	2	4	3	4	3	2	2	3	2	3	3	4	2	4	2	2	4	2	4	4	3	2	3	2	2	4	3	3	3	4	1	2	2	2	3	4	2	4	2	3	3	4	2	2	2	3	2	4	3	4	2	2	2	3	3	0	1
10080054	5	2	2	1	4	2	5	2	1	2	3	4	4	5	1	3	4	2	3	1	5	2	1	4	2	1	4	1	3	4	3	1	4	2	5	5	4	2	4	1	5	5	2	2	1	4	1	2	3	3	5	2	4	2	5	5	3	4	2	5	4	1	2	3	4	1	1	4	2	1	1	2	1	3	5	5	4	5	1	5	2	2	1	5	2	2	1	2	3	4	5	1	4	1	4	1	1	1	2	4	3	2	2	5	2	2	2	2	5	2	5	2	4	3	3	1	5	1	0	1
10080055	5	2	1	2	4	3	4	2	3	2	2	3	3	3	1	3	4	2	3	2	4	3	2	3	1	2	4	3	2	2	3	3	3	2	2	4	4	4	3	2	4	3	2	2	2	4	1	2	3	3	2	2	4	4	4	3	3	4	2	4	4	3	3	2	4	2	4	3	3	3	2	4	4	3	3	5	2	5	2	4	2	3	3	5	2	2	1	5	2	4	4	1	3	1	4	4	2	4	2	2	2	3	2	2	4	2	2	3	2	3	4	2	3	4	3	4	3	2	0	1
10080056	4	2	2	2	4	2	4	4	2	1	2	2	2	4	2	2	1	1	2	1	4	2	1	4	2	2	4	2	3	3	2	2	4	2	4	2	4	2	2	2	2	4	1	2	2	2	1	2	2	2	2	2	2	2	4	1	4	4	2	5	2	3	2	1	2	2	4	4	4	2	1	2	1	1	2	2	2	4	4	4	2	4	4	4	2	4	2	3	4	4	3	2	4	1	4	2	3	2	5	1	5	2	2	4	5	2	1	2	2	1	4	1	4	2	2	1	4	1	0	1
10080060	5	1	1	1	5	1	4	3	2	1	1	1	1	5	4	1	1	1	2	1	3	2	2	5	1	1	4	2	3	1	5	1	4	2	4	1	5	2	4	1	1	5	1	1	1	1	1	1	2	1	1	2	2	1	4	1	4	2	1	5	2	5	1	2	2	1	3	4	4	1	1	3	1	2	5	1	1	3	4	3	1	5	1	4	1	4	5	1	5	5	4	2	5	1	2	2	2	1	5	2	5	1	3	3	5	1	1	2	2	2	3	1	4	1	3	1	5	2	0	1
10080063	4	1	1	2	3	3	3	3	3	2	3	3	2	1	2	2	2	2	3	3	2	3	3	4	1	3	3	3	2	4	3	4	3	3	5	3	4	2	3	3	2	3	2	1	1	3	1	2	3	3	3	2	2	2	4	2	3	1	2	3	2	3	2	2	3	2	4	4	3	2	1	2	3	3	3	2	1	3	3	4	3	3	2	3	2	4	2	3	3	5	3	1	3	1	2	1	2	1	3	1	4	2	3	3	3	4	3	2	3	1	3	4	3	3	3	3	3	3	0	1
10080067	5	2	1	2	1	1	4	4	2	3	2	2	5	5	1	2	4	2	2	4	3	3	2	4	4	2	3	3	2	3	4	2	4	2	1	2	5	3	2	1	3	1	4	2	1	3	1	2	3	2	2	3	5	2	5	3	3	5	3	4	4	3	3	4	3	3	4	3	3	2	3	3	2	3	3	1	2	4	3	3	2	4	3	2	3	3	1	3	3	3	2	3	3	1	3	3	3	2	3	3	3	3	3	3	3	2	2	2	5	3	5	2	3	3	3	2	3	3	0	1
10080070	3	3	4	3	2	4	5	5	4	5	5	5	4	4	3	5	5	3	4	3	2	5	4	4	4	4	5	4	4	5	5	5	5	5	5	5	5	5	5	5	5	5	5	5	5	5	5	5	5	5	5	3	3	3	3	4	4	4	4	3	3	4	2	5	3	3	2	5	5	3	4	2	2	2	3	4	5	5	3	4	4	4	4	4	5	4	4	4	5	5	3	5	4	1	1	1	5	5	5	3	1	5	5	5	5	5	5	5	5	5	2	3	1	2	1	2	4	5	0	1
10080072	5	2	1	3	3	2	4	3	1	3	3	3	2	4	3	3	3	3	3	3	4	2	4	3	2	2	4	3	3	2	4	2	2	3	1	4	4	3	2	3	3	3	3	2	1	3	1	1	3	4	2	3	2	3	3	2	4	2	2	4	3	3	2	2	1	1	4	4	4	2	2	4	2	2	3	2	1	4	3	4	3	4	2	4	2	3	2	2	3	5	3	1	3	1	2	3	1	2	5	3	2	3	3	3	5	2	2	1	2	3	3	1	3	2	2	2	4	3	0	1
10080078	5	3	1	3	2	1	3	3	3	4	3	2	5	4	1	2	5	1	2	1	5	4	4	3	1	2	4	3	1	4	2	1	5	1	5	2	5	2	5	2	5	5	2	1	2	5	1	2	2	3	1	5	3	2	5	4	3	3	3	5	5	5	3	2	4	3	5	5	3	1	2	5	4	1	3	1	1	3	2	5	3	5	2	5	1	3	2	3	4	3	1	1	1	1	2	2	2	3	5	1	5	1	4	4	4	1	1	1	4	2	5	1	4	1	1	3	2	3	0	1
10080079	4	3	1	3	1	2	2	5	5	5	3	3	5	5	5	4	4	4	3	5	4	4	3	3	3	2	3	3	2	5	5	3	3	3	5	3	5	5	3	3	2	3	5	3	1	3	1	2	4	3	4	5	5	5	4	5	2	5	3	4	4	5	5	5	5	3	2	2	3	3	4	3	3	4	4	2	4	2	2	4	3	3	4	5	2	3	2	5	2	3	3	4	3	1	3	4	3	3	4	4	2	4	4	2	3	3	2	4	5	4	4	3	4	2	4	2	3	3	0	1
10080080	4	2	1	1	4	2	4	3	2	2	2	3	2	4	1	2	3	2	3	1	2	2	3	4	1	1	4	1	3	1	3	2	3	3	4	3	5	1	5	1	2	4	3	1	1	2	1	2	3	2	3	1	2	1	4	2	3	2	2	3	3	3	2	2	2	1	3	4	3	1	1	1	2	2	4	1	1	4	2	3	2	3	2	4	2	3	1	3	3	5	2	1	4	1	5	1	1	1	2	2	3	1	2	2	3	1	3	1	3	3	3	1	3	2	2	2	3	2	0	1
10080082	5	1	1	1	3	4	3	3	1	1	2	2	1	5	1	2	2	2	2	2	4	1	1	3	1	1	4	1	2	4	2	2	3	2	2	3	5	2	5	1	1	4	2	1	1	1	1	1	2	2	2	1	3	1	3	2	5	2	1	4	1	3	1	3	1	1	4	5	3	1	1	1	1	2	4	3	2	5	2	3	2	4	1	5	1	3	1	3	2	5	2	1	3	1	2	2	1	1	2	1	3	1	1	1	3	1	1	2	2	3	2	1	4	1	2	1	3	1	0	1
10080086	5	2	4	2	2	1	5	4	1	1	5	5	3	4	4	1	4	1	2	3	5	1	5	1	2	5	5	5	1	5	5	5	4	3	2	2	5	3	4	4	4	4	1	2	1	5	1	5	2	1	1	3	4	2	3	4	4	3	1	5	3	4	2	3	2	1	5	4	1	1	1	5	2	1	3	1	5	3	1	4	5	5	1	5	2	5	5	3	3	5	5	5	3	4	4	3	5	1	5	3	2	2	3	3	4	1	2	2	2	3	5	3	4	1	3	4	5	1	0	1
10080087	4	2	2	2	2	1	3	2	2	2	2	2	2	3	3	2	1	2	2	2	3	2	3	3	2	2	3	3	2	2	3	2	3	2	3	2	3	2	3	2	2	3	2	2	1	3	1	2	2	2	2	3	2	2	3	3	2	2	2	4	3	3	2	2	2	3	3	3	3	1	2	2	2	1	2	1	2	4	2	3	1	4	1	3	2	2	1	2	2	4	2	2	3	1	4	2	2	2	3	2	3	1	2	2	4	1	2	2	2	2	2	2	3	2	2	2	3	3	0	1
10080093	3	1	1	2	4	1	3	1	1	2	3	2	3	2	2	2	2	2	2	2	4	3	4	3	2	2	3	2	2	2	3	2	2	3	1	3	4	5	3	2	2	4	4	1	2	4	1	3	3	2	1	3	4	4	4	3	3	2	2	4	4	3	3	3	2	3	3	3	3	1	3	4	2	3	3	1	1	3	3	3	3	3	3	3	2	3	2	3	3	3	3	2	4	2	3	4	3	2	4	3	4	2	3	3	4	1	2	3	3	3	3	2	4	3	2	3	3	3	0	1
10080094	4	3	4	1	3	1	3	3	3	4	2	5	4	2	5	3	3	1	4	5	3	4	4	4	1	3	3	4	3	1	4	2	2	3	1	4	1	5	5	3	5	3	4	1	4	5	1	1	4	4	1	3	4	3	4	2	1	2	4	4	4	4	4	2	4	4	5	3	5	2	4	5	2	4	3	2	2	4	5	2	5	4	3	4	2	4	2	4	5	2	2	2	3	1	5	5	1	2	5	3	5	4	3	4	4	2	2	5	5	2	4	1	4	3	3	1	1	4	0	1
10080095	5	1	1	1	1	1	5	5	5	1	1	5	5	5	5	1	1	1	1	1	5	1	1	5	1	1	5	1	1	1	5	5	5	5	1	5	5	5	5	1	5	5	1	1	1	5	1	1	5	1	1	1	5	1	5	5	3	5	5	5	5	5	5	5	5	1	5	5	1	1	5	5	1	5	5	5	1	5	5	5	5	5	1	5	1	1	1	1	5	5	5	1	5	1	5	5	1	1	5	5	5	5	5	1	5	1	1	1	5	5	1	1	5	1	5	5	5	5	0	1
10080096	5	5	5	5	5	1	5	5	1	5	1	5	5	5	5	3	2	3	5	3	5	1	5	5	5	3	3	3	3	3	3	2	4	3	2	3	5	2	5	1	2	5	2	2	2	3	1	1	3	1	1	2	2	2	3	2	3	3	3	4	2	5	2	3	3	1	3	4	2	1	2	1	1	3	5	3	1	4	5	4	2	5	1	5	1	5	2	5	2	4	2	2	4	1	2	2	1	2	2	2	3	2	2	1	4	1	4	1	2	3	3	2	4	3	3	2	4	2	0	1
10080097	4	1	1	2	1	4	3	3	3	3	3	4	5	5	1	5	5	4	3	3	2	3	2	2	1	2	3	1	2	3	3	3	1	3	1	5	5	5	4	1	3	3	5	3	3	3	1	2	3	4	3	3	4	4	5	4	3	4	2	3	5	4	3	4	3	2	4	4	3	1	3	4	2	4	3	4	2	5	2	5	3	5	2	4	1	2	1	3	1	5	2	2	3	2	4	3	1	3	2	2	2	3	4	4	3	1	3	3	3	4	4	5	4	3	2	1	3	4	0	1
10080100	3	2	2	3	4	2	3	3	2	3	2	2	3	3	3	3	3	3	3	4	4	2	1	2	1	2	3	3	3	4	5	2	3	3	1	2	4	5	3	2	3	3	3	2	1	4	2	2	3	3	3	2	3	4	4	3	4	3	3	3	4	2	4	4	4	4	2	3	4	1	4	4	3	3	5	2	3	2	5	4	3	3	2	4	1	2	3	4	2	4	4	2	4	1	4	5	1	2	3	2	3	4	3	3	3	1	3	2	5	4	4	2	3	4	4	1	2	4	0	1
10080102	3	1	1	1	2	1	5	2	3	1	3	2	3	5	4	1	4	1	2	1	3	2	2	4	1	2	4	2	1	4	3	1	4	2	2	2	5	2	3	3	2	4	5	2	1	3	1	1	2	1	1	4	1	3	4	2	5	2	1	5	2	2	1	1	5	4	4	5	3	1	5	1	1	1	5	1	3	2	4	4	2	4	2	4	2	3	1	3	4	5	3	3	4	2	3	2	5	1	5	1	3	2	1	1	3	1	2	1	2	1	3	1	4	1	1	4	4	2	0	1
10080105	2	4	1	3	3	2	1	5	2	2	2	3	3	2	2	4	5	5	3	4	3	3	4	3	3	2	4	4	4	2	4	2	4	3	5	4	4	4	4	2	3	4	3	2	3	4	2	2	4	2	1	3	2	2	4	4	4	1	3	3	4	4	5	3	4	3	3	4	3	2	5	4	3	4	4	2	3	4	2	4	4	4	4	4	3	2	2	4	3	4	5	3	3	2	2	5	3	3	2	3	2	2	2	3	4	1	3	3	3	2	4	3	3	3	3	2	2	4	0	1
10080108	5	1	1	1	2	1	3	1	3	1	2	5	1	1	4	1	1	1	1	1	3	1	1	5	1	1	5	2	2	1	1	2	1	1	2	2	5	1	5	1	1	5	1	1	1	1	1	1	1	2	2	1	1	4	5	1	4	2	4	5	2	5	1	1	1	1	5	5	5	1	1	2	1	1	5	1	1	5	2	5	5	5	5	5	4	5	1	4	3	5	3	1	5	1	2	1	1	1	5	1	5	1	2	1	5	1	1	1	2	1	4	5	5	2	2	1	5	3	0	1
10080112	4	2	1	2	2	2	4	3	2	2	2	3	3	5	3	3	3	3	2	2	3	2	2	3	1	2	5	2	2	2	3	3	4	2	1	3	5	2	4	1	3	3	3	2	2	3	1	1	3	2	2	2	3	2	3	2	4	1	2	4	3	5	2	3	2	2	3	4	3	2	2	3	3	3	3	4	2	4	3	4	2	4	1	5	2	3	2	2	3	5	2	1	3	1	2	3	2	2	3	1	3	2	2	2	3	1	2	2	3	1	4	1	3	2	2	2	3	3	0	1
10080116	2	5	1	1	1	2	4	5	5	4	4	4	5	3	1	3	4	4	5	4	5	4	4	1	5	2	5	3	4	5	4	4	4	2	1	4	4	4	4	4	4	3	4	4	3	5	3	4	3	3	4	5	4	5	5	5	5	5	4	2	3	4	5	3	5	5	1	5	2	2	4	3	5	4	4	1	5	2	4	4	4	3	5	4	2	3	4	4	2	2	5	5	2	1	1	3	5	5	2	4	1	5	4	4	5	5	5	4	4	5	5	4	4	2	3	4	1	5	0	1
10080117	2	3	2	2	2	3	4	2	2	2	3	3	3	3	2	2	5	3	3	2	5	3	3	2	5	2	3	4	3	5	3	3	5	2	3	3	4	3	3	3	4	3	4	2	2	3	2	4	3	2	3	4	3	3	4	4	3	4	4	4	4	5	3	2	4	3	3	2	5	2	4	4	4	4	3	2	4	3	2	2	4	3	4	3	2	4	2	3	2	4	2	3	3	1	3	3	4	4	5	4	4	3	4	3	3	3	2	3	3	3	3	4	3	3	4	4	3	4	0	1
10080118	4	1	2	2	2	2	4	3	3	2	3	4	2	4	3	2	2	2	2	2	4	3	2	3	2	2	4	3	2	3	3	3	4	2	4	4	4	2	3	2	3	4	2	2	2	3	2	2	2	2	2	3	2	2	3	2	3	2	2	4	3	4	3	3	3	2	3	4	3	2	2	2	3	2	3	2	2	4	3	4	3	4	2	4	2	3	4	2	4	4	3	2	4	2	3	2	4	2	3	2	4	2	2	3	5	3	2	2	3	1	4	2	3	2	5	1	4	2	0	1
10080119	2	2	1	2	1	2	3	4	5	4	3	3	5	2	2	3	5	2	4	5	5	3	2	2	3	2	4	2	3	3	3	3	2	3	5	2	3	4	3	4	3	2	5	3	2	2	3	4	3	4	3	5	5	4	4	2	2	1	1	4	4	2	3	4	4	3	4	3	2	1	5	5	2	4	2	4	3	2	5	3	4	2	3	4	2	4	3	4	3	3	3	3	2	1	4	5	5	2	2	3	3	4	4	4	4	1	2	4	5	1	5	2	2	3	2	4	2	3	0	1
10080120	4	2	2	5	4	3	3	3	4	3	4	3	4	3	2	4	3	2	4	3	4	3	3	3	2	4	2	4	3	3	3	3	2	4	5	4	4	4	3	3	4	4	3	3	2	4	2	2	3	4	3	4	3	4	4	4	3	3	3	4	5	4	3	4	4	4	3	3	2	3	2	5	2	4	3	3	2	2	1	4	3	3	2	4	3	1	1	3	3	4	3	2	3	2	3	5	3	4	5	3	4	5	4	4	4	2	2	3	4	3	4	3	4	4	4	3	3	3	0	1
10080121	3	3	2	4	1	2	3	5	5	5	2	2	5	3	1	3	4	3	5	4	5	5	5	2	5	2	2	4	2	4	5	3	2	3	1	4	3	5	2	4	5	1	5	2	5	5	4	4	5	2	5	5	5	5	5	5	1	4	4	2	4	3	5	5	4	5	3	2	1	5	3	5	3	5	1	3	5	3	2	3	5	4	5	2	5	2	3	4	3	2	4	4	2	2	4	5	3	3	2	5	2	5	5	4	2	2	3	5	5	3	5	3	1	2	4	1	1	5	0	1
10080124	5	1	1	1	1	2	4	1	2	1	3	3	2	4	2	1	1	1	2	1	4	2	4	4	1	1	5	1	1	1	2	2	1	1	2	2	3	2	2	1	3	5	2	1	2	2	1	1	1	2	3	2	3	1	4	3	2	3	2	4	4	3	3	1	4	1	4	5	3	1	2	2	1	3	5	1	1	3	2	3	2	4	1	5	1	3	1	4	1	4	3	1	5	1	3	2	1	1	5	2	5	1	3	4	5	2	1	1	2	1	2	2	4	2	3	3	3	2	0	1
10110001	3	5	2	2	3	2	3	2	3	2	2	3	2	2	3	2	2	2	2	2	4	2	4	4	2	2	3	4	3	2	3	4	3	3	2	3	2	2	4	3	3	4	2	2	2	4	3	3	2	2	1	4	2	2	2	2	2	3	2	4	4	3	2	2	2	4	4	4	4	2	2	4	2	2	4	3	2	3	4	3	2	2	2	3	2	2	5	2	2	3	4	3	3	2	2	2	3	3	4	2	2	2	4	3	4	2	2	2	2	2	2	2	4	2	3	4	4	2	0	1
10110002	4	2	2	2	2	2	3	2	2	2	2	2	3	4	3	2	2	2	2	2	3	2	2	3	2	2	3	2	2	2	2	2	4	2	2	2	4	2	3	2	2	3	2	2	2	3	2	2	2	2	2	3	3	2	3	2	3	2	2	4	2	4	2	2	3	1	3	4	4	2	1	2	2	2	3	1	2	4	4	3	2	4	2	3	2	3	1	2	4	5	2	2	3	1	1	2	2	2	4	2	4	1	2	2	3	1	2	2	2	2	3	2	3	2	2	1	4	2	0	1
10110003	4	1	3	2	3	1	1	5	1	2	2	3	3	2	3	2	2	1	3	3	4	2	2	4	2	2	2	3	2	2	3	2	3	2	1	2	3	3	2	2	2	4	2	2	1	2	1	2	2	3	2	2	3	2	3	2	1	2	2	4	5	2	3	1	2	2	3	3	4	2	2	3	2	2	4	2	2	4	5	2	2	4	2	3	2	4	2	3	4	5	2	2	3	1	4	3	1	2	4	2	4	2	2	4	2	1	1	2	3	1	4	2	3	2	2	1	3	3	0	1
10110004	5	1	1	1	3	1	5	5	1	1	1	1	3	3	2	2	3	1	1	1	5	1	1	5	1	1	5	1	5	3	3	3	5	1	3	5	5	1	5	1	3	5	3	1	1	3	1	1	1	1	1	5	1	1	3	5	5	1	5	5	1	5	5	2	5	1	5	5	5	1	1	3	1	2	4	1	1	5	5	5	2	5	3	5	1	3	3	5	3	5	1	1	5	1	1	1	1	2	1	3	5	1	2	1	5	1	2	1	3	2	3	1	5	1	5	5	5	2	0	1
10110006	3	3	3	3	2	4	3	3	4	3	3	3	3	4	4	2	3	3	3	3	3	3	3	3	3	3	3	3	2	3	3	4	3	3	3	3	3	3	4	3	4	3	4	3	2	3	2	2	3	4	4	3	4	3	3	3	3	3	3	4	3	2	3	3	5	3	2	2	2	2	2	3	3	3	4	3	3	3	3	3	3	4	4	4	2	3	2	4	2	2	3	4	3	2	2	3	2	4	3	4	2	2	4	4	4	2	4	4	4	3	3	2	3	3	3	2	2	2	0	1
10110007	3	2	2	2	2	1	2	5	2	2	3	2	3	3	2	2	2	1	2	2	3	2	2	3	2	2	3	3	3	3	3	2	3	2	2	2	3	3	2	3	3	3	2	1	2	3	1	2	2	3	2	2	3	3	3	2	3	2	2	4	3	4	4	2	3	3	3	3	3	2	2	3	2	2	3	1	2	2	3	2	3	5	2	3	2	3	2	3	3	3	2	3	4	2	2	4	2	3	5	2	3	2	2	3	3	2	2	2	2	2	4	2	3	2	2	2	3	3	0	1
10110008	4	2	2	4	3	1	3	2	1	2	2	3	4	3	3	2	3	2	3	2	4	2	4	3	2	2	2	3	3	3	2	2	2	3	2	3	2	3	4	1	4	2	3	2	2	3	1	2	2	2	2	2	3	2	3	3	2	5	3	4	4	4	4	3	3	2	4	4	4	2	2	4	3	2	4	2	4	3	5	3	4	3	2	2	2	3	1	3	3	4	2	2	4	1	3	3	2	3	5	4	3	2	3	3	2	1	3	4	5	2	4	3	4	2	4	2	3	3	0	1
10110009	5	1	1	3	4	1	3	3	2	3	2	1	3	5	5	1	1	1	1	1	3	3	2	3	2	2	5	4	3	3	1	2	4	1	5	2	4	1	3	1	1	4	1	1	1	4	1	3	3	2	2	2	4	2	4	3	3	1	2	4	1	3	2	1	2	1	4	4	5	3	1	2	2	2	4	1	2	3	3	3	3	5	4	4	2	3	4	4	1	4	2	1	4	1	3	1	3	2	5	2	4	1	3	1	5	1	1	1	1	1	2	1	4	2	4	1	4	1	0	1
10110010	4	1	2	2	4	2	3	3	3	4	1	2	2	4	2	2	2	3	2	2	2	2	2	4	1	2	4	2	2	1	3	2	4	2	3	3	4	2	4	2	3	4	2	2	2	2	2	2	2	2	2	1	2	1	4	2	2	4	2	4	2	4	2	2	3	2	3	4	3	3	1	3	1	2	3	1	2	4	3	4	2	4	2	4	1	3	3	3	3	3	1	4	3	2	4	2	1	1	3	1	2	2	2	2	4	1	2	2	2	4	3	1	3	1	1	2	3	1	0	1
10110013	5	1	1	1	4	1	1	4	1	1	1	1	3	5	2	2	3	1	1	3	5	3	1	4	2	1	4	2	3	2	3	1	5	1	1	4	5	2	5	3	3	4	3	1	1	1	1	1	3	1	1	1	1	1	3	1	1	2	1	5	1	2	2	1	1	1	5	3	3	1	1	2	1	1	5	1	1	2	5	5	1	3	4	5	1	1	4	3	4	4	3	1	4	1	5	2	1	4	5	1	4	1	1	2	5	1	1	1	1	4	1	1	5	1	1	3	5	1	0	1
10110016	4	2	4	2	4	2	4	3	2	2	3	4	2	4	3	2	2	2	2	2	4	2	3	3	2	2	3	2	2	2	3	2	3	3	3	3	4	2	3	2	2	3	2	2	2	2	1	2	3	3	2	3	2	2	4	3	2	2	3	4	2	4	4	3	4	2	3	4	3	1	2	3	2	3	3	3	2	4	4	2	3	4	2	3	4	3	2	2	3	5	2	2	4	1	2	3	2	2	4	2	3	2	4	2	3	1	2	2	2	3	5	1	2	2	4	1	4	2	0	1
10110018	3	2	3	3	3	1	2	2	2	1	1	2	3	3	3	2	2	1	2	1	4	3	3	4	2	2	2	5	2	1	3	1	3	2	2	2	3	2	2	2	2	4	2	1	2	3	2	3	2	2	1	3	3	1	1	1	1	3	2	4	3	4	2	2	3	3	3	3	4	1	3	4	2	2	3	1	3	2	3	3	3	4	3	3	3	4	3	2	2	1	3	3	3	1	1	2	3	1	4	2	2	1	3	3	3	1	1	1	3	1	4	1	3	1	3	3	3	2	0	1
10110022	4	2	3	3	2	3	3	4	4	3	3	4	4	2	2	4	4	4	4	4	3	4	4	3	3	2	3	3	3	4	4	2	3	3	1	4	4	4	2	2	4	3	4	3	4	5	2	3	3	4	4	4	4	3	5	4	4	2	4	4	3	3	4	4	4	3	2	4	2	3	4	5	3	4	4	2	4	3	2	4	4	5	3	4	3	2	2	4	2	2	4	3	3	2	2	2	4	3	3	3	2	3	3	4	3	2	4	4	4	4	4	3	4	3	4	1	2	4	0	1
10110024	4	2	3	2	2	1	2	4	1	4	2	1	2	4	3	1	1	1	2	3	5	2	1	4	2	2	3	4	2	1	4	1	4	3	1	3	4	4	3	3	4	4	2	1	1	2	1	2	1	1	1	2	4	2	4	2	2	2	4	5	5	5	5	2	5	4	4	4	2	1	3	5	2	3	3	1	2	4	4	4	4	4	2	3	1	4	2	2	4	5	3	1	5	1	5	5	2	1	5	5	5	4	3	5	4	1	1	2	3	1	4	1	3	1	1	4	3	4	0	1
10110025	3	1	1	3	3	1	2	4	1	4	2	1	3	2	2	2	2	2	2	3	5	2	4	2	1	2	2	3	1	1	4	1	4	3	1	2	3	5	1	4	4	3	2	2	1	4	1	1	2	4	2	3	4	3	5	4	2	4	3	3	5	5	3	4	3	3	3	5	2	2	2	5	2	5	2	2	1	2	3	3	3	3	2	3	1	2	3	3	3	3	2	1	3	2	3	3	3	3	3	3	3	2	4	5	2	1	2	2	5	2	4	1	3	2	4	3	3	3	0	1
10110028	4	3	2	3	3	2	2	3	2	3	2	3	3	3	3	2	2	2	2	2	4	2	4	3	3	2	4	3	2	3	3	3	3	2	2	3	4	2	3	2	3	3	2	2	2	4	2	2	3	3	3	3	3	3	3	3	4	3	2	4	3	3	2	2	3	2	4	4	3	3	2	2	2	3	4	2	2	4	3	4	4	4	2	4	2	4	4	4	3	4	3	2	2	2	3	3	2	3	4	3	3	3	2	4	4	3	3	2	3	3	4	2	4	3	3	3	4	4	0	1
10110031	3	3	5	3	1	1	1	5	1	5	3	3	5	5	2	3	4	5	5	5	5	5	5	5	5	2	1	1	1	2	2	2	3	5	1	5	4	5	1	5	5	2	4	1	2	5	1	3	4	4	1	5	5	5	4	5	4	5	5	3	5	5	5	5	5	5	4	2	5	5	4	3	4	3	5	1	4	1	1	3	5	5	4	4	2	2	5	3	2	1	5	5	5	5	5	5	4	4	3	5	3	5	5	5	4	4	3	5	5	4	5	2	4	3	2	3	5	5	0	1
10110032	5	1	1	1	4	2	3	3	1	3	4	3	2	4	3	3	3	3	3	3	2	3	2	3	2	1	4	2	2	2	4	3	3	2	1	3	5	2	3	1	3	4	3	2	2	2	1	1	2	2	3	2	3	3	5	2	3	3	2	5	3	2	3	2	2	1	3	4	5	1	1	3	1	2	4	3	1	5	4	5	2	4	2	4	2	5	1	1	5	5	1	1	5	1	3	3	1	1	5	1	5	1	2	2	5	1	1	2	3	1	3	1	4	1	2	1	4	2	0	1
10120001	4	3	1	3	2	1	4	2	5	1	4	2	4	1	1	1	2	1	5	1	4	4	2	4	4	2	4	3	2	4	4	2	4	3	5	2	5	2	4	2	2	4	2	2	2	2	1	2	2	2	2	3	3	2	4	4	4	3	2	5	3	3	3	2	3	2	3	3	3	2	2	2	2	3	5	1	3	3	3	4	2	4	3	4	2	4	5	3	4	4	3	4	5	2	3	1	4	2	4	3	4	2	2	4	4	4	2	2	3	2	4	2	4	2	3	1	4	3	0	1
10120003	5	2	1	1	3	1	4	3	1	2	3	2	2	1	3	2	3	1	2	2	4	2	2	5	2	1	5	4	1	2	2	2	4	2	5	5	5	2	4	2	3	5	1	1	1	4	1	2	1	2	2	3	3	2	3	3	3	2	2	5	2	2	3	2	3	4	5	4	5	2	2	4	2	1	4	1	1	2	4	4	3	5	2	5	2	3	1	1	5	4	2	2	4	1	2	2	2	3	4	2	4	2	2	2	4	1	2	2	2	2	2	3	3	3	2	3	4	2	0	1
10120005	3	2	5	2	4	2	5	1	1	1	5	4	2	4	4	1	2	1	1	2	5	3	1	5	1	1	4	2	4	2	4	1	4	1	4	2	4	2	4	2	2	4	2	1	2	3	2	3	4	1	1	3	4	2	2	3	4	1	2	4	2	4	2	2	4	2	4	4	5	2	1	4	3	2	4	2	3	4	5	4	1	4	4	4	2	5	1	2	5	4	2	2	5	1	1	2	2	1	4	2	4	2	4	4	4	2	1	2	2	1	2	2	4	2	2	2	4	2	0	1
10120006	2	2	1	4	4	2	4	5	2	2	3	3	2	5	2	2	2	2	2	2	4	3	2	4	3	2	4	2	2	2	4	2	3	2	1	2	4	2	4	3	2	4	2	1	2	2	1	4	3	2	2	3	4	2	4	2	4	2	2	4	3	3	3	4	4	2	4	4	3	2	2	4	2	3	5	1	2	4	2	4	3	4	3	4	2	4	1	3	4	4	2	3	4	2	1	2	4	2	3	3	4	2	3	4	2	1	2	2	3	1	4	2	4	2	2	2	4	3	0	1
10120008	3	3	2	4	2	3	4	4	3	2	2	3	3	3	3	4	4	2	4	4	2	3	3	3	2	2	4	2	4	3	3	4	2	2	4	3	4	4	3	3	4	3	3	3	2	4	3	3	3	4	4	3	4	3	3	3	4	3	2	4	3	4	3	4	4	2	3	4	2	3	2	3	3	3	2	2	2	3	4	3	3	4	4	2	2	3	4	4	3	4	5	3	3	2	2	2	2	3	2	3	2	2	3	4	3	3	3	3	3	4	3	3	3	2	4	2	4	2	0	1
10120009	4	1	2	2	4	1	3	2	3	1	2	3	3	2	4	2	2	1	2	1	4	2	1	4	1	1	4	2	2	1	2	2	3	2	2	1	4	2	2	1	3	4	2	1	2	3	1	1	2	2	2	2	3	4	4	3	2	2	2	4	2	3	2	2	2	1	3	4	3	1	2	5	2	2	4	2	2	3	5	3	2	4	2	4	1	3	1	3	4	4	2	2	4	1	3	2	1	2	3	2	4	3	2	3	2	1	1	3	3	1	4	2	4	2	3	1	4	2	0	1
10120012	4	1	1	4	4	1	4	5	1	2	2	1	2	1	4	1	2	1	1	2	3	1	2	4	1	3	4	3	1	1	5	2	4	2	1	1	5	1	3	2	3	4	2	1	1	4	1	1	1	2	2	2	3	3	5	3	1	2	1	5	4	4	2	2	2	2	5	5	5	1	1	5	1	2	4	1	2	1	2	5	3	5	2	4	2	5	2	3	5	4	1	2	3	2	5	5	1	2	4	3	5	4	2	4	4	1	1	1	3	1	3	1	4	1	2	2	5	1	0	1
10120013	2	5	2	3	3	3	4	4	4	4	5	5	4	4	2	1	3	2	3	1	4	3	4	4	5	2	2	3	4	5	3	3	3	2	5	2	4	2	2	3	4	3	2	4	3	4	3	3	3	2	4	4	2	3	4	4	2	4	3	4	3	3	4	3	4	3	4	2	3	3	4	4	4	3	3	3	4	3	2	4	4	3	3	3	3	2	3	3	4	3	4	4	4	3	2	1	3	2	4	4	4	3	4	2	4	4	3	3	3	2	4	2	3	2	3	4	3	3	0	1
10120015	3	2	2	4	2	2	2	2	3	3	3	3	4	3	2	3	4	4	3	4	4	3	3	3	4	2	2	3	4	4	3	4	3	4	3	3	3	4	2	3	4	3	3	3	3	4	2	4	4	4	3	4	4	3	4	4	3	4	3	3	4	3	4	4	4	4	3	3	2	2	3	4	3	3	3	3	4	4	3	3	4	4	4	3	3	2	3	4	3	3	3	3	3	2	2	3	2	4	3	3	3	3	4	4	3	2	3	4	4	2	4	2	3	3	3	2	3	3	0	1
10120019	2	3	1	4	2	1	3	4	2	3	3	1	3	3	2	2	3	1	3	1	5	2	3	4	3	2	4	4	2	3	3	2	3	2	3	2	3	3	3	3	4	2	4	2	3	4	3	3	3	2	2	4	4	2	4	3	2	2	2	5	3	3	4	3	3	4	3	4	4	2	3	5	3	2	4	1	5	3	4	3	3	4	3	3	2	3	2	2	5	3	2	4	5	2	2	3	2	2	3	3	4	2	3	4	3	2	1	2	3	1	3	2	3	2	2	2	4	4	0	1
10120020	4	5	3	3	1	3	5	5	3	2	3	2	3	4	3	3	3	3	4	3	4	4	4	3	5	3	4	2	3	5	5	3	5	5	4	4	5	4	4	4	5	4	3	3	4	5	3	5	3	4	3	4	4	4	5	5	3	4	4	4	5	4	4	4	5	5	4	4	1	1	4	3	4	5	5	2	5	2	5	4	5	5	5	5	2	2	4	4	2	3	2	4	4	2	3	3	4	4	3	3	2	3	5	5	4	3	4	5	5	3	5	5	5	3	4	2	3	5	0	1
10120021	5	1	3	2	3	1	5	2	1	2	2	2	2	5	4	2	2	2	2	2	4	2	3	4	2	2	5	4	2	1	4	1	4	2	2	2	5	2	3	1	2	4	1	2	2	2	2	1	3	2	1	1	2	2	4	2	3	1	3	4	3	4	2	3	2	2	4	4	2	2	2	2	2	2	5	1	2	3	5	4	3	4	2	4	2	3	5	3	3	4	2	2	4	2	2	3	2	2	4	2	4	2	2	4	5	1	1	2	3	1	4	2	4	2	2	2	4	2	0	1
10120022	3	1	2	3	4	1	3	3	1	2	2	1	5	4	4	1	1	2	2	1	5	2	2	2	1	1	3	4	1	2	4	2	1	1	3	3	3	2	1	1	3	4	1	1	1	3	1	1	3	2	3	2	5	3	4	2	2	2	2	4	5	4	3	3	3	2	3	4	2	1	1	4	1	2	4	4	1	3	5	4	2	5	1	3	1	3	1	3	3	4	2	1	4	1	3	2	1	2	4	3	3	3	2	4	4	1	4	2	5	2	5	1	4	3	2	2	4	2	0	1
10120023	3	3	4	3	1	3	3	4	3	3	4	3	3	4	1	2	3	3	5	3	2	4	4	1	5	3	3	1	3	4	4	3	3	4	2	3	4	3	3	3	4	3	3	3	3	3	3	3	3	3	3	4	3	3	3	3	3	2	3	4	3	3	3	4	4	3	3	3	3	2	4	4	3	3	4	2	4	3	1	3	4	3	3	3	3	2	3	4	3	2	4	5	4	2	4	3	3	4	3	4	3	4	5	4	3	3	2	3	3	3	4	3	3	4	3	3	3	4	0	1
10120024	2	5	3	5	1	5	5	5	5	5	5	2	5	5	2	5	5	5	5	5	5	5	2	2	5	5	1	4	2	5	4	5	1	5	3	5	4	4	1	5	3	1	5	5	5	5	5	5	5	5	5	5	4	5	4	5	3	4	3	1	5	4	5	5	5	5	3	2	1	4	5	3	3	5	3	1	5	2	4	1	5	1	5	2	5	1	5	5	1	2	2	5	1	4	4	5	5	4	1	5	1	5	5	5	2	5	5	4	5	5	5	3	1	5	5	1	1	1	0	1
10120025	3	2	2	2	1	1	4	3	2	2	2	3	2	3	3	2	2	1	1	4	5	3	2	4	2	2	4	2	2	5	3	2	4	2	2	2	4	2	4	2	2	3	3	2	2	3	1	1	3	2	1	2	3	2	4	4	4	3	1	4	4	4	3	3	2	2	4	4	3	1	3	3	3	3	3	2	1	4	3	5	2	4	4	5	2	3	2	3	3	4	2	2	4	2	3	3	2	1	4	2	4	1	3	4	3	1	1	2	3	2	3	1	4	2	4	2	3	3	0	1
10120026	3	2	2	2	2	2	4	4	2	2	3	2	2	4	3	2	2	1	3	1	5	3	3	2	2	1	3	3	1	2	5	2	5	2	4	5	5	2	5	3	4	5	3	2	2	4	2	2	2	1	2	2	4	2	4	3	4	2	1	5	3	5	2	2	3	1	3	5	5	1	3	5	2	2	5	2	2	3	4	5	2	5	3	5	2	4	1	3	5	4	3	2	5	1	1	1	2	2	4	3	5	3	2	3	4	1	1	3	4	1	2	1	5	2	2	4	5	2	0	1
10120027	3	3	2	2	2	3	3	3	2	3	3	3	2	4	2	3	4	2	4	2	4	3	3	3	3	3	3	4	3	4	3	3	3	2	5	2	4	3	3	2	3	2	3	2	4	3	4	4	3	3	4	3	4	2	3	2	2	3	4	3	3	2	3	2	4	4	3	3	3	4	2	4	3	2	2	2	3	2	2	3	4	4	3	3	2	2	3	2	4	4	3	2	3	3	3	2	3	4	3	3	2	3	3	4	4	3	3	2	4	4	4	3	4	3	4	1	3	4	0	1
10120028	3	1	1	1	2	2	5	3	3	2	2	1	2	5	2	2	3	4	5	2	5	3	2	3	2	2	4	2	3	4	4	3	4	3	4	4	5	2	5	2	1	4	3	3	2	3	1	1	3	4	4	2	3	2	2	3	2	1	2	4	2	4	2	3	3	2	3	4	2	1	1	1	1	3	4	4	2	2	3	4	2	3	2	5	1	4	4	3	3	4	2	1	3	2	1	1	3	2	2	3	3	1	3	1	4	2	3	2	3	2	3	2	4	3	3	1	3	1	0	1
10120030	4	1	1	2	5	1	4	3	1	2	2	2	4	1	2	3	1	1	1	2	5	2	3	4	1	2	4	3	2	2	4	1	4	3	3	3	4	2	2	1	5	4	1	1	1	3	1	2	2	3	2	3	5	2	4	2	2	1	1	4	4	3	3	3	3	2	3	5	3	1	1	4	1	4	4	1	2	2	2	4	4	3	1	5	2	3	2	4	3	4	3	3	4	1	2	1	2	3	4	2	5	3	3	5	3	1	1	2	4	2	5	1	4	3	4	2	5	3	0	1
10130001	3	5	1	4	3	2	4	5	5	4	5	1	5	3	2	3	5	2	3	4	5	3	4	2	5	3	4	5	4	5	3	3	4	3	5	3	3	4	2	5	4	3	4	3	4	5	5	4	3	3	3	5	5	4	4	4	2	5	3	3	4	3	5	4	5	5	2	5	2	3	3	5	4	4	2	1	5	1	1	4	3	4	5	4	4	2	1	1	4	2	4	5	3	3	2	1	4	4	3	5	4	4	5	2	3	4	1	2	4	3	5	4	3	4	4	1	3	4	0	1
10130003	4	3	2	2	4	2	4	2	2	2	4	3	2	4	2	2	2	2	4	2	4	2	4	2	4	2	4	2	3	2	2	4	2	2	4	3	3	2	4	3	3	4	2	2	2	2	1	4	1	2	2	3	2	1	2	2	5	5	3	3	2	4	2	4	4	4	2	3	1	2	1	3	2	2	2	4	3	3	4	3	4	3	4	5	2	4	4	3	4	2	4	4	4	4	2	3	3	2	3	2	2	2	4	1	3	3	1	1	2	2	2	3	2	3	2	2	2	2	0	1
10130004	5	1	3	1	3	2	4	2	2	4	2	2	3	2	2	3	4	2	2	3	3	2	3	3	3	3	4	2	3	5	4	4	2	4	3	2	5	2	3	2	1	4	3	2	1	3	2	3	3	2	4	3	2	2	2	2	3	4	1	3	3	2	2	2	2	3	5	3	3	1	3	4	3	2	4	1	2	3	4	4	2	3	2	4	2	2	3	4	2	3	4	3	2	3	3	4	3	2	4	2	3	4	3	2	2	1	2	2	4	4	4	3	2	3	2	3	3	2	0	1
10130005	5	1	1	1	1	1	5	4	4	2	2	1	2	5	3	3	5	4	1	2	5	1	1	5	3	1	5	1	3	4	2	2	5	2	2	4	5	2	4	3	2	4	5	1	2	4	1	1	2	1	1	1	3	2	2	3	2	3	2	4	4	3	1	1	4	1	5	5	4	1	2	3	3	1	5	2	3	5	3	5	2	5	5	5	1	5	1	3	3	4	5	2	5	1	2	2	3	2	5	1	5	1	2	2	5	1	5	2	3	4	2	2	4	2	3	1	4	3	0	1
10130006	4	2	3	5	4	1	2	3	3	2	2	1	4	2	2	2	2	2	2	2	4	2	2	4	2	2	4	4	2	2	3	2	3	2	2	2	3	4	3	5	5	4	2	1	2	4	2	3	2	4	1	2	2	2	5	3	4	4	2	4	3	4	3	2	3	4	4	4	2	2	4	4	2	2	4	2	2	1	4	4	2	5	4	4	2	3	2	2	3	1	2	2	4	1	3	3	2	2	4	4	3	2	3	5	4	1	1	3	4	1	5	2	4	2	2	1	4	4	0	1
10130007	3	2	2	2	4	1	4	3	1	2	2	2	3	5	2	2	1	2	2	2	4	2	1	2	1	1	4	1	1	2	2	2	4	2	4	3	5	3	2	1	2	4	2	1	2	3	1	1	2	2	2	2	3	2	3	3	2	4	2	5	3	3	2	3	3	1	3	4	3	2	2	2	2	2	3	2	2	4	4	4	2	4	2	5	1	3	1	2	2	4	1	2	4	1	4	2	1	2	3	2	4	2	3	3	4	2	1	2	3	3	3	2	4	2	2	2	4	2	0	1
10130009	3	2	3	3	4	1	4	3	2	1	3	1	3	4	1	2	2	2	2	2	4	2	3	2	2	1	4	4	3	3	3	3	4	3	5	2	3	2	3	2	4	3	1	2	3	3	1	2	4	3	2	2	3	2	4	3	2	2	4	4	3	3	3	3	3	2	4	5	3	2	1	4	3	2	3	1	3	3	4	3	2	4	3	4	3	4	2	1	4	4	3	2	4	1	2	1	2	3	4	2	5	2	2	3	3	1	1	2	3	2	2	2	3	2	3	1	4	2	0	1
10130012	3	3	3	3	3	3	2	4	4	4	3	3	5	3	2	4	3	3	4	3	3	3	3	3	3	3	3	3	3	3	3	2	3	3	5	3	3	3	3	3	3	3	3	3	3	4	4	5	3	3	3	5	4	4	4	4	1	3	3	2	5	3	3	3	3	3	3	3	2	4	4	3	3	4	3	3	4	2	2	2	5	3	3	3	3	3	3	3	3	2	4	4	2	3	4	4	4	4	3	4	3	4	5	5	2	4	4	4	4	3	5	4	2	3	3	3	3	3	0	1
10130013	5	1	1	2	1	2	3	4	3	2	4	3	3	4	1	3	2	3	4	2	2	1	3	1	1	1	5	3	2	4	3	1	4	1	3	2	5	5	4	1	3	2	2	2	2	4	1	2	3	3	1	2	3	2	2	4	3	2	1	5	1	5	2	5	3	1	3	4	2	1	3	3	4	2	4	2	3	4	2	4	3	4	2	5	3	2	2	4	4	5	2	1	5	1	5	2	2	1	5	2	5	2	1	2	5	1	1	4	3	3	3	2	4	2	4	1	4	2	0	1
10130014	3	3	2	2	2	2	3	3	3	3	3	2	3	3	3	2	2	3	2	3	2	2	3	2	3	2	3	3	2	3	3	2	3	2	4	3	3	3	2	3	3	3	3	2	3	3	2	2	3	2	2	2	3	2	3	3	2	3	2	3	3	3	3	3	3	2	3	3	3	2	2	3	2	3	3	2	3	2	3	3	3	3	2	3	3	2	2	3	3	3	3	2	2	2	2	2	2	3	3	2	3	2	3	3	3	2	3	3	3	2	3	3	3	3	3	2	3	3	0	1
10130015	4	2	2	2	2	2	3	3	2	2	2	2	2	2	2	3	3	2	2	2	4	2	2	3	2	2	4	2	3	1	3	3	4	3	3	3	4	2	2	2	3	3	2	2	2	2	1	2	2	2	3	2	3	3	3	2	3	2	2	4	3	3	2	2	2	2	3	3	3	2	2	2	2	2	3	2	2	3	3	3	3	4	2	4	2	3	2	4	3	4	3	2	4	2	3	2	2	2	3	2	3	2	2	2	3	1	2	2	3	2	3	2	3	3	2	3	3	2	0	1
10130016	3	3	2	3	4	2	4	3	4	2	4	2	4	3	2	2	2	2	1	2	3	4	3	3	2	2	3	3	2	3	4	3	4	1	3	2	4	2	4	3	3	5	2	2	2	5	2	2	1	1	2	4	3	2	4	3	2	2	2	4	5	4	3	3	5	3	2	4	1	2	2	2	4	4	5	2	3	2	2	4	2	4	2	3	2	2	3	4	4	3	3	3	4	2	2	2	3	3	4	3	4	1	2	4	4	3	2	3	4	3	4	3	5	3	4	1	4	3	0	1
10130017	2	2	1	2	1	2	2	5	3	4	5	3	3	3	1	4	4	4	4	4	4	1	2	1	3	1	2	2	2	3	3	2	3	2	1	4	4	4	3	2	2	2	5	2	3	3	1	2	4	4	5	3	4	2	3	3	2	3	2	3	4	3	3	4	4	3	4	1	2	1	2	3	3	3	3	2	1	3	2	2	3	2	2	2	2	2	3	4	2	3	2	2	3	1	4	4	1	2	2	3	2	2	3	3	4	1	4	2	4	5	4	2	2	3	4	4	2	4	0	1
10130020	3	3	2	2	4	3	3	3	2	2	3	3	4	4	3	3	3	3	3	2	3	3	3	4	3	3	3	2	4	3	3	3	4	2	4	4	4	2	3	2	3	3	3	2	2	3	2	3	3	3	3	4	3	3	4	4	4	3	2	4	4	4	2	3	2	2	2	3	3	2	1	4	3	2	4	4	3	4	4	4	4	4	4	4	4	4	3	4	4	4	3	2	4	2	2	2	3	2	3	2	2	2	4	3	4	4	3	2	2	1	2	2	4	3	2	2	3	2	0	1
10130021	2	2	1	5	1	1	1	4	5	3	3	2	5	1	1	3	5	3	5	5	5	5	3	3	3	1	3	1	3	4	4	2	3	3	1	3	3	5	5	3	5	2	5	1	3	5	1	1	5	5	3	5	5	5	5	5	5	1	1	5	5	5	5	5	3	3	3	2	3	1	3	5	1	5	2	3	4	4	1	3	5	2	1	5	3	1	1	5	3	3	3	3	3	1	5	5	2	2	2	1	3	3	3	5	3	2	3	2	4	4	5	3	3	2	5	1	2	5	0	1
10130027	2	3	2	4	1	3	2	5	4	5	4	5	5	4	1	3	5	4	5	4	5	3	5	2	3	1	4	2	1	4	5	4	4	4	1	5	4	4	2	4	5	4	5	2	4	5	2	3	5	1	5	5	5	5	5	5	5	5	5	4	5	5	5	5	5	4	2	4	2	2	2	5	4	4	5	5	4	4	1	3	5	2	3	4	1	1	2	3	2	3	4	2	2	1	2	2	3	3	4	4	2	3	5	5	3	1	4	2	5	2	5	2	4	2	3	1	2	4	0	1
10130029	4	2	1	3	2	1	3	5	3	2	2	4	3	5	2	2	2	2	2	1	3	1	3	3	3	1	5	4	3	5	5	1	5	3	3	4	5	1	4	1	1	3	3	1	1	3	1	1	3	3	2	1	2	3	3	1	4	3	2	4	3	4	2	1	1	2	1	5	2	2	2	1	2	2	4	2	3	3	3	4	4	5	2	4	1	3	2	4	2	4	2	1	5	1	3	2	3	1	4	1	4	3	2	3	3	1	1	1	2	2	4	1	4	2	3	2	5	2	0	1
10130030	3	2	2	1	2	2	4	3	2	2	1	3	3	3	2	3	2	1	2	1	3	1	3	2	2	1	3	1	1	5	1	2	3	1	5	2	4	2	3	2	3	3	3	2	1	3	2	1	2	1	1	2	3	2	3	1	3	4	1	4	3	4	1	2	3	2	3	4	3	1	1	3	1	2	3	1	4	3	2	4	2	4	3	4	1	3	1	2	2	4	2	3	3	1	1	1	3	1	4	3	3	1	3	4	2	2	2	1	2	2	4	1	3	2	2	1	4	3	0	1
10130035	5	1	1	5	1	1	1	5	1	4	3	3	4	3	1	2	4	1	4	3	4	4	5	5	3	2	2	4	2	4	5	1	3	2	4	3	4	3	2	3	3	4	3	2	3	4	2	1	1	2	2	4	3	5	5	5	2	4	4	5	4	5	4	5	4	2	3	4	5	4	4	4	3	5	4	2	3	3	1	4	4	5	2	5	1	3	1	4	5	3	3	3	3	2	4	3	2	2	5	4	5	4	4	4	2	2	1	4	4	1	5	2	3	3	2	2	4	4	0	1
10130036	4	4	3	2	3	1	4	4	4	2	4	3	4	4	2	4	2	2	5	2	4	4	4	3	3	2	4	4	2	3	2	4	4	2	5	3	4	3	4	3	5	5	2	3	2	4	2	5	3	4	2	4	4	2	5	3	2	3	4	4	4	3	4	3	4	2	2	5	3	4	2	5	4	4	5	4	3	4	4	3	2	4	5	4	2	2	2	5	3	1	4	3	4	2	1	1	5	2	4	2	4	4	4	4	4	5	2	5	3	1	5	2	5	4	4	2	3	4	0	1
10130037	4	1	4	2	4	1	3	4	3	2	3	2	3	4	1	1	2	2	3	2	4	3	1	2	1	1	4	3	2	3	2	2	4	2	2	2	5	3	3	2	2	3	2	2	2	2	1	1	3	3	2	1	4	4	3	2	2	2	1	4	4	4	3	3	4	1	3	4	4	2	2	3	2	3	3	1	2	4	1	2	3	4	1	4	2	2	1	3	4	4	3	2	4	1	5	2	3	4	4	2	4	2	3	2	4	2	3	2	2	2	4	2	3	1	3	2	4	3	0	1
10130039	4	1	1	3	2	3	3	4	4	2	2	3	2	3	2	3	2	2	2	2	2	2	2	3	1	1	4	1	4	4	3	3	3	2	2	2	4	3	2	1	3	2	2	2	1	2	1	1	2	2	4	2	2	2	3	2	2	2	1	4	2	3	4	3	2	1	4	4	3	2	2	3	3	2	3	2	1	3	1	3	2	4	2	3	3	2	2	2	2	4	3	1	2	1	2	2	1	2	3	2	2	2	2	2	4	1	2	2	2	3	3	2	3	2	2	2	3	2	0	1
10130040	3	3	2	3	4	2	4	4	2	4	4	4	4	4	1	2	3	2	3	2	4	4	4	4	3	3	3	3	4	4	3	2	3	1	3	3	3	4	4	4	4	3	2	2	3	4	3	4	2	4	2	5	4	4	2	4	2	2	4	4	4	4	2	3	4	2	3	4	4	4	4	5	3	5	4	2	4	3	2	4	4	4	4	4	2	4	4	4	4	2	3	3	4	3	2	3	2	2	4	4	5	4	4	2	4	4	1	4	4	1	4	3	4	2	2	1	5	1	0	1
10130042	4	2	1	3	4	1	4	2	2	2	2	2	2	4	3	2	2	2	2	2	4	2	2	4	2	2	3	3	2	1	2	2	4	2	2	4	4	3	3	2	3	4	2	2	3	3	1	2	2	3	3	3	4	2	4	3	2	1	3	4	5	4	3	3	3	2	3	3	2	2	2	2	2	2	3	4	1	3	3	3	2	4	3	4	2	3	1	2	3	4	3	1	4	1	4	3	2	2	3	2	2	3	4	4	4	1	2	3	4	2	4	3	3	4	4	2	4	3	0	1
10130044	4	3	2	3	2	3	3	5	3	5	4	1	5	3	2	2	3	2	3	4	5	3	2	3	3	2	5	3	2	3	5	5	3	2	2	3	3	5	2	4	5	4	4	2	2	5	2	2	5	3	2	3	5	2	5	5	2	2	3	3	4	4	4	4	4	4	2	4	2	1	3	3	4	2	4	4	3	1	2	3	3	4	4	4	2	2	2	4	2	2	2	2	3	2	3	3	2	2	3	3	2	3	4	5	3	1	2	2	4	4	5	5	4	4	2	5	3	4	0	1
10130046	4	2	1	3	3	2	3	3	2	2	2	2	3	5	1	3	2	2	4	3	4	2	2	3	1	2	3	2	1	3	4	2	3	2	1	3	5	4	3	1	4	3	3	2	1	3	1	1	2	3	2	3	3	3	4	3	3	3	2	4	4	4	3	3	3	1	3	5	3	1	1	3	2	3	3	1	3	4	1	5	3	3	2	3	2	2	1	2	3	4	2	2	5	1	4	4	1	1	3	1	5	2	3	4	5	1	2	1	3	3	5	1	3	3	2	2	3	2	0	1
10130050	3	2	1	5	2	3	2	3	4	4	3	2	4	3	2	3	4	4	4	4	4	3	4	3	3	2	3	2	2	5	4	4	3	4	1	3	5	4	2	4	4	2	3	2	3	5	1	2	4	3	4	4	4	4	4	4	5	2	4	3	5	2	5	4	5	4	3	2	1	4	5	3	5	5	1	4	4	2	1	2	4	4	5	4	2	1	2	5	1	2	4	4	2	1	4	5	4	3	2	2	2	4	5	3	3	3	4	4	4	3	4	2	2	3	3	2	2	4	0	1
10130054	4	2	2	3	2	2	3	3	3	5	3	5	5	3	3	2	2	3	3	4	4	3	4	3	1	2	2	3	3	1	3	2	3	3	2	3	4	4	2	5	5	1	4	2	3	3	3	3	3	3	3	4	3	4	3	3	3	5	4	3	5	2	5	2	5	4	4	3	3	4	4	2	3	3	2	2	3	2	3	2	4	5	3	5	3	3	3	3	3	3	2	2	2	1	2	5	5	3	1	2	3	2	4	3	1	1	2	2	5	2	5	2	3	3	5	4	3	5	0	1
10130055	4	2	1	2	2	1	4	5	2	2	3	2	4	3	3	2	2	2	3	4	2	3	4	4	1	1	4	2	2	2	5	1	5	3	1	2	4	4	5	2	2	3	3	2	1	4	1	2	1	3	2	2	4	3	3	3	4	3	2	3	4	4	4	2	2	1	4	3	4	1	3	2	2	3	1	1	2	2	3	4	4	4	4	4	1	3	3	2	3	3	3	2	3	1	4	5	3	2	2	3	5	2	3	3	2	1	2	2	4	2	5	2	3	2	3	3	2	2	0	1
10130056	3	1	1	4	2	2	4	4	3	2	3	3	4	3	1	2	3	1	4	2	4	2	2	2	1	2	4	3	3	2	4	2	3	1	1	3	3	3	3	2	3	4	2	2	2	4	1	3	2	2	2	3	4	3	3	3	2	1	4	4	2	4	4	2	3	2	1	2	5	3	2	4	4	2	3	3	2	2	1	2	2	4	3	5	2	3	2	2	5	4	4	2	3	2	4	3	2	5	5	2	5	2	4	3	4	1	1	3	2	1	4	2	4	2	2	1	2	3	0	1
10130058	3	2	2	2	4	2	3	3	1	2	3	3	3	3	2	3	2	2	4	2	4	2	3	2	1	2	4	2	3	3	4	3	3	2	2	2	3	2	2	1	3	3	2	2	2	3	1	1	2	3	3	3	3	2	3	2	3	4	3	4	3	4	3	2	4	2	2	4	3	2	2	2	2	2	3	2	2	3	2	4	3	4	1	4	2	3	2	2	4	3	2	1	3	2	2	2	1	2	5	3	3	2	2	4	4	1	1	2	2	2	4	2	3	2	3	1	3	3	0	1
10130062	3	2	3	3	5	1	4	2	4	2	2	3	2	3	4	2	2	2	3	1	4	2	3	5	2	2	5	3	3	3	3	2	4	3	5	2	4	1	4	3	3	5	2	2	2	3	1	2	3	2	2	4	3	1	3	2	3	5	3	4	3	2	3	2	4	3	4	4	4	2	1	2	2	3	4	2	2	4	5	3	3	3	2	4	2	4	3	4	4	4	3	2	4	1	3	1	4	2	2	2	4	1	2	3	4	2	2	2	4	1	2	2	4	3	4	1	5	2	0	1
10130063	5	5	2	2	1	1	5	5	5	4	3	2	5	4	1	2	5	3	5	5	5	5	1	4	4	1	5	1	3	5	5	2	3	4	1	5	5	5	4	3	5	5	5	4	1	5	2	1	4	2	1	5	5	5	5	5	5	5	1	5	5	5	5	5	5	3	5	4	3	1	5	4	5	5	5	3	5	5	4	5	4	4	1	5	1	1	1	5	1	3	1	4	5	1	5	5	5	2	4	5	1	4	5	5	5	2	4	4	5	2	5	3	4	2	5	1	2	5	0	1
10150002	4	3	3	2	2	2	4	4	3	3	3	3	3	3	3	3	4	2	4	2	2	3	3	2	2	1	3	3	3	2	3	4	4	4	5	4	5	4	3	1	2	3	3	2	2	3	2	3	3	2	2	3	3	2	2	2	3	3	2	4	2	3	3	3	2	1	2	3	2	2	1	2	3	1	3	4	2	5	2	5	4	5	4	3	3	3	1	4	4	5	5	1	5	1	1	1	2	1	3	3	4	3	3	2	4	2	1	3	4	3	4	2	3	3	3	1	4	2	0	1
10150005	5	3	2	2	3	1	2	2	1	2	2	3	3	3	3	2	2	2	2	2	3	3	3	4	2	4	3	2	3	3	4	4	3	4	2	2	4	2	3	2	2	3	2	2	2	3	2	3	2	2	2	3	2	2	2	3	3	3	2	4	3	3	3	2	3	3	3	3	3	2	2	3	2	3	2	2	2	2	3	3	3	4	2	3	2	3	2	3	2	4	3	2	3	4	4	2	1	2	4	2	3	2	2	2	3	2	2	2	2	2	3	2	3	2	3	2	3	2	0	1
10150007	5	4	1	3	2	3	4	4	4	1	1	3	2	4	4	2	3	2	4	3	4	4	3	2	4	2	5	2	3	4	3	5	4	3	5	2	5	2	4	2	2	4	2	2	2	2	4	2	1	1	3	3	3	2	2	2	4	2	2	4	2	2	2	1	4	3	2	3	3	2	2	2	3	2	4	3	3	3	4	2	2	2	1	4	2	4	3	4	3	3	4	4	4	4	4	2	4	3	4	3	3	3	3	2	4	5	2	2	2	1	3	2	4	2	4	3	4	2	0	1
10150015	3	1	1	3	1	1	2	1	1	1	1	3	2	3	2	1	1	3	1	1	1	1	3	3	1	5	2	2	1	1	2	4	3	2	1	2	2	2	2	3	1	3	1	1	1	3	3	1	1	3	3	3	3	1	4	1	4	2	2	4	2	3	3	2	2	1	3	5	2	2	1	4	2	2	3	1	1	1	5	4	2	1	1	3	2	4	1	1	1	5	2	1	2	2	2	1	2	1	5	2	2	1	3	1	3	2	2	2	2	1	2	2	3	2	2	2	2	2	0	1
10150019	3	2	3	1	3	3	3	3	3	3	2	3	3	3	3	2	3	1	2	3	3	3	3	4	2	1	5	3	3	1	4	2	5	3	5	3	3	3	3	5	3	5	3	2	2	1	1	4	2	3	3	4	3	3	3	2	2	2	4	5	3	2	3	3	4	3	3	4	3	3	3	3	3	3	3	3	2	4	3	4	4	3	3	3	3	2	2	2	2	4	4	5	4	5	4	1	2	3	4	5	4	2	3	3	4	3	4	4	3	3	3	3	3	3	4	4	3	3	0	1
10150023	2	4	3	2	5	1	3	2	2	3	2	2	2	3	2	3	3	3	2	4	2	1	1	1	1	3	3	3	3	2	3	3	2	3	3	3	3	3	3	1	3	2	4	2	2	1	2	3	2	2	2	1	2	2	2	3	3	3	3	3	2	3	3	2	2	3	2	1	1	2	2	2	3	2	1	3	2	3	2	2	2	2	2	2	2	3	3	3	3	2	4	2	1	2	3	1	3	2	2	2	1	2	2	1	2	2	1	2	2	1	2	2	1	1	3	3	2	3	0	1
10150025	4	3	4	2	2	2	2	3	3	4	2	3	5	4	3	3	3	3	4	4	5	4	3	3	3	3	2	3	3	2	5	1	3	3	2	4	4	4	3	2	4	3	4	2	4	5	1	2	3	2	3	3	3	2	3	3	3	2	3	4	3	3	2	2	5	3	3	4	3	3	2	2	4	3	1	2	2	3	5	3	4	4	2	4	2	2	3	3	3	4	3	2	3	3	4	2	3	3	2	3	3	3	2	4	2	2	3	4	3	3	3	4	2	3	3	3	4	4	0	1
10150026	4	1	1	1	3	1	4	3	1	2	1	1	3	3	1	2	1	1	3	1	4	3	1	2	2	1	4	2	3	5	3	3	4	2	1	2	5	4	4	1	3	3	1	1	1	2	1	1	2	1	2	1	1	5	4	2	3	2	2	4	3	4	4	3	2	1	3	5	1	1	3	3	1	2	2	1	2	1	5	5	2	5	1	5	1	3	1	1	4	1	1	2	4	3	3	4	1	1	4	2	3	2	1	3	3	1	2	1	3	4	5	1	3	1	2	1	3	2	0	1
10150035	2	4	5	5	1	2	1	5	4	5	5	5	5	1	1	5	5	5	5	5	5	4	3	1	5	3	1	5	5	5	4	4	2	5	3	5	1	5	2	5	5	1	5	5	5	5	5	4	5	5	5	5	5	5	5	5	5	5	5	2	5	5	5	5	5	5	1	1	1	5	5	5	5	5	1	5	5	5	1	1	5	1	3	2	4	1	3	5	1	1	1	5	1	2	5	5	3	5	1	5	1	5	5	5	3	4	5	5	5	5	5	5	1	5	5	3	1	5	0	1
10150046	4	2	3	4	2	1	2	3	2	2	2	4	4	3	2	2	4	1	5	2	5	4	4	4	4	2	2	3	2	3	4	1	4	2	3	3	2	4	2	4	5	3	3	1	3	4	3	2	2	2	4	3	5	2	4	4	4	2	4	4	4	4	4	3	5	4	2	4	4	2	5	4	4	2	3	2	4	2	3	3	3	4	3	4	2	3	2	3	5	2	3	3	4	1	2	4	4	2	5	2	4	3	4	5	3	2	2	4	5	3	4	2	4	2	2	1	3	3	0	1
10150048	4	3	2	3	3	1	2	3	2	3	3	4	3	4	3	2	3	2	3	3	4	3	4	3	2	2	4	3	2	3	3	3	3	1	1	3	3	3	5	3	4	3	2	2	2	5	4	3	2	2	1	3	3	5	3	3	3	3	3	5	3	2	3	3	4	3	4	3	2	3	3	2	2	3	2	2	3	4	3	4	3	3	3	3	2	2	3	3	3	4	3	3	1	3	3	3	2	3	5	3	3	3	1	4	4	1	2	3	3	1	5	3	4	3	1	3	3	3	0	1
10150049	2	5	3	3	5	1	1	4	5	5	4	4	5	4	1	1	4	2	1	3	2	1	1	4	4	1	2	4	1	1	1	1	2	2	1	2	3	5	3	1	1	3	4	1	1	3	1	1	1	3	1	2	4	3	5	4	1	1	1	2	1	4	5	4	2	2	1	1	5	2	3	5	2	4	3	3	2	3	3	2	3	1	2	4	2	4	1	1	2	4	3	3	4	2	2	4	1	1	4	1	2	2	1	1	1	1	1	1	4	2	4	4	3	1	1	3	4	4	0	1
10150051	1	1	1	3	3	2	2	4	3	4	3	2	5	2	4	4	2	5	2	5	5	3	3	4	4	3	1	4	3	5	3	3	3	3	3	2	3	4	3	3	4	2	2	4	2	5	2	2	5	3	2	3	5	4	5	5	1	1	2	4	3	1	5	5	3	4	2	2	1	2	4	4	3	4	3	1	4	3	3	3	4	2	3	3	3	3	3	4	1	2	3	4	2	1	4	4	2	3	2	4	2	4	4	3	2	2	4	3	5	4	3	2	2	3	2	3	2	3	0	1
10150060	3	3	1	2	3	5	3	3	4	4	3	4	3	5	4	3	4	4	4	4	4	4	4	2	1	3	4	2	5	5	3	3	3	3	2	4	3	3	4	2	5	3	4	3	3	4	1	3	3	3	2	3	4	2	4	4	4	4	3	5	3	5	4	4	3	1	2	4	2	2	4	3	4	4	5	3	3	4	5	4	3	4	4	4	2	1	3	3	1	5	5	3	2	1	1	3	4	4	3	3	4	4	4	3	4	4	3	3	5	2	3	3	4	3	1	2	4	1	0	1
10150071	3	2	1	3	4	4	5	3	5	3	3	2	5	3	3	4	4	4	3	4	4	3	2	4	2	4	3	4	2	2	4	4	4	4	3	4	4	4	2	3	3	4	4	2	4	4	2	2	4	2	4	4	5	4	4	4	3	2	2	3	4	2	3	4	4	2	3	3	2	2	2	4	2	4	3	3	2	2	4	4	2	3	2	4	2	3	2	3	3	4	3	2	3	2	4	3	3	3	2	2	2	3	3	3	3	2	2	2	3	4	4	3	3	4	4	2	3	3	0	1
10150073	4	1	2	1	2	1	4	2	1	1	3	2	1	4	4	2	2	1	2	1	5	2	3	4	2	2	4	3	4	3	3	2	4	2	4	3	4	2	4	2	2	4	2	1	2	3	1	2	2	1	1	2	2	2	3	2	4	1	2	4	3	4	2	2	3	3	4	4	4	1	1	2	2	2	4	2	2	3	4	4	2	4	2	4	2	4	2	3	5	5	2	1	4	2	2	2	2	2	4	2	5	1	2	3	4	1	1	2	2	1	2	2	4	1	3	1	4	2	0	1
10150074	5	2	2	2	3	3	4	3	2	2	2	5	2	4	2	3	3	3	3	3	2	2	2	3	1	3	4	2	2	3	3	3	4	2	3	2	5	2	3	1	2	3	3	2	2	2	1	2	2	2	3	2	2	2	3	2	3	3	2	2	2	3	3	2	1	1	3	4	5	2	2	2	2	2	3	1	1	5	2	3	3	3	5	3	2	3	1	3	2	5	3	1	4	1	3	1	3	2	2	2	5	2	2	1	3	1	2	2	2	3	3	2	3	3	3	2	4	2	0	1
10150077	5	1	5	1	4	1	4	4	1	2	3	3	2	4	4	2	1	1	2	1	5	2	2	5	2	1	5	3	2	1	2	1	4	1	2	4	5	2	3	1	3	4	1	1	1	2	1	2	2	1	1	2	4	2	5	3	5	4	2	5	3	5	1	1	4	2	3	5	3	1	2	2	3	3	4	1	2	4	5	4	3	5	2	5	1	3	2	5	1	5	1	1	5	1	3	3	1	2	5	1	4	2	3	4	5	1	1	2	2	2	2	2	4	2	4	3	4	3	0	1
10160077	2	2	2	1	1	1	2	5	4	4	3	1	4	4	4	2	2	2	2	4	5	4	5	3	4	4	3	4	1	3	5	2	3	2	2	2	4	4	3	3	2	3	2	2	2	5	2	4	2	2	2	4	4	3	4	4	4	4	2	4	4	5	2	4	3	4	3	4	4	2	3	4	1	3	3	3	4	2	5	4	2	4	3	4	2	4	4	2	4	2	2	4	4	2	2	3	3	2	4	4	5	2	3	3	2	3	1	2	4	2	5	2	4	2	3	3	4	3	0	1
10160078	4	2	1	2	2	2	5	2	3	2	3	2	1	5	2	3	3	1	3	3	3	3	3	3	2	2	3	3	3	1	2	4	4	2	5	4	5	2	3	2	1	3	2	2	2	3	2	2	3	1	3	3	3	2	1	1	3	2	4	4	4	1	3	2	3	3	4	3	3	1	3	4	2	4	4	1	2	3	3	3	3	4	2	4	1	3	4	2	3	4	3	3	3	1	5	5	2	2	5	3	3	3	4	3	3	1	3	2	4	3	4	3	4	2	2	1	2	4	0	1
10160081	2	2	3	3	4	2	4	4	4	3	3	3	3	3	4	3	3	3	2	3	4	3	2	4	3	2	3	5	3	4	2	4	4	3	5	3	3	2	3	4	3	4	4	3	2	5	3	3	4	3	3	4	4	3	3	3	4	3	3	4	4	3	2	3	3	3	3	4	2	2	1	4	4	2	5	2	4	2	4	4	2	2	4	5	2	5	3	4	3	3	4	3	4	2	4	1	3	4	4	3	3	4	2	2	4	3	4	3	2	4	4	4	4	3	3	2	4	2	0	1
10160085	3	3	5	4	2	3	5	4	3	4	2	3	3	4	3	3	2	3	3	3	5	2	3	3	3	2	3	3	3	5	4	3	3	2	3	4	4	3	2	3	3	3	4	2	3	2	2	5	3	2	4	3	3	3	3	2	2	3	2	3	3	5	4	4	3	3	4	4	2	2	2	4	3	3	2	2	4	2	3	3	4	2	5	3	2	3	3	3	3	3	2	3	3	2	3	4	4	3	4	3	2	3	3	3	3	3	3	4	3	4	3	3	2	3	3	2	2	4	0	1
10160086	4	1	2	1	3	1	4	2	4	2	2	2	3	3	2	3	3	3	3	3	4	2	2	2	2	2	3	4	3	3	2	2	3	2	3	3	4	3	4	3	4	3	3	2	2	4	2	2	3	4	2	3	4	2	4	3	3	2	2	3	3	3	4	3	4	4	2	4	3	3	3	4	3	3	3	2	3	2	2	3	2	4	2	4	1	3	4	3	3	3	3	2	3	2	3	2	2	3	3	2	2	1	1	2	3	1	3	1	4	1	3	2	3	4	2	3	3	2	0	1
10160089	5	1	1	1	3	2	5	1	1	1	1	1	1	5	2	2	1	2	2	2	4	3	2	3	1	1	4	2	3	1	2	3	1	2	5	2	5	2	5	2	1	4	1	1	1	2	1	2	3	2	3	1	2	1	4	1	3	3	2	4	2	2	3	2	2	3	4	5	3	1	1	2	2	2	3	3	1	5	4	2	3	3	2	4	1	4	4	4	3	5	3	1	4	2	2	1	3	2	4	2	2	1	1	1	2	1	3	1	1	3	1	1	4	3	2	1	4	1	0	1
10160093	4	2	2	2	2	2	4	2	4	1	3	2	2	2	3	2	2	3	2	2	4	3	4	4	2	1	3	3	2	2	3	3	2	3	5	3	5	2	3	2	2	4	2	2	2	3	2	2	2	2	2	2	3	2	3	2	4	3	2	4	2	4	2	2	2	2	4	5	3	1	1	2	2	3	5	4	2	2	1	3	2	3	2	4	2	4	3	2	3	4	3	2	4	2	1	2	2	2	3	2	3	2	2	2	4	2	2	2	2	2	3	2	4	2	2	2	5	2	0	1
10160094	5	2	2	2	3	2	3	3	3	2	3	4	2	3	3	3	2	3	2	2	3	3	4	3	3	3	3	2	3	3	3	3	3	3	4	4	5	3	4	3	5	5	2	2	2	5	4	2	3	2	2	4	3	2	2	2	2	4	4	5	4	3	3	2	5	4	3	5	5	2	3	3	3	2	5	3	2	5	2	4	3	3	3	4	2	2	1	4	4	5	5	2	4	1	3	2	4	2	5	2	4	2	3	4	5	1	2	2	1	5	4	1	5	2	5	2	5	2	0	1
10160099	3	1	2	1	3	2	3	3	2	2	2	2	2	4	2	2	3	3	3	3	3	2	2	3	2	2	3	2	3	3	2	3	2	2	4	3	4	2	4	2	2	3	2	2	2	2	2	2	2	2	3	3	2	2	3	3	3	3	2	4	2	3	2	3	3	2	4	4	3	2	2	2	3	3	4	2	2	2	4	4	2	3	2	4	2	3	4	2	3	3	4	2	3	2	2	2	2	2	3	2	3	2	3	2	3	2	3	2	2	2	2	3	4	2	3	3	3	3	0	1
10160109	4	4	4	1	2	2	2	3	2	2	2	3	2	3	2	2	4	2	1	2	3	2	2	4	2	3	3	3	2	4	3	3	3	3	5	3	5	1	4	2	3	4	3	4	3	3	3	3	3	3	3	3	4	2	3	3	3	3	3	4	3	2	3	3	3	3	3	3	3	1	3	3	3	3	3	3	3	4	3	3	3	3	3	3	2	3	1	3	3	3	3	4	3	2	3	2	4	3	3	3	3	3	3	4	3	3	3	4	3	2	3	3	3	4	3	4	3	3	0	1
10160111	3	1	3	3	5	4	5	1	5	2	3	5	1	5	1	1	2	1	4	1	3	2	5	2	1	2	5	1	4	1	1	4	3	3	5	4	5	1	3	4	1	4	1	1	1	3	1	5	1	1	2	3	2	1	3	1	3	4	3	5	2	3	2	1	2	3	3	4	3	1	1	1	4	1	4	3	1	2	3	4	1	2	4	4	2	5	4	2	5	5	2	1	1	2	2	1	4	2	3	3	5	3	2	1	4	2	1	1	1	1	1	4	4	2	4	3	5	2	0	1
10160116	4	1	1	1	4	2	5	2	4	1	2	1	1	4	2	1	3	1	3	1	2	2	3	4	2	3	4	2	2	2	3	2	4	2	5	2	4	2	4	2	3	4	2	1	2	2	1	1	2	2	1	1	3	1	4	2	4	1	1	5	1	2	4	2	2	2	4	3	5	2	1	3	2	2	4	3	2	3	3	4	2	4	2	4	2	4	4	3	3	4	2	3	2	2	2	2	3	2	4	2	4	2	1	2	5	1	2	2	2	1	3	1	4	2	2	1	4	2	0	1
10160119	4	1	2	2	2	1	3	2	1	2	2	4	2	4	2	2	3	4	3	3	2	2	2	3	2	2	4	3	2	4	2	3	3	2	4	3	5	2	3	2	2	4	2	2	2	2	2	2	3	3	2	2	2	2	3	3	4	2	3	4	2	2	2	2	2	2	3	3	2	2	2	2	2	2	3	2	2	4	4	4	2	3	2	3	2	3	2	3	2	4	2	2	3	2	2	2	2	2	3	2	2	2	3	2	3	2	2	2	2	2	2	2	3	2	2	2	4	2	0	1
10160121	3	1	2	2	4	2	4	5	2	2	2	4	3	4	4	2	1	2	4	2	4	1	4	1	2	2	3	2	3	1	1	4	4	3	3	3	3	4	4	3	2	3	1	2	1	3	4	4	2	2	2	4	4	2	4	3	3	1	2	3	2	2	3	3	2	3	2	3	3	1	2	4	3	2	3	4	3	3	5	4	4	4	5	4	2	3	4	3	4	4	3	2	4	2	2	1	2	3	4	2	5	2	2	2	4	4	2	2	2	2	2	3	3	3	3	1	4	2	0	1
10160122	3	3	2	4	4	4	2	3	3	3	4	2	2	3	2	3	3	4	3	2	3	2	2	3	2	4	3	3	2	3	3	3	2	3	3	4	4	3	2	3	2	4	4	3	3	3	3	2	2	4	4	4	4	4	3	3	3	2	2	4	2	3	3	3	2	3	3	4	3	3	3	3	3	3	2	3	3	3	3	4	3	3	4	2	2	3	4	4	3	3	3	2	3	4	3	3	3	3	3	3	4	3	4	3	3	3	4	3	4	3	2	3	3	3	3	3	3	3	0	1
10160123	4	4	2	1	3	1	5	3	3	2	3	3	3	3	3	3	4	3	2	3	3	4	3	4	5	2	4	2	3	5	2	4	3	3	1	4	3	2	3	3	4	3	4	4	3	3	4	3	3	2	1	3	2	2	4	4	3	3	3	3	3	4	3	2	5	3	5	3	4	2	1	2	3	3	4	2	4	4	3	3	2	4	3	2	2	2	3	3	4	3	3	3	3	3	4	1	3	3	4	3	4	2	3	3	4	3	3	3	3	4	3	4	3	3	3	3	2	3	0	1
10160125	5	5	5	5	5	5	5	5	5	5	5	5	5	5	5	5	5	5	5	4	5	5	5	5	5	5	5	5	5	5	5	5	5	5	5	5	5	5	5	5	5	5	5	5	5	5	5	5	5	5	5	5	5	5	5	5	5	5	5	4	5	5	1	5	1	1	5	2	1	1	1	2	2	5	5	5	1	5	3	1	1	5	5	4	2	4	3	3	4	4	3	3	4	3	3	4	1	2	3	4	4	4	3	5	5	5	4	5	1	4	3	3	2	2	4	3	4	4	0	1
10160127	5	1	1	1	2	2	4	2	1	2	2	5	2	4	2	1	1	3	1	2	3	2	2	4	1	2	4	2	3	1	1	2	2	2	5	3	5	1	3	1	3	4	1	1	1	2	2	2	2	3	1	2	3	3	3	2	3	2	3	3	2	4	2	4	2	3	3	3	3	4	3	2	2	1	2	3	2	3	4	3	3	2	3	4	5	2	3	4	5	3	3	2	4	3	3	1	2	3	3	2	3	3	2	3	3	2	2	2	2	2	1	2	3	3	3	2	3	4	0	1
10160132	4	4	3	4	4	3	4	4	1	3	3	3	3	3	3	3	3	3	4	3	3	3	3	3	3	5	5	5	5	5	4	3	3	3	4	3	3	3	3	3	3	4	3	4	4	1	1	1	3	4	4	3	3	3	4	4	4	4	3	4	1	4	4	3	3	3	3	4	4	4	4	1	3	3	4	1	3	4	3	3	3	3	3	3	4	4	4	3	3	3	4	3	3	3	3	3	4	4	4	4	1	4	4	4	4	4	1	1	1	1	3	1	3	4	5	5	5	5	0	1
10160133	2	3	4	3	2	4	2	5	3	4	2	3	5	3	3	5	4	2	3	4	1	2	2	3	4	4	4	5	4	4	2	4	5	5	4	5	5	2	2	5	4	3	3	3	3	1	2	5	3	3	4	3	3	3	3	4	4	3	4	3	2	3	3	2	2	2	4	4	4	2	3	2	3	3	1	3	3	2	3	4	3	3	3	1	2	3	3	4	4	4	3	3	4	2	3	3	3	3	3	4	2	3	3	2	3	4	4	2	2	3	3	4	4	4	3	2	1	3	0	1
10160134	4	3	3	3	4	4	5	3	3	3	4	4	4	3	3	2	4	3	4	3	3	4	4	3	3	4	3	4	4	3	3	2	4	4	1	3	3	1	5	3	3	3	3	2	2	3	2	3	3	3	4	3	3	4	4	3	3	3	3	5	3	3	4	3	3	1	4	3	2	3	4	4	4	4	4	4	3	3	3	3	2	4	3	3	2	4	3	3	2	4	3	4	2	3	4	1	2	1	1	4	3	3	2	4	3	4	4	3	3	4	4	4	5	3	3	4	4	3	0	1
10160139	4	2	1	1	3	2	4	2	2	2	2	2	3	5	2	2	3	2	3	3	4	3	2	3	2	2	3	2	2	3	2	2	3	3	2	3	3	5	2	3	2	3	3	2	2	3	1	2	3	2	3	3	3	2	3	2	2	2	3	3	2	2	3	3	3	2	3	3	2	2	2	2	2	3	3	2	2	2	2	3	2	2	2	3	2	3	3	2	3	3	3	2	3	2	3	3	2	2	2	2	3	2	3	2	3	2	2	2	3	2	3	2	3	3	3	2	3	3	0	1
10160141	5	2	1	1	4	1	5	2	2	1	1	2	4	5	2	2	1	3	2	1	5	3	2	5	1	1	5	3	1	3	3	2	5	1	5	5	5	1	3	4	1	5	1	1	1	5	1	1	3	1	3	5	5	2	3	3	2	3	3	5	3	3	3	3	2	4	5	5	5	1	1	3	3	5	5	3	1	4	1	5	5	5	5	5	1	5	4	4	3	4	5	1	5	5	1	1	1	2	5	5	5	5	4	1	5	1	1	3	4	1	5	1	5	3	5	1	5	1	0	1
10160143	4	2	1	2	2	2	4	5	2	3	2	2	5	4	1	3	4	3	2	4	4	3	1	3	3	2	3	4	2	5	5	3	5	3	1	4	4	3	4	2	2	4	3	3	2	3	1	1	5	1	2	2	5	4	5	5	3	3	2	4	3	3	5	4	3	3	3	3	3	2	4	4	3	4	3	2	2	2	5	4	4	4	3	4	1	4	3	5	1	3	3	3	2	1	3	4	2	3	4	3	2	3	3	2	1	2	3	2	5	4	5	3	3	4	5	4	3	4	0	1
10160144	3	3	2	2	2	2	4	2	3	3	2	3	3	4	4	2	3	2	2	3	4	3	2	5	2	3	4	4	2	3	4	4	4	3	5	2	3	2	4	3	2	5	4	3	1	3	2	2	2	2	1	2	3	3	3	4	3	2	3	5	3	1	4	1	3	3	3	3	4	2	4	3	2	2	4	1	4	2	5	3	4	5	2	4	1	5	4	2	4	3	5	4	5	1	2	3	1	3	4	4	4	3	2	5	4	2	3	2	5	1	3	2	5	3	2	3	3	3	0	1
10160145	5	1	1	1	3	1	4	4	1	1	1	3	1	3	2	1	3	2	3	3	5	4	3	3	2	1	4	2	3	3	3	2	3	3	2	5	5	3	5	4	3	3	3	1	3	3	1	1	3	1	1	4	3	2	2	1	2	2	4	5	2	3	2	4	5	3	5	4	4	2	3	4	3	2	3	3	3	5	4	4	3	4	2	4	2	2	2	2	4	5	3	3	3	1	4	4	5	1	3	3	3	3	2	3	5	2	4	1	1	3	3	4	3	2	3	1	3	3	0	1
10160147	3	2	1	2	2	3	2	4	5	3	3	3	4	2	3	2	2	3	4	2	4	3	3	4	2	1	2	2	2	3	4	2	3	2	1	2	2	3	2	2	5	3	2	2	2	4	3	3	3	3	3	4	4	3	4	3	2	3	3	3	4	3	3	3	4	3	3	3	3	2	3	3	3	3	3	4	3	2	2	3	4	3	3	3	1	2	2	3	3	2	3	3	3	2	3	4	3	4	2	3	4	2	4	3	3	2	2	3	4	2	4	3	3	3	3	2	3	3	0	1
10160152	3	4	3	3	3	4	3	3	3	3	3	3	3	2	3	3	3	3	3	3	3	3	3	3	3	4	3	4	4	4	4	3	3	4	3	3	3	3	4	3	3	3	4	3	2	2	3	3	4	4	4	3	5	2	3	3	3	3	3	4	3	3	3	4	3	3	3	3	2	4	1	3	3	4	3	4	2	3	4	3	3	3	3	3	3	2	2	3	4	1	3	3	2	5	3	3	2	1	3	3	3	3	3	3	5	2	4	2	3	3	3	3	3	3	5	3	4	4	0	1
10169004	3	3	3	3	3	3	3	3	3	3	3	3	3	3	3	3	3	3	3	3	3	3	3	3	1	3	3	3	3	3	3	3	3	3	3	3	3	3	3	3	3	3	3	3	3	3	3	3	3	3	3	3	3	3	3	3	3	3	3	5	5	2	3	4	4	4	3	4	2	2	1	3	3	4	3	3	3	5	3	3	3	3	3	3	3	3	3	3	3	3	2	3	4	3	4	2	3	3	3	2	3	4	3	3	3	4	3	4	5	3	3	3	3	3	3	3	3	3	0	1
10169006	3	3	1	2	3	3	3	3	3	3	3	3	3	4	4	3	3	3	3	4	3	3	3	2	2	3	2	2	3	4	2	3	3	4	2	3	4	2	3	2	3	3	3	3	2	2	1	3	2	2	3	2	3	2	3	2	4	2	2	2	3	2	1	4	3	2	2	3	2	1	1	2	3	3	3	3	1	3	4	3	2	3	2	4	2	2	3	3	2	5	2	1	2	1	2	1	4	1	3	2	2	1	3	3	4	2	4	3	3	4	3	1	3	2	3	1	2	2	0	1
10180001	5	1	3	3	4	1	4	3	4	5	5	3	5	3	1	2	2	2	3	4	5	4	4	4	5	3	1	4	1	3	5	1	3	1	4	3	2	4	3	3	2	5	3	1	1	3	3	1	3	3	2	4	4	5	4	5	4	5	4	4	4	1	5	4	1	1	3	4	3	4	5	5	4	4	5	2	4	2	5	3	3	3	4	4	2	2	4	1	3	4	4	4	3	3	4	5	2	3	4	3	4	3	4	3	2	1	2	3	4	2	4	1	4	2	3	3	3	3	0	1
10180002	4	2	1	5	5	4	4	2	1	2	4	2	1	5	4	3	1	2	2	3	3	2	4	4	2	2	4	2	3	4	2	3	1	5	4	2	5	2	4	2	2	4	2	4	2	2	2	2	3	1	3	3	2	4	3	2	3	4	2	2	3	4	4	3	3	1	4	3	5	1	2	2	1	4	4	3	1	1	3	3	2	1	5	4	2	2	2	3	2	5	2	2	3	1	2	4	5	5	2	3	3	1	2	2	3	1	4	1	1	4	2	1	4	5	3	1	5	1	0	1
10180003	4	3	1	3	3	3	4	2	2	2	2	2	2	4	4	2	2	3	2	2	2	3	4	4	4	3	2	4	2	3	2	3	3	3	2	3	5	2	4	3	2	3	2	2	2	3	2	3	3	2	4	3	3	2	3	3	4	2	4	4	4	3	4	3	3	4	4	2	3	2	4	3	4	2	2	1	5	3	1	4	3	3	3	3	2	3	4	4	2	3	2	3	3	2	4	2	2	3	3	3	3	1	3	3	3	3	3	2	2	2	2	3	3	3	3	3	4	2	0	1
10180004	2	4	4	4	3	4	2	4	4	4	4	2	4	3	4	3	4	3	3	3	4	4	4	3	4	3	3	4	2	4	3	3	2	4	3	2	2	3	2	4	4	2	3	3	4	4	4	4	4	1	4	3	4	4	4	4	2	4	2	3	3	3	4	4	5	5	3	2	2	3	3	4	3	4	2	4	3	1	1	1	3	3	3	2	4	3	4	3	3	2	3	4	3	3	3	3	5	5	3	3	3	4	4	4	3	3	2	4	5	3	5	5	3	3	3	3	2	3	0	1
10180006	-99	-99	-99	-99	-99	-99	-99	-99	-99	-99	-99	-99	-99	-99	-99	-99	-99	-99	-99	-99	-99	-99	-99	-99	-99	-99	-99	-99	-99	-99	-99	-99	-99	-99	-99	-99	-99	-99	-99	-99	-99	-99	-99	-99	-99	-99	-99	-99	-99	-99	-99	-99	-99	-99	-99	-99	-99	-99	-99	-99	-99	-99	-99	-99	-99	-99	-99	-99	-99	-99	-99	-99	-99	-99	-99	-99	-99	-99	-99	-99	-99	-99	-99	-99	-99	-99	-99	-99	-99	-99	-99	-99	-99	-99	-99	-99	-99	-99	-99	-99	-99	-99	-99	-99	-99	-99	-99	-99	-99	-99	-99	-99	-99	-99	-99	-99	-99	-99	0	1
10180011	4	4	5	5	1	2	5	3	4	4	4	3	5	4	3	3	5	3	3	5	5	4	3	4	5	3	1	5	4	5	5	3	3	3	3	3	3	5	2	5	5	3	5	3	4	5	4	2	4	4	4	4	4	4	4	5	1	3	5	3	4	4	4	5	3	5	3	3	2	4	4	3	3	4	3	3	4	2	2	2	4	4	3	2	4	2	5	4	2	2	4	5	3	2	3	4	4	4	3	3	2	4	4	4	3	4	3	4	4	4	4	2	2	3	3	1	3	4	0	1
10180012	-99	-99	-99	-99	-99	-99	-99	-99	-99	-99	-99	-99	-99	-99	-99	-99	-99	-99	-99	-99	-99	-99	-99	-99	-99	-99	-99	-99	-99	-99	-99	-99	-99	-99	-99	-99	-99	-99	-99	-99	-99	-99	-99	-99	-99	-99	-99	-99	-99	-99	-99	-99	-99	-99	-99	-99	-99	-99	-99	-99	-99	-99	-99	-99	-99	-99	-99	-99	-99	-99	-99	-99	-99	-99	-99	-99	-99	-99	-99	-99	-99	-99	-99	-99	-99	-99	-99	-99	-99	-99	-99	-99	-99	-99	-99	-99	-99	-99	-99	-99	-99	-99	-99	-99	-99	-99	-99	-99	-99	-99	-99	-99	-99	-99	-99	-99	-99	-99	0	1
10180015	3	2	1	2	1	2	3	5	5	5	4	4	1	5	1	5	5	5	2	5	5	3	4	3	1	1	5	2	3	5	5	4	4	3	2	4	5	4	4	3	2	3	5	3	3	5	1	1	5	4	4	5	5	4	5	5	5	5	2	3	5	4	3	5	4	4	2	4	2	4	2	5	3	4	1	3	1	2	5	3	5	3	3	5	2	3	4	5	2	5	3	2	2	1	5	5	4	3	3	4	3	4	5	3	2	1	5	3	5	4	5	3	3	4	2	2	1	5	0	1
10180017	5	2	2	2	2	1	5	2	3	2	2	2	3	5	2	3	3	5	3	4	3	3	1	4	1	1	3	1	1	4	5	2	1	2	5	5	5	2	5	1	1	5	2	2	2	4	1	3	4	2	1	2	4	1	4	4	3	1	2	5	4	4	4	3	2	2	3	3	3	1	2	2	2	3	4	2	4	3	5	5	2	5	3	3	1	2	2	5	5	5	3	2	4	1	2	3	2	2	4	2	2	1	3	2	4	2	2	1	3	4	4	1	4	2	2	1	3	3	0	1
10180018	4	1	4	1	2	3	2	5	5	4	3	3	3	4	1	4	5	5	3	4	5	1	3	2	4	1	5	4	2	5	5	1	5	3	1	4	5	5	4	3	3	4	5	3	2	4	2	5	3	4	2	3	3	2	3	5	5	5	3	4	1	1	5	5	2	3	2	5	1	1	3	3	3	3	4	1	3	3	4	5	3	5	3	4	1	1	2	5	2	3	4	3	3	1	1	5	3	3	3	3	4	1	3	2	2	1	4	3	3	4	5	3	3	5	3	2	2	5	0	1
10180019	5	3	3	2	1	2	2	3	3	2	3	3	3	2	2	5	2	2	1	2	5	3	3	5	3	1	4	1	1	3	2	1	4	3	1	3	5	5	4	2	4	5	2	2	1	3	2	2	2	3	2	2	5	1	5	2	4	3	1	5	5	4	2	2	3	3	3	4	3	1	3	2	2	3	5	1	5	4	1	4	3	3	2	5	1	3	1	3	3	4	1	4	4	1	3	4	2	3	5	3	3	3	4	4	3	2	1	2	3	1	4	3	5	1	2	2	4	4	0	1
10180021	5	1	1	1	1	1	5	1	1	1	1	1	1	5	1	1	1	1	1	1	5	1	1	5	1	1	5	1	1	1	5	1	5	1	1	1	5	1	5	1	1	5	1	1	1	5	1	1	1	3	1	1	1	1	1	1	5	1	1	5	1	1	1	1	1	3	3	3	5	1	1	5	1	1	5	1	1	5	1	5	1	5	1	5	1	5	1	1	5	5	1	1	5	1	1	2	1	1	5	1	5	1	1	3	5	1	1	1	1	1	1	1	5	1	1	1	5	1	0	1
10180023	2	1	3	1	3	1	5	3	3	1	1	1	3	1	5	3	1	3	3	3	3	3	1	3	1	1	3	3	1	3	5	1	1	1	1	1	5	3	1	1	1	1	3	3	1	1	1	1	1	3	3	1	5	3	3	3	3	3	3	3	1	3	1	3	3	1	1	3	3	1	1	1	1	3	3	1	3	1	1	5	3	5	1	3	1	3	1	3	3	3	3	1	1	1	1	1	1	1	3	1	3	1	5	1	1	1	3	1	1	1	3	1	3	1	3	1	3	3	0	1
10180026	3	3	3	3	3	3	4	5	3	3	3	3	3	3	3	3	3	5	3	3	3	3	3	3	3	3	3	3	3	3	3	2	2	5	5	4	4	3	2	3	3	3	5	3	3	3	3	3	3	3	3	3	3	3	3	3	3	3	3	4	5	1	3	2	3	3	4	5	1	1	1	3	2	5	3	1	3	3	3	3	3	2	2	1	3	4	3	3	4	3	3	5	2	1	2	1	5	5	5	5	1	3	3	3	5	1	3	1	2	3	2	2	5	5	2	2	4	2	0	1
10180028	1	1	2	1	3	2	3	1	2	2	3	1	3	3	1	3	2	3	3	2	3	3	3	3	3	3	3	3	3	3	3	2	3	1	5	3	3	2	2	3	3	3	3	2	4	5	1	1	1	1	5	3	4	3	3	3	2	5	4	3	1	4	3	2	3	2	1	2	3	1	1	3	1	1	3	3	5	2	1	3	3	1	4	3	2	1	3	1	3	1	3	3	1	4	1	1	2	3	1	2	5	1	2	1	3	1	1	3	3	4	3	1	3	1	3	1	3	3	0	1
10180029	4	2	1	2	2	1	2	4	1	2	3	3	3	5	1	2	3	2	2	3	2	1	2	3	2	2	5	2	2	2	5	1	5	2	1	4	5	5	4	2	2	4	3	1	1	3	1	2	1	2	2	1	1	1	2	2	2	3	3	4	3	5	4	2	2	2	3	5	3	1	2	3	1	4	5	1	2	4	2	5	3	4	2	5	2	4	2	3	3	4	3	2	3	2	2	3	2	2	4	2	4	2	2	3	4	2	2	2	3	4	3	2	4	2	3	2	4	3	0	1
10180030	5	1	2	1	3	1	4	3	2	1	2	2	2	5	4	2	1	1	2	1	3	2	2	5	1	2	5	3	3	1	3	1	4	1	5	3	5	2	5	2	3	5	1	1	2	3	1	1	2	1	1	3	3	2	4	2	5	2	1	5	1	3	2	1	4	2	4	5	4	1	1	2	1	1	5	1	1	3	3	5	2	5	2	5	1	4	2	1	5	4	3	1	5	1	1	1	1	1	5	1	5	1	2	1	5	1	1	2	2	1	2	2	4	2	1	2	4	2	0	1
10180031	3	3	3	4	2	1	5	4	2	2	3	2	3	5	2	2	3	2	2	2	5	2	2	4	2	2	4	3	3	1	3	3	3	1	3	4	4	3	4	2	4	4	3	1	2	3	1	2	2	1	2	2	3	2	4	2	4	2	4	4	4	2	3	2	4	2	4	3	3	2	2	2	2	2	4	1	3	3	3	5	3	4	4	4	2	2	3	4	3	4	3	2	3	1	2	2	2	2	5	2	4	3	4	3	4	1	1	2	1	1	3	3	3	2	3	2	2	3	0	1
10180037	5	2	2	1	3	2	3	3	2	2	1	2	2	4	3	2	2	4	2	3	5	2	3	3	2	1	4	2	2	3	2	3	3	2	5	3	5	2	5	1	1	4	2	2	2	2	1	1	2	3	2	2	3	1	3	2	3	3	2	4	2	2	2	3	3	1	3	4	3	1	1	2	2	2	4	4	2	4	3	3	2	3	1	4	1	4	2	3	3	4	2	2	3	1	1	1	2	2	3	2	3	2	3	2	3	1	2	2	2	4	2	1	4	3	2	1	3	2	0	1
10180042	5	2	1	3	2	2	4	2	2	3	3	3	3	2	3	3	2	2	3	3	5	2	3	3	2	2	3	2	3	3	3	2	3	4	1	2	4	5	2	3	4	3	3	3	2	5	2	2	3	2	4	4	4	3	5	3	1	3	3	3	5	4	3	3	5	3	2	4	2	1	2	1	2	4	3	2	2	2	4	3	3	1	2	3	2	3	2	4	3	2	3	2	1	1	5	4	2	2	4	2	3	3	3	5	4	1	4	5	3	5	3	5	3	5	3	1	3	2	0	1
10180045	3	1	1	1	3	1	3	1	1	1	1	1	1	5	1	3	4	3	3	2	1	2	1	3	1	1	4	1	1	3	4	2	3	3	1	3	5	3	3	2	1	3	4	2	1	2	1	2	2	2	3	2	2	3	3	2	3	1	2	3	2	2	2	3	2	2	3	3	3	2	2	3	2	3	3	3	1	3	3	3	2	3	3	4	2	2	3	3	2	3	3	2	3	2	3	2	2	2	3	2	3	2	3	3	3	1	3	2	3	3	3	3	3	3	2	3	3	3	0	1
10180046	5	1	1	2	2	2	2	4	2	1	2	4	3	4	2	3	4	3	2	2	4	2	2	4	2	1	4	2	3	2	1	2	3	2	2	3	5	3	2	1	5	5	4	2	2	2	1	1	2	2	3	2	2	2	3	5	3	5	2	5	1	3	2	2	3	1	4	4	3	1	4	4	1	3	4	1	1	5	2	4	2	4	2	4	1	3	1	1	3	4	2	1	3	1	1	3	1	2	3	2	2	2	2	3	4	1	3	1	3	3	5	2	4	2	2	1	3	3	0	1
10180050	3	3	3	3	3	2	3	3	2	2	3	2	3	4	3	3	3	3	3	3	4	3	3	3	3	2	3	3	2	3	3	2	3	3	2	2	3	3	3	3	3	3	3	2	3	3	2	3	3	3	2	3	3	3	3	4	3	3	3	3	3	3	4	3	3	3	3	3	3	2	3	4	2	3	3	2	3	2	2	3	3	4	3	3	2	3	2	3	3	3	3	3	3	2	3	3	3	3	2	3	3	3	3	3	2	2	2	3	3	3	3	3	3	2	3	2	3	2	0	1
10180051	5	2	5	2	3	1	4	1	2	2	2	2	3	5	1	3	3	2	3	2	5	2	2	3	2	2	4	3	4	2	4	1	4	2	1	2	4	3	4	2	3	5	2	2	2	3	2	1	2	3	1	2	3	2	3	2	3	4	2	4	3	4	3	2	2	2	4	4	3	2	2	2	3	3	5	2	2	3	3	4	2	5	1	5	2	3	2	2	3	4	2	2	4	1	2	2	1	1	5	2	4	2	4	3	4	1	2	1	2	3	3	2	5	2	2	2	4	2	0	1
10180054	4	2	1	1	1	1	3	1	1	3	2	1	1	2	3	1	1	1	1	1	3	3	2	3	1	1	3	3	2	2	3	1	2	2	3	2	5	2	2	2	3	3	2	1	1	3	1	1	2	1	1	1	3	2	5	1	2	1	5	4	2	1	2	2	3	2	3	4	2	1	1	2	1	1	3	1	1	3	5	5	3	5	2	4	1	3	1	1	3	4	2	2	4	1	3	1	1	1	4	2	3	2	3	2	5	1	3	2	2	3	3	1	2	2	3	3	3	2	0	1
10180055	2	2	3	3	3	2	3	2	3	2	4	4	2	5	2	4	3	2	3	2	5	4	4	1	1	2	2	5	2	5	2	2	2	2	2	2	4	2	2	3	4	3	3	2	3	5	2	2	3	3	3	4	2	3	4	4	2	4	4	3	4	2	4	3	4	4	2	4	2	1	1	4	4	4	2	3	1	2	4	2	4	4	4	2	4	1	5	4	2	3	4	2	2	2	2	1	4	4	3	2	3	1	1	4	2	3	2	2	2	1	4	2	2	3	4	3	4	1	0	1
10180057	5	2	1	2	3	3	4	2	1	1	2	2	2	3	2	2	2	2	2	2	2	2	2	4	1	1	4	2	2	3	3	3	3	2	2	3	4	2	4	1	2	4	1	1	1	2	1	2	2	4	3	1	3	2	4	2	3	1	1	5	3	4	2	2	2	1	2	4	2	1	2	1	1	1	4	2	1	5	3	4	1	5	1	4	1	3	1	4	4	4	2	1	3	1	4	4	1	3	2	2	4	2	1	2	4	1	1	2	4	1	3	1	4	2	3	4	4	3	0	1
