     1.000     1.000     1.000     1.000     1.000     0.087
     0.000     0.000     1.000     0.000     0.000    -0.670
     1.000     2.000     4.000     1.000     0.000     0.547
     0.000     1.000     0.000     0.000     0.000    -0.397
     1.000     1.000     1.000     0.000     1.000    -0.060
     1.000     1.000     0.000     1.000     1.000    -0.041
     0.000     0.000     0.000     0.000     1.000    -0.789
     2.000     0.000     0.000     0.000     1.000    -0.428
     0.000     0.000     1.000     0.000     1.000    -0.565
     0.000     0.000     0.000     0.000     1.000    -0.789
     1.000     1.000     1.000     1.000     1.000     0.087
     1.000     0.000     0.000     1.000     1.000    -0.378
     2.000     2.000     1.000     2.000     1.000     0.604
     2.000     1.000     1.000     1.000     2.000     0.259
     2.000     2.000     1.000     2.000     1.000     0.604
     2.000     1.000     1.000     1.000     0.000     0.132
     1.000     2.000     1.000     1.000     1.000     0.380
     2.000     1.000     1.000     1.000     1.000     0.202
     0.000     0.000     0.000     0.000     0.000    -0.937
     2.000     2.000     3.000     0.000     1.000     0.513
     1.000     1.000     1.000     1.000     1.000     0.087
     1.000     0.000     0.000     1.000     1.000    -0.378
     1.000     0.000     0.000     0.000     1.000    -0.580
     2.000     3.000     1.000     1.000     1.000     0.744
     0.000     0.000     0.000     0.000     0.000    -0.937
     1.000     1.000     1.000     1.000     0.000     0.018
     1.000     0.000     2.000     2.000     1.000     0.008
     1.000     0.000     0.000     0.000     0.000    -0.688
     1.000     0.000     0.000     0.000     0.000    -0.688
     2.000     1.000     1.000     1.000     2.000     0.259
     1.000     1.000     1.000     1.000     1.000     0.087
     0.000     0.000     1.000     1.000     0.000    -0.452
     2.000     3.000     1.000     0.000     0.000     0.552
     1.000     3.000     0.000     0.000     4.000     0.516
     1.000     1.000     1.000     1.000     1.000     0.087
     1.000     1.000     1.000     0.000     0.000    -0.132
     1.000     1.000     1.000     1.000     1.000     0.087
     1.000     0.000     0.000     0.000     0.000    -0.688
     0.000     0.000     0.000     1.000     0.000    -0.635
     2.000     0.000     2.000     2.000     0.000     0.050
     1.000     1.000     1.000     1.000     0.000     0.018
     1.000     1.000     1.000     1.000     1.000     0.087
     3.000     4.000     4.000     2.000     4.000     1.584
     3.000     1.000     2.000     3.000     0.000     0.572
     1.000     0.000     0.000     0.000     0.000    -0.688
     2.000     2.000     2.000     2.000     2.000     0.747
     0.000     0.000     2.000     1.000     1.000    -0.247
     1.000     1.000     0.000     0.000     0.000    -0.266
     1.000     1.000     1.000     2.000     1.000     0.217
     0.000     1.000     1.000     1.000     1.000    -0.035
     2.000     2.000     1.000     1.000     2.000     0.540
     0.000     0.000     0.000     0.000     1.000    -0.789
     0.000     0.000     0.000     0.000     1.000    -0.789
     1.000     0.000     0.000     0.000     2.000    -0.499
     4.000     4.000     3.000     4.000     1.000     1.688
     0.000     0.000     0.000     2.000     0.000    -0.451
     0.000     0.000     0.000     1.000     0.000    -0.635
     3.000     2.000     3.000     2.000     2.000     0.911
     3.000     1.000     2.000     1.000     2.000     0.469
     1.000     1.000     0.000     0.000     0.000    -0.266
     0.000     0.000     0.000     0.000     0.000    -0.937
     1.000     1.000     1.000     1.000     1.000     0.087
     1.000     0.000     1.000     0.000     2.000    -0.334
     2.000     2.000     1.000     3.000     2.000     0.758
     1.000     0.000     0.000     0.000     0.000    -0.688
     2.000     1.000     0.000     2.000     2.000     0.262
     0.000     0.000     1.000     1.000     1.000    -0.368
     0.000     0.000     1.000     1.000     3.000    -0.258
     2.000     2.000     0.000     2.000     1.000     0.487
     0.000     1.000     1.000     0.000     1.000    -0.186
     2.000     1.000     0.000     2.000     0.000     0.136
     0.000     0.000     0.000     0.000     0.000    -0.937
     1.000     1.000     2.000     3.000     4.000     0.548
     2.000     1.000     1.000     2.000     0.000     0.261
     2.000     2.000     2.000     2.000     1.000     0.695
     0.000     0.000     0.000     0.000     0.000    -0.937
     2.000     2.000     2.000     2.000     2.000     0.747
     2.000     0.000     1.000     0.000     1.000    -0.271
     0.000     0.000     4.000     0.000     0.000    -0.339
     1.000     1.000     0.000     1.000     1.000    -0.041
     2.000     2.000     0.000     1.000     2.000     0.423
     2.000     1.000     1.000     1.000     1.000     0.202
     1.000     1.000     2.000     0.000     0.000    -0.023
     0.000     1.000     2.000     0.000     0.000    -0.147
     1.000     1.000     1.000     1.000     1.000     0.087
     1.000     1.000     1.000     1.000     2.000     0.145
     0.000     1.000     2.000     0.000     2.000    -0.017
     1.000     2.000     2.000     2.000     2.000     0.642
     2.000     3.000     0.000     1.000     0.000     0.569
     0.000     0.000     0.000     0.000     0.000    -0.937
     2.000     1.000     2.000     1.000     2.000     0.360
     2.000     1.000     1.000     0.000     1.000     0.056
     2.000     2.000     3.000     1.000     2.000     0.699
     1.000     1.000     1.000     1.000     1.000     0.087
     1.000     1.000     0.000     0.000     1.000    -0.193
     1.000     2.000     1.000     2.000     2.000     0.550
     1.000     1.000     1.000     1.000     1.000     0.087
     3.000     4.000     0.000     3.000     0.000     1.124
     2.000     0.000     1.000     0.000     1.000    -0.271
     1.000     2.000     1.000     1.000     1.000     0.380
     0.000     1.000     0.000     0.000     0.000    -0.397
     2.000     3.000     3.000     3.000     1.000     1.103
     0.000     0.000     1.000     0.000     1.000    -0.565
     2.000     2.000     2.000     2.000     0.000     0.632
     0.000     1.000     2.000     1.000     2.000     0.129
     2.000     0.000     1.000     1.000     1.000    -0.114
     1.000     1.000     1.000     2.000     2.000     0.273
     1.000     1.000     1.000     0.000     2.000    -0.001
     1.000     0.000     2.000     2.000     2.000     0.063
     0.000     1.000     1.000     1.000     0.000    -0.105
     2.000     2.000     1.000     1.000     0.000     0.422
     1.000     1.000     0.000     0.000     0.000    -0.266
     1.000     1.000     1.000     1.000     1.000     0.087
     2.000     3.000     2.000     2.000     1.000     0.942
     0.000     1.000     0.000     0.000     0.000    -0.397
     2.000     1.000     1.000     1.000     1.000     0.202
     2.000     0.000     0.000     0.000     2.000    -0.356
     1.000     0.000     0.000     0.000     0.000    -0.688
     0.000     1.000     2.000     0.000     1.000    -0.076
     1.000     2.000     3.000     0.000     2.000     0.460
     0.000     1.000     0.000     1.000     0.000    -0.238
     0.000     1.000     1.000     1.000     0.000    -0.105
     0.000     0.000     2.000     0.000     0.000    -0.511
     2.000     3.000     3.000     2.000     1.000     1.005
     0.000     0.000     0.000     1.000     0.000    -0.635
     1.000     0.000     0.000     0.000     0.000    -0.688
     1.000     1.000     1.000     1.000     1.000     0.087
     0.000     1.000     0.000     2.000     2.000     0.028
     1.000     1.000     1.000     0.000     1.000    -0.060
     1.000     3.000     1.000     1.000     0.000     0.578
     0.000     1.000     0.000     1.000     2.000    -0.106
     2.000     1.000     0.000     2.000     1.000     0.205
     0.000     0.000     0.000     1.000     0.000    -0.635
     4.000     3.000     2.000     1.000     1.000     1.015
     1.000     0.000     0.000     0.000     0.000    -0.688
     1.000     1.000     2.000     1.000     1.000     0.192
     3.000     4.000     1.000     3.000     0.000     1.240
     2.000     2.000     1.000     1.000     1.000     0.487
     1.000     1.000     1.000     0.000     1.000    -0.060
     2.000     2.000     1.000     1.000     1.000     0.487
     0.000     1.000     1.000     0.000     1.000    -0.186
     1.000     1.000     0.000     0.000     1.000    -0.193
     1.000     0.000     0.000     1.000     1.000    -0.378
     0.000     4.000     2.000     2.000     0.000     0.915
     2.000     2.000     1.000     1.000     2.000     0.540
     0.000     0.000     0.000     0.000     1.000    -0.789
     1.000     1.000     0.000     0.000     1.000    -0.193
     2.000     1.000     1.000     3.000     2.000     0.490
     2.000     0.000     0.000     0.000     4.000    -0.272
     1.000     0.000     0.000     0.000     1.000    -0.580
     2.000     0.000     0.000     1.000     1.000    -0.250
     1.000     1.000     1.000     0.000     0.000    -0.132
     0.000     0.000     1.000     0.000     1.000    -0.565
     1.000     0.000     1.000     1.000     1.000    -0.231
     3.000     0.000     2.000     2.000     0.000     0.158
     2.000     1.000     2.000     1.000     1.000     0.304
     3.000     1.000     2.000     1.000     2.000     0.469
     1.000     2.000     2.000     3.000     2.000     0.742
     2.000     2.000     1.000     3.000     1.000     0.706
     1.000     0.000     0.000     1.000     0.000    -0.464
     1.000     1.000     1.000     1.000     1.000     0.087
     1.000     1.000     1.000     1.000     3.000     0.185
     0.000     0.000     0.000     0.000     0.000    -0.937
     0.000     0.000     0.000     0.000     0.000    -0.937
     0.000     0.000     0.000     0.000     0.000    -0.937
     0.000     0.000     0.000     0.000     0.000    -0.937
     2.000     0.000     2.000     1.000     0.000    -0.077
     1.000     1.000     1.000     1.000     1.000     0.087
     2.000     1.000     1.000     0.000     1.000     0.056
     1.000     0.000     1.000     1.000     2.000    -0.171
     0.000     0.000     1.000     0.000     0.000    -0.670
     2.000     2.000     1.000     1.000     1.000     0.487
     1.000     1.000     2.000     1.000     1.000     0.192
     2.000     1.000     1.000     3.000     0.000     0.369
     1.000     0.000     1.000     0.000     0.000    -0.491
     1.000     1.000     2.000     1.000     2.000     0.248
     0.000     0.000     0.000     0.000     3.000    -0.623
     4.000     0.000     0.000     0.000     4.000    -0.051
     0.000     0.000     0.000     0.000     1.000    -0.789
     0.000     3.000     4.000     4.000     1.000     1.067
     1.000     2.000     3.000     0.000     0.000     0.344
     2.000     1.000     1.000     1.000     1.000     0.202
     0.000     0.000     0.000     1.000     3.000    -0.409
     0.000     0.000     0.000     0.000     0.000    -0.937
     2.000     1.000     1.000     1.000     1.000     0.202
     1.000     0.000     1.000     1.000     0.000    -0.308
     2.000     1.000     2.000     0.000     1.000     0.161
     2.000     2.000     3.000     2.000     2.000     0.812
     1.000     0.000     1.000     0.000     1.000    -0.402
     1.000     1.000     1.000     1.000     1.000     0.087
     0.000     0.000     0.000     0.000     2.000    -0.687
     2.000     0.000     0.000     0.000     0.000    -0.521
     1.000     1.000     1.000     1.000     1.000     0.087
     3.000     3.000     2.000     0.000     2.000     0.850
     1.000     1.000     1.000     0.000     1.000    -0.060
     2.000     2.000     2.000     2.000     1.000     0.695
     1.000     1.000     0.000     1.000     1.000    -0.041
     1.000     0.000     2.000     1.000     1.000    -0.121
     1.000     0.000     1.000     0.000     0.000    -0.491
     0.000     1.000     0.000     1.000     1.000    -0.166
     0.000     1.000     0.000     1.000     1.000    -0.166
     1.000     1.000     2.000     1.000     0.000     0.123
     1.000     1.000     0.000     1.000     1.000    -0.041
     2.000     0.000     1.000     1.000     1.000    -0.114
     0.000     3.000     4.000     1.000     0.000     0.693
     1.000     0.000     0.000     0.000     3.000    -0.446
     1.000     1.000     2.000     1.000     2.000     0.248
     1.000     1.000     1.000     1.000     3.000     0.185
     3.000     4.000     3.000     2.000     1.000     1.354
     1.000     2.000     4.000     3.000     1.000     0.829
     1.000     1.000     1.000     1.000     1.000     0.087
     0.000     0.000     0.000     0.000     0.000    -0.937
     1.000     1.000     1.000     3.000     1.000     0.325
     0.000     0.000     0.000     0.000     2.000    -0.687
     2.000     3.000     4.000     4.000     4.000     1.412
     3.000     0.000     1.000     1.000     0.000    -0.067
     1.000     0.000     1.000     1.000     0.000    -0.308
     3.000     3.000     1.000     1.000     1.000     0.843
     1.000     0.000     0.000     0.000     0.000    -0.688
     0.000     0.000     4.000     0.000     0.000    -0.339
     1.000     1.000     1.000     1.000     1.000     0.087
     1.000     0.000     1.000     0.000     1.000    -0.402
     2.000     1.000     0.000     0.000     1.000    -0.075
     0.000     0.000     0.000     0.000     1.000    -0.789
     1.000     2.000     2.000     1.000     2.000     0.527
     1.000     0.000     0.000     2.000     0.000    -0.305
     0.000     2.000     2.000     1.000     0.000     0.299
     1.000     2.000     1.000     0.000     1.000     0.245
     1.000     0.000     1.000     0.000     2.000    -0.334
     0.000     0.000     0.000     0.000     1.000    -0.789
     0.000     0.000     2.000     0.000     2.000    -0.351
     1.000     1.000     0.000     0.000     0.000    -0.266
     1.000     0.000     1.000     2.000     1.000    -0.095
     1.000     0.000     1.000     1.000     1.000    -0.231
     1.000     1.000     1.000     1.000     1.000     0.087
     1.000     0.000     1.000     0.000     0.000    -0.491
     2.000     2.000     1.000     2.000     1.000     0.604
     2.000     1.000     1.000     2.000     1.000     0.329
     1.000     1.000     1.000     1.000     1.000     0.087
     0.000     0.000     0.000     0.000     1.000    -0.789
     0.000     0.000     0.000     0.000     0.000    -0.937
     1.000     0.000     0.000     0.000     0.000    -0.688
     2.000     0.000     0.000     0.000     1.000    -0.428
     0.000     1.000     0.000     1.000     1.000    -0.166
     2.000     3.000     4.000     1.000     1.000     0.971
     1.000     1.000     1.000     1.000     1.000     0.087
     1.000     0.000     1.000     0.000     1.000    -0.402
     1.000     0.000     0.000     1.000     0.000    -0.464
     1.000     0.000     1.000     1.000     1.000    -0.231
     2.000     2.000     3.000     2.000     2.000     0.812
     0.000     0.000     0.000     0.000     0.000    -0.937
     1.000     1.000     0.000     1.000     1.000    -0.041
     1.000     1.000     1.000     0.000     2.000    -0.001
     1.000     1.000     0.000     1.000     0.000    -0.112
     1.000     0.000     0.000     1.000     1.000    -0.378
     1.000     0.000     0.000     0.000     1.000    -0.580
     1.000     1.000     2.000     0.000     3.000     0.145
     1.000     1.000     1.000     0.000     0.000    -0.132
     1.000     0.000     1.000     0.000     0.000    -0.491
     1.000     2.000     4.000     2.000     1.000     0.727
     1.000     0.000     0.000     1.000     0.000    -0.464
     2.000     3.000     3.000     3.000     3.000     1.186
     2.000     2.000     1.000     1.000     1.000     0.487
     0.000     0.000     0.000     0.000     1.000    -0.789
     1.000     1.000     1.000     0.000     1.000    -0.060
     0.000     0.000     2.000     0.000     0.000    -0.511
     1.000     1.000     2.000     1.000     1.000     0.192
     1.000     0.000     2.000     1.000     2.000    -0.063
     2.000     2.000     3.000     2.000     1.000     0.761
     2.000     1.000     0.000     3.000     0.000     0.246
     1.000     0.000     1.000     0.000     1.000    -0.402
     0.000     0.000     1.000     0.000     2.000    -0.486
     2.000     1.000     3.000     1.000     0.000     0.308
     0.000     0.000     0.000     0.000     2.000    -0.687
     0.000     1.000     2.000     1.000     1.000     0.072
     0.000     0.000     3.000     1.000     4.000    -0.038
     0.000     0.000     1.000     1.000     1.000    -0.368
     0.000     2.000     0.000     2.000     1.000     0.270
     0.000     0.000     0.000     0.000     2.000    -0.687
     2.000     0.000     2.000     0.000     1.000    -0.156
     2.000     2.000     2.000     2.000     2.000     0.747
     0.000     0.000     0.000     1.000     1.000    -0.535
     2.000     2.000     2.000     2.000     2.000     0.747
     1.000     2.000     3.000     1.000     1.000     0.541
     1.000     1.000     2.000     1.000     0.000     0.123
     0.000     1.000     0.000     1.000     0.000    -0.238
     0.000     0.000     1.000     0.000     1.000    -0.565
     1.000     2.000     1.000     3.000     2.000     0.652
     1.000     1.000     1.000     1.000     1.000     0.087
     1.000     2.000     0.000     2.000     1.000     0.381
     1.000     0.000     0.000     0.000     1.000    -0.580
     1.000     0.000     0.000     2.000     1.000    -0.228
     1.000     1.000     1.000     1.000     1.000     0.087
     1.000     1.000     1.000     0.000     1.000    -0.060
     2.000     1.000     1.000     2.000     2.000     0.384
     1.000     1.000     1.000     0.000     0.000    -0.132
     1.000     2.000     3.000     0.000     2.000     0.460
     0.000     0.000     1.000     2.000     0.000    -0.296
     3.000     2.000     4.000     1.000     4.000     0.945
     2.000     2.000     0.000     0.000     1.000     0.234
     1.000     2.000     1.000     1.000     1.000     0.380
     2.000     2.000     0.000     0.000     2.000     0.288
     0.000     1.000     0.000     2.000     0.000    -0.102
     2.000     1.000     2.000     2.000     2.000     0.481
     3.000     3.000     3.000     1.000     4.000     1.112
     0.000     0.000     0.000     1.000     1.000    -0.535
     2.000     0.000     0.000     0.000     0.000    -0.521
     1.000     2.000     2.000     1.000     2.000     0.527
     1.000     1.000     1.000     1.000     1.000     0.087
     1.000     3.000     3.000     1.000     1.000     0.793
     1.000     2.000     1.000     1.000     0.000     0.315
     2.000     2.000     1.000     2.000     2.000     0.656
     1.000     1.000     2.000     1.000     1.000     0.192
     0.000     2.000     1.000     1.000     3.000     0.357
     2.000     3.000     2.000     2.000     3.000     1.026
     1.000     1.000     1.000     1.000     1.000     0.087
     0.000     2.000     1.000     1.000     3.000     0.357
     2.000     2.000     2.000     2.000     2.000     0.747
     1.000     2.000     1.000     2.000     1.000     0.497
     0.000     0.000     0.000     1.000     0.000    -0.635
     2.000     2.000     1.000     1.000     2.000     0.540
     2.000     3.000     1.000     1.000     2.000     0.795
     2.000     1.000     1.000     0.000     1.000     0.056
     2.000     2.000     2.000     2.000     3.000     0.783
     0.000     2.000     1.000     1.000     1.000     0.267
     1.000     3.000     0.000     1.000     2.000     0.578
     2.000     3.000     3.000     3.000     2.000     1.152
     0.000     1.000     1.000     2.000     3.000     0.194
     2.000     2.000     1.000     2.000     2.000     0.656
     2.000     0.000     1.000     0.000     0.000    -0.352
     1.000     1.000     1.000     2.000     1.000     0.217
     3.000     1.000     1.000     1.000     1.000     0.315
     1.000     1.000     1.000     2.000     1.000     0.217
     2.000     2.000     2.000     1.000     1.000     0.580
     2.000     2.000     1.000     2.000     1.000     0.604
     2.000     2.000     4.000     0.000     0.000     0.520
     0.000     0.000     1.000     2.000     0.000    -0.296
     2.000     2.000     2.000     2.000     2.000     0.747
     0.000     0.000     0.000     1.000     0.000    -0.635
     1.000     1.000     0.000     1.000     1.000    -0.041
     0.000     0.000     0.000     0.000     0.000    -0.937
     1.000     1.000     1.000     1.000     1.000     0.087
     2.000     1.000     0.000     1.000     0.000     0.004
     1.000     1.000     1.000     1.000     1.000     0.087
     0.000     0.000     1.000     0.000     0.000    -0.670
     0.000     0.000     0.000     0.000     0.000    -0.937
     1.000     1.000     1.000     0.000     2.000    -0.001
     1.000     0.000     0.000     1.000     1.000    -0.378
     1.000     1.000     0.000     2.000     0.000     0.021
     2.000     2.000     0.000     1.000     1.000     0.369
     1.000     0.000     0.000     0.000     1.000    -0.580
     3.000     0.000     2.000     0.000     0.000    -0.107
     1.000     1.000     1.000     1.000     1.000     0.087
     0.000     0.000     0.000     0.000     1.000    -0.789
     2.000     1.000     1.000     1.000     1.000     0.202
     0.000     0.000     1.000     0.000     1.000    -0.565
     1.000     0.000     1.000     1.000     1.000    -0.231
     0.000     0.000     0.000     0.000     0.000    -0.937
     0.000     1.000     1.000     1.000     1.000    -0.035
     1.000     0.000     0.000     0.000     1.000    -0.580
     2.000     2.000     1.000     2.000     2.000     0.656
