     2.000     3.000     1.000     3.000     4.000     0.734
     2.000     1.000     0.000     1.000     3.000    -0.271
     1.000     1.000     1.000     2.000     3.000    -0.202
     3.000     2.000     1.000     4.000     2.000     0.582
     1.000     1.000     0.000     2.000     1.000    -0.595
     1.000     1.000     1.000     2.000     2.000    -0.340
     1.000     1.000     0.000     1.000     3.000    -0.482
     2.000     2.000     1.000     3.000     1.000     0.125
     1.000     2.000     1.000     2.000     2.000    -0.099
     1.000     0.000     0.000     1.000     2.000    -0.897
     1.000     1.000     1.000     2.000     1.000    -0.477
     2.000     2.000     1.000     2.000     2.000     0.103
     3.000     3.000     2.000     3.000     4.000     0.982
     2.000     1.000     2.000     2.000     0.000    -0.321
     2.000     2.000     2.000     3.000     3.000     0.477
     1.000     1.000     0.000     3.000     1.000    -0.425
     2.000     3.000     2.000     2.000     2.000     0.405
     3.000     1.000     2.000     4.000     1.000     0.311
     1.000     1.000     1.000     2.000     0.000    -0.635
     3.000     3.000     4.000     4.000     3.000     1.162
     3.000     3.000     3.000     3.000     4.000     1.059
     3.000     3.000     3.000     2.000     3.000     0.769
     2.000     4.000     2.000     0.000     1.000     0.150
     1.000     3.000     4.000     4.000     3.000     0.804
     3.000     1.000     0.000     3.000     2.000     0.097
     2.000     2.000     2.000     3.000     2.000     0.348
     3.000     2.000     1.000     3.000     2.000     0.426
     1.000     3.000     1.000     3.000     1.000     0.142
     0.000     1.000     2.000     0.000     0.000    -1.139
     0.000     2.000     0.000     0.000     3.000    -0.629
     2.000     2.000     1.000     2.000     2.000     0.103
     2.000     2.000     0.000     2.000     1.000    -0.138
     0.000     1.000     1.000     3.000     2.000    -0.409
     4.000     4.000     0.000     3.000     4.000     1.192
     2.000     2.000     3.000     3.000     2.000     0.427
     2.000     3.000     1.000     3.000     2.000     0.466
     1.000     0.000     1.000     1.000     1.000    -0.910
     1.000     1.000     0.000     1.000     1.000    -0.761
     0.000     0.000     0.000     2.000     3.000    -0.834
     1.000     1.000     0.000     4.000     2.000    -0.132
     2.000     2.000     1.000     1.000     2.000    -0.060
     2.000     2.000     2.000     2.000     3.000     0.325
     3.000     4.000     4.000     3.000     4.000     1.352
     4.000     3.000     3.000     4.000     3.000     1.280
     1.000     1.000     1.000     4.000     1.000    -0.158
     2.000     2.000     2.000     2.000     2.000     0.194
     1.000     1.000     1.000     3.000     1.000    -0.311
     1.000     2.000     0.000     3.000     2.000    -0.048
     4.000     4.000     3.000     4.000     4.000     1.739
     1.000     1.000     1.000     1.000     1.000    -0.642
     3.000     2.000     2.000     3.000     4.000     0.783
     1.000     1.000     0.000     1.000     0.000    -0.929
     1.000     1.000     2.000     2.000     1.000    -0.382
     2.000     1.000     1.000     2.000     1.000    -0.266
     1.000     2.000     4.000     2.000     2.000     0.151
     4.000     3.000     1.000     4.000     4.000     1.274
     1.000     3.000     0.000     4.000     0.000     0.050
     1.000     2.000     2.000     3.000     4.000     0.419
     3.000     2.000     2.000     3.000     3.000     0.641
     1.000     1.000     0.000     3.000     2.000    -0.288
     1.000     1.000     1.000     1.000     0.000    -0.803
     1.000     1.000     0.000     1.000     1.000    -0.761
     1.000     1.000     1.000     2.000     0.000    -0.635
     1.000     1.000     2.000     3.000     2.000    -0.083
     1.000     1.000     1.000     2.000     0.000    -0.635
     2.000     2.000     2.000     2.000     3.000     0.325
     0.000     2.000     3.000     2.000     1.000    -0.289
     1.000     1.000     1.000     3.000     3.000    -0.041
     2.000     4.000     2.000     2.000     3.000     0.724
     2.000     2.000     1.000     2.000     1.000    -0.030
     2.000     2.000     4.000     4.000     3.000     0.798
     2.000     1.000     1.000     2.000     2.000    -0.131
     2.000     0.000     1.000     1.000     4.000    -0.306
     2.000     1.000     1.000     2.000     4.000     0.141
     4.000     2.000     4.000     2.000     2.000     0.690
     1.000     1.000     1.000     1.000     1.000    -0.642
     2.000     0.000     3.000     2.000     4.000     0.023
     0.000     1.000     1.000     3.000     0.000    -0.704
     0.000     0.000     0.000     4.000     0.000    -0.954
     3.000     2.000     1.000     2.000     2.000     0.275
     4.000     3.000     0.000     3.000     4.000     0.976
     1.000     1.000     2.000     1.000     1.000    -0.547
     1.000     1.000     0.000     4.000     4.000     0.144
     3.000     0.000     0.000     3.000     2.000    -0.182
     2.000     1.000     2.000     2.000     3.000     0.095
     2.000     2.000     2.000     2.000     3.000     0.325
     1.000     1.000     1.000     2.000     1.000    -0.477
     3.000     3.000     3.000     2.000     3.000     0.769
     2.000     2.000     0.000     2.000     1.000    -0.138
     1.000     1.000     1.000     1.000     1.000    -0.642
     3.000     1.000     3.000     3.000     3.000     0.495
     1.000     2.000     1.000     1.000     3.000    -0.129
     3.000     3.000     3.000     3.000     3.000     0.912
     1.000     1.000     2.000     2.000     2.000    -0.246
     1.000     2.000     2.000     2.000     3.000     0.126
     1.000     2.000     1.000     2.000     3.000     0.035
     1.000     1.000     1.000     2.000     1.000    -0.477
     2.000     4.000     3.000     2.000     3.000     0.802
     1.000     1.000     1.000     1.000     1.000    -0.642
     2.000     2.000     2.000     2.000     2.000     0.194
     2.000     2.000     0.000     2.000     0.000    -0.283
     2.000     2.000     1.000     2.000     3.000     0.235
     3.000     1.000     0.000     1.000     1.000    -0.356
     1.000     2.000     2.000     3.000     3.000     0.281
     2.000     1.000     2.000     3.000     1.000    -0.014
     3.000     1.000     2.000     1.000     2.000    -0.025
     3.000     2.000     1.000     3.000     2.000     0.426
     4.000     2.000     2.000     2.000     3.000     0.660
     1.000     2.000     2.000     2.000     2.000    -0.007
     2.000     0.000     0.000     1.000     1.000    -0.812
     2.000     1.000     2.000     3.000     2.000     0.120
     0.000     0.000     0.000     0.000     0.000    -1.746
     2.000     2.000     1.000     2.000     2.000     0.103
     3.000     2.000     3.000     3.000     2.000     0.592
     2.000     0.000     1.000     1.000     0.000    -0.853
     1.000     0.000     0.000     2.000     2.000    -0.734
     1.000     2.000     0.000     3.000     4.000     0.222
     0.000     1.000     0.000     0.000     0.000    -1.397
     2.000     0.000     2.000     3.000     1.000    -0.292
     2.000     2.000     1.000     3.000     2.000     0.258
     3.000     2.000     1.000     1.000     1.000    -0.018
     4.000     1.000     1.000     1.000     1.000    -0.095
     2.000     3.000     3.000     3.000     3.000     0.757
     4.000     3.000     4.000     4.000     4.000     1.568
     4.000     4.000     0.000     4.000     2.000     1.074
     2.000     1.000     1.000     3.000     0.000    -0.250
     0.000     1.000     1.000     2.000     0.000    -0.885
     2.000     1.000     3.000     2.000     2.000     0.044
     0.000     1.000     1.000     1.000     0.000    -1.057
     4.000     3.000     2.000     2.000     4.000     1.020
     1.000     2.000     0.000     1.000     2.000    -0.373
     2.000     2.000     2.000     3.000     2.000     0.348
     4.000     2.000     3.000     2.000     1.000     0.472
     1.000     3.000     3.000     3.000     1.000     0.308
     1.000     2.000     0.000     1.000     1.000    -0.507
     2.000     3.000     2.000     2.000     1.000     0.274
     1.000     3.000     2.000     3.000     3.000     0.488
     2.000     3.000     2.000     4.000     3.000     0.841
     1.000     3.000     2.000     2.000     3.000     0.339
     2.000     1.000     2.000     3.000     3.000     0.251
     1.000     2.000     2.000     3.000     3.000     0.281
     3.000     4.000     0.000     2.000     1.000     0.439
     1.000     1.000     1.000     2.000     1.000    -0.477
     1.000     3.000     1.000     4.000     3.000     0.556
     3.000     2.000     2.000     3.000     3.000     0.641
     0.000     1.000     1.000     1.000     1.000    -0.883
     1.000     2.000     1.000     2.000     0.000    -0.381
     3.000     3.000     2.000     3.000     3.000     0.838
     0.000     1.000     1.000     2.000     1.000    -0.717
     0.000     1.000     2.000     4.000     1.000    -0.299
     4.000     2.000     0.000     0.000     2.000     0.008
     1.000     2.000     1.000     2.000     1.000    -0.233
     2.000     1.000     0.000     2.000     2.000    -0.242
     1.000     1.000     0.000     1.000     1.000    -0.761
     4.000     3.000     1.000     3.000     3.000     0.926
     1.000     2.000     2.000     3.000     1.000     0.017
     1.000     2.000     1.000     2.000     1.000    -0.233
     3.000     2.000     1.000     2.000     2.000     0.275
     1.000     2.000     2.000     3.000     1.000     0.017
     4.000     3.000     2.000     2.000     2.000     0.736
     2.000     1.000     1.000     2.000     2.000    -0.131
     2.000     2.000     3.000     3.000     2.000     0.427
     4.000     2.000     1.000     2.000     2.000     0.437
     2.000     2.000     2.000     2.000     1.000     0.060
     4.000     4.000     4.000     4.000     3.000     1.625
     0.000     1.000     2.000     1.000     0.000    -0.955
     3.000     2.000     2.000     3.000     3.000     0.641
     1.000     1.000     2.000     1.000     3.000    -0.274
     1.000     2.000     1.000     1.000     2.000    -0.263
     2.000     2.000     1.000     1.000     1.000    -0.192
     2.000     3.000     0.000     2.000     4.000     0.481
     3.000     1.000     3.000     4.000     2.000     0.523
     1.000     1.000     1.000     2.000     1.000    -0.477
     2.000     3.000     2.000     4.000     3.000     0.841
     0.000     2.000     2.000     2.000     0.000    -0.522
     2.000     1.000     2.000     4.000     2.000     0.274
     0.000     0.000     0.000     1.000     0.000    -1.506
     4.000     0.000     0.000     4.000     0.000    -0.156
     4.000     2.000     4.000     2.000     0.000     0.413
     4.000     4.000     4.000     4.000     4.000     1.867
     1.000     2.000     1.000     3.000     4.000     0.328
     1.000     1.000     2.000     1.000     3.000    -0.274
     4.000     2.000     0.000     4.000     2.000     0.650
     1.000     3.000     2.000     3.000     0.000     0.094
     2.000     2.000     1.000     2.000     1.000    -0.030
     1.000     3.000     2.000     2.000     2.000     0.210
     2.000     2.000     2.000     3.000     4.000     0.619
     3.000     2.000     1.000     2.000     1.000     0.143
     2.000     1.000     1.000     4.000     3.000     0.315
     1.000     1.000     1.000     4.000     0.000    -0.307
     1.000     1.000     0.000     2.000     1.000    -0.595
     0.000     1.000     1.000     1.000     0.000    -1.057
     1.000     1.000     1.000     2.000     3.000    -0.202
     0.000     1.000     1.000     1.000     1.000    -0.883
     0.000     1.000     0.000     1.000     2.000    -0.868
     2.000     2.000     2.000     2.000     2.000     0.194
     1.000     1.000     0.000     0.000     1.000    -0.931
     4.000     3.000     2.000     4.000     4.000     1.376
     1.000     1.000     1.000     2.000     2.000    -0.340
     1.000     1.000     1.000     3.000     1.000    -0.311
     3.000     2.000     0.000     4.000     3.000     0.610
     2.000     2.000     1.000     4.000     4.000     0.692
     1.000     1.000     0.000     1.000     1.000    -0.761
     1.000     2.000     0.000     3.000     2.000    -0.048
     4.000     1.000     0.000     3.000     3.000     0.387
     1.000     1.000     1.000     2.000     2.000    -0.340
     2.000     2.000     0.000     2.000     2.000    -0.004
     2.000     1.000     1.000     2.000     2.000    -0.131
     3.000     1.000     3.000     3.000     3.000     0.495
     2.000     2.000     0.000     3.000     1.000     0.020
     2.000     2.000     4.000     3.000     2.000     0.505
     2.000     2.000     0.000     2.000     2.000    -0.004
     4.000     2.000     1.000     2.000     2.000     0.437
     0.000     1.000     0.000     0.000     2.000    -1.046
     4.000     4.000     4.000     4.000     4.000     1.867
     2.000     1.000     2.000     2.000     0.000    -0.321
     2.000     2.000     1.000     2.000     2.000     0.103
     3.000     1.000     1.000     4.000     4.000     0.626
     0.000     1.000     1.000     0.000     0.000    -1.246
     4.000     2.000     0.000     2.000     0.000     0.054
     2.000     1.000     1.000     1.000     0.000    -0.581
     2.000     1.000     1.000     2.000     1.000    -0.266
     1.000     2.000     2.000     2.000     4.000     0.264
     0.000     0.000     0.000     1.000     1.000    -1.294
     3.000     1.000     1.000     2.000     3.000     0.178
     2.000     1.000     2.000     2.000     1.000    -0.173
     1.000     1.000     0.000     2.000     1.000    -0.595
     2.000     2.000     0.000     2.000     1.000    -0.138
     1.000     1.000     1.000     0.000     0.000    -0.976
     0.000     1.000     0.000     0.000     4.000    -0.755
     1.000     2.000     0.000     3.000     0.000    -0.329
     0.000     1.000     0.000     2.000     2.000    -0.699
     3.000     2.000     3.000     2.000     2.000     0.443
     3.000     1.000     1.000     3.000     1.000     0.070
     2.000     1.000     3.000     3.000     2.000     0.200
     0.000     1.000     0.000     2.000     0.000    -1.018
     3.000     2.000     2.000     4.000     3.000     0.801
     1.000     2.000     1.000     2.000     2.000    -0.099
     2.000     3.000     3.000     3.000     2.000     0.631
     0.000     0.000     0.000     0.000     0.000    -1.746
     1.000     2.000     0.000     2.000     0.000    -0.496
     1.000     1.000     1.000     2.000     1.000    -0.477
     0.000     1.000     2.000     3.000     1.000    -0.451
     1.000     2.000     1.000     2.000     2.000    -0.099
     3.000     4.000     1.000     4.000     3.000     1.114
     2.000     3.000     1.000     3.000     1.000     0.336
     2.000     2.000     2.000     2.000     2.000     0.194
     0.000     1.000     1.000     1.000     1.000    -0.883
     2.000     2.000     1.000     3.000     2.000     0.258
     1.000     1.000     1.000     3.000     2.000    -0.176
     0.000     2.000     0.000     3.000     0.000    -0.565
     2.000     0.000     2.000     1.000     2.000    -0.477
     1.000     1.000     3.000     3.000     0.000    -0.282
     1.000     1.000     1.000     2.000     3.000    -0.202
     2.000     2.000     2.000     2.000     2.000     0.194
     1.000     2.000     2.000     2.000     3.000     0.126
     4.000     4.000     2.000     3.000     3.000     1.226
     1.000     0.000     3.000     4.000     3.000    -0.003
     2.000     2.000     0.000     2.000     2.000    -0.004
     3.000     2.000     2.000     4.000     2.000     0.672
     1.000     1.000     1.000     1.000     1.000    -0.642
     4.000     2.000     2.000     2.000     4.000     0.810
     1.000     3.000     2.000     2.000     3.000     0.339
     1.000     1.000     0.000     1.000     0.000    -0.929
     2.000     2.000     1.000     3.000     2.000     0.258
     1.000     3.000     1.000     2.000     0.000    -0.152
     2.000     1.000     2.000     2.000     1.000    -0.173
     2.000     2.000     2.000     2.000     2.000     0.194
     3.000     3.000     2.000     3.000     2.000     0.714
     0.000     0.000     1.000     1.000     1.000    -1.157
     1.000     1.000     1.000     2.000     2.000    -0.340
     1.000     1.000     1.000     1.000     1.000    -0.642
     1.000     2.000     1.000     3.000     1.000    -0.074
     0.000     0.000     2.000     0.000     0.000    -1.444
     2.000     1.000     2.000     2.000     1.000    -0.173
     2.000     3.000     4.000     3.000     2.000     0.709
     2.000     1.000     2.000     2.000     2.000    -0.038
     2.000     2.000     0.000     2.000     2.000    -0.004
     1.000     0.000     0.000     0.000     0.000    -1.402
     0.000     1.000     1.000     1.000     0.000    -1.057
     2.000     2.000     3.000     2.000     2.000     0.274
     2.000     1.000     1.000     1.000     1.000    -0.429
     2.000     2.000     2.000     1.000     2.000     0.030
     2.000     2.000     1.000     2.000     2.000     0.103
     2.000     3.000     2.000     4.000     3.000     0.841
     2.000     2.000     1.000     2.000     1.000    -0.030
     1.000     2.000     1.000     3.000     2.000     0.059
     3.000     3.000     2.000     2.000     3.000     0.693
     1.000     1.000     3.000     2.000     2.000    -0.162
     3.000     2.000     1.000     1.000     4.000     0.375
     4.000     1.000     3.000     2.000     0.000     0.102
     3.000     3.000     2.000     2.000     0.000     0.306
     2.000     2.000     1.000     3.000     3.000     0.388
     1.000     1.000     1.000     1.000     1.000    -0.642
     1.000     1.000     1.000     1.000     1.000    -0.642
     1.000     1.000     1.000     0.000     2.000    -0.670
     2.000     1.000     0.000     4.000     3.000     0.209
     3.000     2.000     1.000     2.000     3.000     0.404
     4.000     4.000     1.000     3.000     2.000     0.998
     4.000     3.000     3.000     4.000     2.000     1.144
     2.000     1.000     2.000     3.000     3.000     0.251
     4.000     4.000     0.000     4.000     4.000     1.402
     4.000     2.000     0.000     4.000     2.000     0.650
     3.000     2.000     2.000     2.000     1.000     0.232
     3.000     3.000     3.000     4.000     4.000     1.237
     1.000     1.000     1.000     1.000     1.000    -0.642
     4.000     3.000     0.000     2.000     3.000     0.673
     3.000     3.000     3.000     2.000     3.000     0.769
     2.000     2.000     1.000     2.000     2.000     0.103
     3.000     2.000     1.000     4.000     4.000     0.860
     2.000     2.000     2.000     3.000     3.000     0.477
     3.000     2.000     2.000     2.000     2.000     0.364
     2.000     1.000     2.000     1.000     2.000    -0.203
     2.000     2.000     1.000     3.000     4.000     0.528
     2.000     3.000     2.000     3.000     2.000     0.554
     2.000     2.000     1.000     3.000     2.000     0.258
     2.000     2.000     2.000     2.000     3.000     0.325
     2.000     2.000     3.000     2.000     2.000     0.274
     2.000     2.000     2.000     2.000     2.000     0.194
     1.000     1.000     0.000     1.000     2.000    -0.623
     2.000     1.000     1.000     1.000     2.000    -0.295
     2.000     2.000     2.000     2.000     2.000     0.194
     2.000     2.000     0.000     2.000     3.000     0.129
     1.000     3.000     3.000     4.000     2.000     0.595
     1.000     2.000     2.000     2.000     2.000    -0.007
     1.000     2.000     1.000     3.000     3.000     0.191
     2.000     3.000     1.000     3.000     2.000     0.466
     2.000     2.000     1.000     3.000     2.000     0.258
     1.000     2.000     0.000     2.000     1.000    -0.345
     2.000     2.000     0.000     2.000     2.000    -0.004
     2.000     1.000     1.000     2.000     2.000    -0.131
     2.000     3.000     2.000     2.000     2.000     0.405
     2.000     1.000     1.000     2.000     2.000    -0.131
     2.000     2.000     2.000     2.000     2.000     0.194
     2.000     2.000     3.000     3.000     3.000     0.556
     2.000     1.000     4.000     3.000     4.000     0.547
     3.000     2.000     1.000     4.000     2.000     0.582
     2.000     2.000     2.000     2.000     2.000     0.194
     0.000     0.000     1.000     2.000     3.000    -0.713
     1.000     1.000     0.000     1.000     1.000    -0.761
     0.000     0.000     0.000     0.000     0.000    -1.746
     1.000     2.000     1.000     2.000     2.000    -0.099
     1.000     1.000     1.000     1.000     0.000    -0.803
     1.000     1.000     0.000     1.000     1.000    -0.761
     2.000     2.000     0.000     3.000     0.000    -0.122
     1.000     1.000     0.000     1.000     1.000    -0.761
     0.000     2.000     0.000     2.000     1.000    -0.578
     0.000     1.000     0.000     1.000     0.000    -1.196
     3.000     3.000     2.000     3.000     4.000     0.982
     1.000     2.000     1.000     2.000     2.000    -0.099
     0.000     1.000     0.000     0.000     0.000    -1.397
     0.000     1.000     1.000     1.000     2.000    -0.744
     1.000     2.000     2.000     2.000     2.000    -0.007
     0.000     1.000     1.000     1.000     1.000    -0.883
     1.000     1.000     1.000     1.000     1.000    -0.642
     1.000     1.000     0.000     2.000     1.000    -0.595
     1.000     2.000     2.000     3.000     2.000     0.150
     0.000     1.000     0.000     1.000     2.000    -0.868
     1.000     0.000     2.000     0.000     1.000    -0.981
     3.000     2.000     2.000     0.000     2.000     0.050
     3.000     2.000     2.000     2.000     2.000     0.364
