     3.000     3.000     3.000     3.000     3.000     0.481
     2.000     3.000     2.000     3.000     0.000     0.070
     2.000     1.000     2.000     2.000     3.000    -0.694
     3.000     0.000     3.000     4.000     2.000    -0.466
     1.000     1.000     1.000     2.000     1.000    -1.072
     2.000     3.000     3.000     3.000     3.000     0.171
     2.000     3.000     2.000     4.000     1.000     0.110
     4.000     4.000     3.000     3.000     1.000     1.245
     4.000     4.000     3.000     4.000     4.000     1.280
     3.000     3.000     3.000     3.000     1.000     0.505
     3.000     3.000     3.000     3.000     3.000     0.481
     3.000     3.000     2.000     3.000     1.000     0.359
     3.000     2.000     3.000     3.000     2.000     0.140
     1.000     1.000     3.000     2.000     1.000    -0.809
     3.000     3.000     3.000     4.000     3.000     0.543
     3.000     2.000     3.000     1.000     1.000     0.050
     1.000     2.000     1.000     3.000     1.000    -0.712
     4.000     3.000     2.000     3.000     2.000     0.674
     4.000     2.000     2.000     4.000     1.000     0.397
     4.000     3.000     1.000     3.000     1.000     0.546
     2.000     3.000     2.000     3.000     3.000     0.028
     2.000     2.000     2.000     3.000     3.000    -0.314
     2.000     3.000     3.000     1.000     3.000     0.066
     3.000     3.000     2.000     2.000     3.000     0.282
     1.000     1.000     4.000     4.000     0.000    -0.544
     3.000     3.000     3.000     2.000     3.000     0.428
     4.000     4.000     3.000     2.000     2.000     1.167
     2.000     1.000     4.000     2.000     0.000    -0.366
     2.000     3.000     2.000     3.000     1.000     0.052
     2.000     3.000     2.000     2.000     1.000    -0.001
     2.000     2.000     2.000     2.000     1.000    -0.343
     3.000     4.000     3.000     3.000     1.000     0.887
     3.000     3.000     3.000     4.000     1.000     0.567
     2.000     1.000     3.000     0.000     4.000    -0.658
     3.000     2.000     2.000     3.000     2.000     0.000
     3.000     3.000     3.000     3.000     1.000     0.505
     2.000     2.000     3.000     3.000     1.000    -0.149
     4.000     4.000     4.000     4.000     1.000     1.566
     3.000     1.000     4.000     4.000     1.000     0.017
     3.000     3.000     4.000     3.000     4.000     0.633
     2.000     2.000     2.000     2.000     1.000    -0.343
     2.000     2.000     2.000     4.000     2.000    -0.247
     3.000     4.000     4.000     4.000     4.000     1.097
     3.000     1.000     1.000     4.000     3.000    -0.415
     4.000     4.000     4.000     4.000     0.000     1.595
     2.000     2.000     2.000     2.000     1.000    -0.343
     2.000     2.000     3.000     2.000     1.000    -0.201
     3.000     3.000     3.000     3.000     0.000     0.524
     4.000     4.000     4.000     4.000     4.000     1.514
     3.000     3.000     2.000     3.000     1.000     0.359
     2.000     2.000     1.000     3.000     1.000    -0.428
     2.000     2.000     2.000     2.000     0.000    -0.325
     2.000     3.000     3.000     4.000     2.000     0.240
     2.000     3.000     2.000     2.000     1.000    -0.001
     2.000     2.000     4.000     2.000     2.000    -0.062
     2.000     2.000     1.000     1.000     3.000    -0.555
     4.000     4.000     3.000     3.000     1.000     1.245
     2.000     2.000     0.000     3.000     2.000    -0.574
     2.000     2.000     3.000     2.000     2.000    -0.215
     2.000     2.000     2.000     3.000     1.000    -0.291
     3.000     2.000     2.000     4.000     1.000     0.071
     2.000     2.000     3.000     3.000     1.000    -0.149
     3.000     3.000     3.000     3.000     1.000     0.505
     2.000     2.000     1.000     2.000     1.000    -0.481
     4.000     4.000     4.000     4.000     0.000     1.595
     2.000     2.000     2.000     2.000     1.000    -0.343
     1.000     2.000     1.000     4.000     1.000    -0.658
     4.000     4.000     4.000     4.000     1.000     1.566
     2.000     3.000     3.000     2.000     1.000     0.142
     2.000     1.000     1.000     3.000     2.000    -0.765
     3.000     4.000     3.000     4.000     3.000     0.927
     0.000     1.000     2.000     3.000     0.000    -1.145
     3.000     2.000     4.000     1.000     3.000     0.179
     2.000     2.000     3.000     4.000     0.000    -0.072
     0.000     0.000     2.000     2.000     1.000    -1.578
     2.000     3.000     3.000     4.000     3.000     0.231
     2.000     3.000     2.000     2.000     1.000    -0.001
     2.000     3.000     4.000     2.000     1.000     0.299
     0.000     0.000     0.000     4.000     4.000    -1.819
     1.000     1.000     1.000     3.000     1.000    -1.022
     2.000     1.000     2.000     1.000     1.000    -0.721
     2.000     1.000     2.000     3.000     1.000    -0.620
     1.000     1.000     0.000     0.000     1.000    -1.293
     4.000     4.000     4.000     4.000     3.000     1.530
     3.000     3.000     3.000     3.000     1.000     0.505
     3.000     3.000     3.000     3.000     1.000     0.505
     2.000     4.000     2.000     3.000     1.000     0.427
     2.000     2.000     3.000     2.000     2.000    -0.215
     1.000     0.000     1.000     4.000     1.000    -1.297
     3.000     3.000     4.000     0.000     0.000     0.535
     2.000     1.000     2.000     2.000     2.000    -0.685
     2.000     2.000     2.000     3.000     1.000    -0.291
     3.000     2.000     2.000     3.000     4.000    -0.020
     3.000     3.000     2.000     3.000     1.000     0.359
     2.000     3.000     3.000     3.000     1.000     0.195
     2.000     2.000     3.000     2.000     2.000    -0.215
     3.000     2.000     2.000     3.000     1.000     0.013
     0.000     4.000     4.000     4.000     3.000     0.161
     3.000     3.000     4.000     4.000     1.000     0.732
     2.000     3.000     2.000     2.000     1.000    -0.001
     2.000     2.000     2.000     4.000     2.000    -0.247
     2.000     1.000     2.000     4.000     1.000    -0.564
     2.000     3.000     3.000     3.000     1.000     0.195
     2.000     2.000     3.000     2.000     2.000    -0.215
     2.000     2.000     2.000     4.000     1.000    -0.233
     2.000     2.000     2.000     3.000     1.000    -0.291
     3.000     3.000     3.000     2.000     2.000     0.437
     0.000     0.000     0.000     4.000     3.000    -1.804
     2.000     3.000     2.000     2.000     1.000    -0.001
     1.000     3.000     2.000     1.000     2.000    -0.363
     0.000     0.000     0.000     2.000     2.000    -1.935
     3.000     3.000     3.000     2.000     0.000     0.470
     2.000     3.000     2.000     2.000     1.000    -0.001
     2.000     2.000     2.000     2.000     2.000    -0.357
     1.000     1.000     3.000     3.000     0.000    -0.741
     2.000     2.000     1.000     2.000     1.000    -0.481
     3.000     4.000     4.000     4.000     0.000     1.158
     2.000     1.000     3.000     4.000     0.000    -0.408
     3.000     1.000     1.000     1.000     0.000    -0.527
     3.000     4.000     4.000     2.000     2.000     0.992
     3.000     3.000     3.000     1.000     1.000     0.397
     2.000     4.000     2.000     3.000     3.000     0.405
     2.000     3.000     3.000     3.000     1.000     0.195
     2.000     1.000     2.000     2.000     3.000    -0.694
     3.000     4.000     4.000     4.000     2.000     1.120
     4.000     4.000     4.000     2.000     3.000     1.367
     1.000     1.000     3.000     2.000     1.000    -0.809
     1.000     1.000     1.000     4.000     0.000    -0.951
     1.000     1.000     1.000     2.000     2.000    -1.085
     1.000     2.000     1.000     1.000     1.000    -0.811
     2.000     0.000     2.000     2.000     0.000    -0.982
     3.000     3.000     3.000     3.000     2.000     0.491
     3.000     4.000     3.000     3.000     3.000     0.862
     2.000     3.000     3.000     3.000     3.000     0.171
     2.000     0.000     3.000     2.000     1.000    -0.861
     2.000     2.000     2.000     2.000     1.000    -0.343
     2.000     2.000     3.000     2.000     1.000    -0.201
     2.000     2.000     3.000     3.000     1.000    -0.149
     3.000     3.000     3.000     4.000     0.000     0.586
     3.000     3.000     3.000     1.000     1.000     0.397
     3.000     3.000     2.000     2.000     1.000     0.305
     2.000     2.000     2.000     2.000     1.000    -0.343
     2.000     3.000     3.000     3.000     0.000     0.213
     1.000     2.000     2.000     4.000     4.000    -0.559
     3.000     2.000     1.000     3.000     2.000    -0.137
     3.000     3.000     3.000     3.000     1.000     0.505
     3.000     3.000     3.000     2.000     2.000     0.437
     3.000     1.000     2.000     2.000     2.000    -0.380
     4.000     4.000     4.000     3.000     0.000     1.497
     4.000     4.000     2.000     2.000     0.000     1.039
     2.000     1.000     2.000     2.000     0.000    -0.653
     2.000     2.000     3.000     3.000     1.000    -0.149
     3.000     3.000     3.000     3.000     2.000     0.491
     2.000     2.000     2.000     2.000     0.000    -0.325
     1.000     2.000     3.000     4.000     1.000    -0.389
     1.000     2.000     2.000     2.000     2.000    -0.645
     2.000     2.000     2.000     3.000     1.000    -0.291
     2.000     1.000     2.000     3.000     2.000    -0.633
     3.000     3.000     4.000     4.000     0.000     0.751
     3.000     3.000     2.000     2.000     1.000     0.305
     2.000     3.000     2.000     1.000     1.000    -0.053
     3.000     3.000     2.000     2.000     1.000     0.305
     4.000     3.000     3.000     2.000     2.000     0.767
     3.000     2.000     2.000     3.000     1.000     0.013
     4.000     4.000     2.000     3.000     4.000     1.038
     3.000     4.000     4.000     4.000     0.000     1.158
     1.000     2.000     3.000     3.000     1.000    -0.444
     1.000     1.000     1.000     3.000     2.000    -1.035
     1.000     2.000     3.000     2.000     0.000    -0.478
     2.000     1.000     2.000     3.000     2.000    -0.633
     4.000     2.000     4.000     4.000     3.000     0.662
     3.000     3.000     3.000     3.000     2.000     0.491
     3.000     2.000     2.000     2.000     2.000    -0.052
     2.000     3.000     4.000     3.000     1.000     0.352
     2.000     2.000     4.000     4.000     1.000     0.063
     2.000     1.000     2.000     2.000     1.000    -0.671
     0.000     0.000     2.000     4.000     0.000    -1.438
     0.000     4.000     0.000     0.000     4.000    -0.544
     4.000     4.000     4.000     4.000     0.000     1.595
     2.000     4.000     2.000     4.000     1.000     0.485
     1.000     0.000     2.000     4.000     0.000    -1.147
     3.000     3.000     3.000     3.000     1.000     0.505
     3.000     4.000     3.000     4.000     1.000     0.952
     3.000     4.000     3.000     4.000     1.000     0.952
     2.000     3.000     3.000     3.000     1.000     0.195
     1.000     3.000     3.000     3.000     0.000    -0.099
     4.000     4.000     4.000     2.000     1.000     1.398
     1.000     1.000     1.000     2.000     1.000    -1.072
     0.000     1.000     1.000     3.000     1.000    -1.293
     3.000     3.000     4.000     2.000     1.000     0.614
     2.000     2.000     2.000     2.000     2.000    -0.357
     1.000     2.000     4.000     3.000     2.000    -0.311
     1.000     1.000     2.000     3.000     3.000    -0.916
     3.000     4.000     4.000     2.000     1.000     1.007
     4.000     4.000     3.000     3.000     2.000     1.228
     3.000     3.000     2.000     2.000     1.000     0.305
     2.000     2.000     2.000     3.000     1.000    -0.291
     3.000     3.000     3.000     4.000     3.000     0.543
     2.000     2.000     3.000     3.000     0.000    -0.130
     3.000     4.000     4.000     4.000     1.000     1.137
     3.000     3.000     3.000     2.000     1.000     0.451
     3.000     3.000     4.000     4.000     1.000     0.732
     3.000     3.000     2.000     2.000     1.000     0.305
     2.000     3.000     3.000     2.000     1.000     0.142
     1.000     1.000     1.000     4.000     2.000    -0.982
     2.000     1.000     3.000     4.000     0.000    -0.408
     1.000     1.000     3.000     2.000     1.000    -0.809
     1.000     1.000     2.000     3.000     1.000    -0.894
     1.000     1.000     1.000     3.000     1.000    -1.022
     1.000     1.000     1.000     1.000     1.000    -1.121
     1.000     0.000     3.000     3.000     1.000    -1.080
     2.000     2.000     2.000     4.000     0.000    -0.215
     1.000     1.000     3.000     2.000     2.000    -0.822
     2.000     2.000     2.000     3.000     1.000    -0.291
     0.000     0.000     1.000     3.000     4.000    -1.709
     2.000     3.000     4.000     3.000     1.000     0.352
     2.000     2.000     2.000     3.000     0.000    -0.272
     2.000     1.000     1.000     2.000     3.000    -0.826
     3.000     4.000     4.000     1.000     0.000     0.968
     4.000     2.000     4.000     4.000     2.000     0.671
     2.000     3.000     2.000     3.000     1.000     0.052
     2.000     2.000     4.000     4.000     2.000     0.049
     2.000     2.000     3.000     1.000     4.000    -0.288
     2.000     3.000     3.000     2.000     0.000     0.161
     1.000     0.000     0.000     1.000     4.000    -1.640
     4.000     4.000     4.000     2.000     1.000     1.398
     3.000     3.000     1.000     3.000     0.000     0.234
     0.000     0.000     1.000     2.000     0.000    -1.710
     2.000     2.000     3.000     1.000     1.000    -0.253
     4.000     2.000     4.000     2.000     1.000     0.576
     1.000     1.000     2.000     2.000     1.000    -0.944
     2.000     2.000     4.000     4.000     0.000     0.081
     2.000     2.000     2.000     2.000     2.000    -0.357
     3.000     3.000     2.000     4.000     1.000     0.419
     3.000     4.000     3.000     1.000     1.000     0.776
     3.000     3.000     3.000     4.000     1.000     0.567
     0.000     1.000     3.000     2.000     1.000    -1.075
     2.000     2.000     3.000     2.000     1.000    -0.201
     3.000     3.000     3.000     2.000     1.000     0.451
     4.000     1.000     3.000     3.000     1.000     0.139
     3.000     4.000     2.000     4.000     2.000     0.784
     3.000     3.000     3.000     3.000     2.000     0.491
     2.000     2.000     3.000     3.000     1.000    -0.149
     3.000     4.000     3.000     3.000     0.000     0.906
     1.000     1.000     1.000     2.000     2.000    -1.085
     2.000     3.000     3.000     2.000     1.000     0.142
     2.000     2.000     3.000     3.000     1.000    -0.149
     1.000     2.000     2.000     4.000     0.000    -0.509
     3.000     3.000     4.000     4.000     1.000     0.732
     3.000     1.000     1.000     2.000     2.000    -0.509
     3.000     4.000     3.000     4.000     0.000     0.972
     3.000     3.000     4.000     4.000     1.000     0.732
     2.000     2.000     2.000     3.000     1.000    -0.291
     3.000     4.000     4.000     3.000     0.000     1.086
     3.000     3.000     3.000     3.000     1.000     0.505
     3.000     3.000     2.000     3.000     1.000     0.359
     4.000     3.000     3.000     2.000     3.000     0.757
     2.000     4.000     4.000     4.000     1.000     0.788
     4.000     2.000     4.000     3.000     1.000     0.626
     1.000     1.000     1.000     3.000     1.000    -1.022
     3.000     3.000     1.000     3.000     0.000     0.234
     3.000     3.000     2.000     1.000     0.000     0.270
     3.000     4.000     1.000     3.000     1.000     0.590
     2.000     2.000     3.000     2.000     1.000    -0.201
     2.000     2.000     3.000     4.000     3.000    -0.114
     3.000     3.000     4.000     4.000     0.000     0.751
     3.000     3.000     2.000     2.000     0.000     0.324
     2.000     2.000     2.000     2.000     0.000    -0.325
     2.000     3.000     2.000     2.000     1.000    -0.001
     3.000     3.000     3.000     4.000     1.000     0.567
     3.000     3.000     3.000     4.000     1.000     0.567
     2.000     2.000     3.000     3.000     1.000    -0.149
     3.000     3.000     3.000     3.000     0.000     0.524
     2.000     2.000     4.000     0.000     2.000    -0.156
     4.000     3.000     4.000     4.000     2.000     1.051
     2.000     2.000     0.000     4.000     3.000    -0.527
     1.000     2.000     2.000     3.000     0.000    -0.563
     2.000     2.000     2.000     2.000     2.000    -0.357
     0.000     0.000     1.000     1.000     1.000    -1.793
     3.000     1.000     3.000     2.000     1.000    -0.233
     3.000     2.000     2.000     2.000     3.000    -0.061
     1.000     2.000     3.000     3.000     0.000    -0.427
     1.000     1.000     2.000     2.000     1.000    -0.944
     1.000     2.000     2.000     3.000     2.000    -0.594
     2.000     3.000     3.000     4.000     0.000     0.273
     4.000     4.000     2.000     2.000     1.000     1.019
     3.000     3.000     3.000     3.000     1.000     0.505
     3.000     3.000     3.000     3.000     0.000     0.524
     3.000     3.000     3.000     3.000     1.000     0.505
     2.000     2.000     4.000     2.000     1.000    -0.048
     2.000     1.000     3.000     4.000     0.000    -0.408
     1.000     1.000     3.000     3.000     2.000    -0.771
     3.000     3.000     1.000     3.000     0.000     0.234
     2.000     2.000     2.000     3.000     1.000    -0.291
     2.000     2.000     2.000     2.000     1.000    -0.343
     2.000     2.000     4.000     4.000     0.000     0.081
     0.000     0.000     1.000     3.000     2.000    -1.684
     4.000     3.000     4.000     4.000     1.000     1.066
     3.000     2.000     2.000     2.000     2.000    -0.052
     2.000     3.000     3.000     3.000     2.000     0.181
     1.000     2.000     3.000     3.000     1.000    -0.444
     4.000     4.000     2.000     4.000     4.000     1.108
     4.000     4.000     2.000     4.000     0.000     1.169
     2.000     2.000     1.000     3.000     1.000    -0.428
     1.000     2.000     2.000     1.000     3.000    -0.703
     1.000     3.000     3.000     2.000     1.000    -0.166
     4.000     3.000     4.000     4.000     0.000     1.085
     2.000     2.000     2.000     2.000     2.000    -0.357
     2.000     1.000     2.000     3.000     1.000    -0.620
     1.000     1.000     3.000     3.000     1.000    -0.758
     3.000     3.000     3.000     4.000     1.000     0.567
     2.000     1.000     2.000     1.000     2.000    -0.735
     3.000     3.000     2.000     3.000     1.000     0.359
     3.000     4.000     4.000     4.000     0.000     1.158
     3.000     3.000     2.000     3.000     0.000     0.377
     3.000     3.000     2.000     2.000     1.000     0.305
     2.000     2.000     3.000     3.000     2.000    -0.162
     3.000     2.000     2.000     2.000     1.000    -0.038
     1.000     2.000     2.000     2.000     1.000    -0.632
     2.000     4.000     4.000     2.000     1.000     0.673
     1.000     2.000     1.000     2.000     1.000    -0.762
     2.000     2.000     2.000     3.000     2.000    -0.305
     3.000     2.000     3.000     3.000     2.000     0.140
     1.000     4.000     2.000     2.000     2.000     0.057
     2.000     2.000     2.000     3.000     1.000    -0.291
     3.000     2.000     3.000     2.000     1.000     0.102
     3.000     2.000     2.000     2.000     2.000    -0.052
     1.000     1.000     2.000     3.000     1.000    -0.894
     2.000     2.000     2.000     2.000     0.000    -0.325
     3.000     3.000     3.000     3.000     0.000     0.524
     3.000     4.000     2.000     2.000     1.000     0.682
     1.000     1.000     3.000     3.000     1.000    -0.758
     2.000     3.000     3.000     3.000     2.000     0.181
     3.000     3.000     3.000     3.000     2.000     0.491
     2.000     2.000     2.000     2.000     1.000    -0.343
     1.000     3.000     4.000     4.000     0.000     0.105
     2.000     3.000     3.000     2.000     2.000     0.128
     2.000     2.000     2.000     3.000     2.000    -0.305
     3.000     4.000     4.000     3.000     1.000     1.065
     2.000     2.000     2.000     2.000     1.000    -0.343
     0.000     0.000     1.000     0.000     4.000    -1.894
     2.000     2.000     3.000     3.000     1.000    -0.149
     0.000     0.000     0.000     2.000     1.000    -1.916
     2.000     2.000     2.000     2.000     0.000    -0.325
     2.000     2.000     3.000     3.000     2.000    -0.162
     2.000     2.000     3.000     4.000     0.000    -0.072
     1.000     0.000     1.000     2.000     2.000    -1.420
     2.000     2.000     3.000     3.000     0.000    -0.130
     1.000     1.000     2.000     2.000     0.000    -0.927
     3.000     3.000     3.000     3.000     1.000     0.505
     3.000     3.000     3.000     4.000     1.000     0.567
     3.000     3.000     1.000     3.000     1.000     0.216
     3.000     3.000     3.000     3.000     0.000     0.524
     4.000     4.000     3.000     2.000     2.000     1.167
     2.000     3.000     3.000     3.000     1.000     0.195
     1.000     1.000     3.000     3.000     1.000    -0.758
     3.000     2.000     4.000     3.000     2.000     0.292
     2.000     3.000     3.000     4.000     1.000     0.254
     2.000     2.000     1.000     1.000     1.000    -0.532
     0.000     2.000     3.000     4.000     0.000    -0.640
     2.000     3.000     2.000     2.000     0.000     0.017
