10010001	4	2	4	3	5	3	5	2	5	2	4	2	4	2	4	2	4	3	4	2	5	1	4	2	5	5	5	4	2	4	2	4	2	4	3	4	2	4	2	4	2	4	3	5	2	4	2	4	3	2	4	4	3	4	4	4	4	4	3	3	2	3	2	4	2	4	2	4	4	4	2	4	2	4	2	4	2	4	2	2	2	2	4	4	4	4	5	4	5	5	2	5	2	4	4	4	2	4	4	2	4	2	4	3	4	4	4	3	4	2	4	4	4	1	0
10010002	4	1	5	1	4	2	4	1	4	1	4	1	4	1	4	1	5	3	4	2	3	2	4	2	5	4	4	4	2	4	3	4	2	4	2	3	1	4	2	4	2	4	1	4	1	1	1	1	2	1	1	4	4	4	4	4	5	5	4	4	2	4	1	4	2	4	2	4	2	4	2	3	1	4	1	3	1	4	1	3	1	1	5	5	2	4	5	2	5	5	1	5	2	5	2	5	3	4	4	2	5	2	4	2	4	4	2	2	5	2	3	4	4	1	0
10010004	5	2	3	4	2	3	4	2	3	2	4	2	4	2	4	1	4	3	2	4	3	4	2	3	4	4	2	5	5	2	3	4	3	4	5	2	3	4	1	4	2	4	2	3	4	4	2	4	3	3	3	3	2	4	3	3	3	4	3	1	5	4	4	4	3	4	4	4	2	3	2	3	4	5	2	3	3	3	4	5	3	2	5	4	4	1	4	5	3	4	4	5	2	3	4	1	3	4	2	4	3	2	3	4	4	1	4	4	3	2	4	3	3	1	0
10010005	1	3	5	5	4	4	5	1	5	1	1	4	3	2	5	1	4	2	2	5	3	5	3	4	5	5	3	4	5	5	4	3	2	4	3	1	1	2	1	5	4	4	1	5	4	4	2	4	3	2	1	4	1	5	2	3	4	2	4	2	4	4	2	3	5	3	4	5	5	2	2	3	4	1	2	3	4	3	4	3	3	2	4	4	4	2	4	3	4	4	4	3	2	3	4	2	4	3	2	1	4	3	3	4	4	2	4	1	4	5	1	4	5	1	0
10010007	4	2	4	2	5	2	5	4	3	2	4	2	5	2	4	2	4	3	4	3	5	2	4	3	4	4	3	4	1	5	1	4	2	4	2	4	3	4	1	4	3	5	2	4	2	4	1	5	2	2	3	4	4	5	3	5	4	5	4	4	3	4	3	4	3	4	2	4	2	5	2	3	3	4	2	4	2	4	2	3	2	2	4	3	3	5	4	2	5	4	1	4	2	4	2	4	2	4	4	2	4	2	3	3	4	5	2	1	4	2	3	3	4	1	0
10010008	5	2	4	2	4	3	4	2	3	2	4	1	4	2	4	4	3	2	4	2	3	2	4	2	5	4	4	4	2	4	3	4	2	4	2	4	2	4	2	4	2	3	2	3	2	4	2	4	2	2	3	3	3	4	3	4	4	4	3	4	2	4	3	4	3	4	2	4	3	5	2	3	3	4	2	4	2	4	2	3	2	2	4	4	2	4	4	3	4	5	2	4	2	4	2	4	2	4	4	2	4	2	3	3	4	3	4	1	4	3	3	3	3	1	0
10010009	3	1	3	4	4	3	5	2	4	3	5	1	4	1	4	1	4	2	4	3	4	2	4	1	5	4	5	4	1	5	1	5	2	5	2	3	2	5	1	3	2	5	2	4	2	5	1	4	2	3	2	3	4	5	2	4	3	5	3	3	2	3	2	4	4	3	1	4	3	5	2	2	3	4	2	5	2	5	1	4	2	1	5	3	4	4	4	3	3	4	2	2	3	4	2	5	4	4	4	2	3	2	5	3	2	5	4	2	5	2	3	2	5	1	0
10010010	3	3	3	2	4	2	5	2	3	1	2	4	4	1	5	1	2	3	3	2	3	4	3	2	5	5	4	4	2	4	2	4	3	4	2	5	2	3	2	5	4	4	3	3	2	4	2	4	2	2	3	4	2	5	4	2	4	4	4	2	3	5	3	5	4	5	2	5	4	4	2	3	2	3	1	3	2	4	2	3	2	2	4	3	3	3	4	3	4	5	3	4	2	2	3	2	2	5	3	4	3	3	5	3	5	4	5	3	5	3	4	3	4	1	0
10010011	4	3	5	5	4	3	5	1	3	5	5	3	5	3	3	1	4	2	4	1	5	3	5	5	5	5	5	5	1	4	2	5	5	5	1	5	3	3	1	5	1	5	3	3	5	2	5	5	1	1	1	1	1	5	3	5	5	5	5	3	3	3	1	3	1	5	2	3	3	5	3	1	5	4	2	5	1	5	3	5	1	3	5	5	5	5	5	4	3	5	1	3	3	5	5	5	3	5	3	3	5	1	5	4	4	5	5	1	5	3	5	1	3	1	0
10010012	4	2	4	3	4	4	4	2	2	2	4	2	4	2	3	2	5	2	4	2	5	2	4	2	4	4	4	5	2	5	2	4	2	4	3	2	2	4	2	4	4	4	1	2	2	3	2	4	3	3	2	3	3	4	3	5	5	5	3	3	4	4	2	5	3	4	2	3	3	4	2	1	4	2	2	4	2	4	2	4	2	2	5	5	3	4	3	3	5	5	1	4	2	5	4	5	2	4	3	1	5	3	5	3	4	3	4	1	4	3	3	3	4	1	0
10010014	4	2	4	2	4	2	4	2	2	4	4	2	4	2	3	2	4	2	4	2	4	2	4	2	4	4	4	4	1	4	2	5	4	5	2	4	3	4	1	4	2	4	2	3	2	4	2	4	3	2	2	4	3	4	4	4	4	5	4	5	2	4	3	4	2	4	2	4	1	5	1	4	3	3	2	5	2	5	2	3	2	1	4	4	4	5	5	2	5	5	2	4	2	4	2	4	2	5	4	1	4	2	3	2	2	4	3	1	3	2	4	4	4	1	0
10010018	4	3	5	3	4	3	4	1	3	4	3	1	4	2	4	2	5	2	3	3	3	2	3	3	5	5	3	4	2	4	2	4	2	4	2	3	3	3	2	4	3	5	3	5	3	4	1	3	4	2	3	3	1	3	2	4	5	3	3	3	3	4	3	4	4	3	2	4	3	5	3	2	3	4	2	4	4	4	4	5	2	2	4	3	5	3	4	3	4	5	3	4	2	3	3	4	3	5	2	3	3	2	3	3	3	3	4	3	5	3	2	3	3	1	0
10010020	4	3	4	4	4	4	4	3	4	4	3	2	3	2	2	2	4	2	3	2	4	2	3	3	4	4	2	4	3	4	2	3	3	5	3	3	2	4	3	3	2	5	4	4	3	4	2	4	4	4	4	4	2	2	4	4	4	5	3	4	4	3	2	3	1	3	1	4	4	3	2	3	3	2	2	4	2	4	3	4	2	2	3	5	4	4	4	2	5	4	4	2	3	4	5	3	2	3	3	3	4	3	4	2	2	3	4	4	4	3	3	3	4	1	0
10010021	3	2	3	5	3	3	4	2	5	3	3	2	5	3	2	3	2	2	2	1	4	2	2	2	4	3	3	4	3	3	3	5	2	5	4	4	3	5	3	4	2	4	3	4	4	3	2	4	4	4	3	4	3	3	2	3	2	4	3	1	4	3	3	3	3	4	2	3	2	4	2	4	5	4	3	4	4	2	4	4	3	2	3	3	4	3	3	5	5	4	2	4	4	2	1	3	2	4	4	2	3	2	2	4	4	2	4	2	3	1	3	2	4	1	0
10010023	5	3	2	1	4	2	4	2	3	2	4	3	4	2	3	1	4	2	4	2	4	2	4	2	5	5	3	4	3	5	2	3	4	4	2	4	3	3	2	3	5	4	4	3	3	3	2	4	2	2	3	3	4	3	5	4	5	5	4	3	2	4	3	4	1	4	2	4	2	4	2	4	3	5	3	4	2	4	2	3	2	3	4	4	3	4	4	1	4	4	2	4	3	4	2	4	2	4	4	3	4	2	4	3	2	5	2	2	3	2	4	3	3	1	0
10010024	4	4	3	3	3	3	3	4	2	4	3	4	4	3	2	3	4	1	2	4	4	4	4	3	4	2	5	4	4	5	3	3	4	4	1	3	4	5	2	4	2	3	2	4	4	4	2	4	4	4	4	4	2	4	2	3	4	2	5	1	3	4	2	3	3	4	3	5	3	3	4	4	5	4	3	2	3	4	3	3	3	2	3	3	3	4	4	4	5	4	3	4	5	3	4	3	5	4	4	1	3	3	5	4	3	4	5	4	4	2	4	1	2	1	0
10010027	4	3	4	4	4	2	4	2	4	4	4	2	4	3	3	3	4	1	3	2	4	2	3	3	4	3	3	5	3	4	3	4	2	4	3	3	2	4	2	2	1	3	3	4	3	4	2	5	3	3	3	5	4	4	3	4	4	4	3	2	3	3	3	4	2	3	2	3	3	3	3	4	3	4	2	4	3	2	3	3	3	2	4	4	4	4	3	2	4	4	2	4	3	3	3	3	2	4	3	3	4	3	2	4	3	5	4	3	4	1	2	4	4	1	0
10010028	3	2	3	3	5	4	5	2	3	2	4	2	4	2	4	2	5	1	4	4	4	3	4	3	5	4	3	3	2	5	2	5	3	4	2	3	4	3	3	3	3	5	2	4	3	4	2	4	5	3	5	4	3	5	4	3	5	2	2	4	3	4	2	2	3	3	2	4	4	4	3	5	3	5	1	4	4	4	3	5	4	4	5	4	3	2	5	5	4	5	4	4	5	4	4	5	3	5	4	2	3	2	5	5	3	4	3	2	4	2	4	2	5	1	0
10010029	4	3	5	3	5	3	3	2	2	2	3	4	4	1	4	1	5	1	3	3	5	2	5	3	5	3	3	4	1	3	1	4	3	4	3	3	2	2	1	4	1	2	1	3	3	4	2	3	2	2	1	2	2	5	4	3	3	2	2	1	3	4	1	3	3	3	2	5	2	5	2	1	3	2	2	4	2	3	3	2	3	2	4	3	2	3	3	4	4	4	3	4	2	3	2	3	1	4	3	1	3	3	2	5	3	4	5	1	3	2	3	2	3	1	0
10010031	4	3	2	4	4	2	5	4	4	3	4	3	5	1	4	2	4	1	5	1	4	1	2	1	5	4	1	5	1	5	1	4	4	5	3	5	3	5	2	2	2	4	3	4	4	2	2	4	4	4	4	3	1	4	3	4	3	5	3	4	1	3	3	4	1	3	2	5	5	5	1	3	4	4	3	5	2	5	3	4	2	2	4	4	2	5	2	4	4	5	1	5	2	3	3	5	1	4	3	2	2	4	3	2	2	4	4	4	4	2	4	4	4	1	0
10010032	3	4	4	4	2	4	4	2	4	4	2	2	3	4	2	3	4	2	2	4	4	5	2	4	4	3	4	4	5	4	2	3	2	3	4	3	2	3	4	3	4	5	4	5	3	4	4	2	4	4	4	4	1	4	2	3	3	1	4	2	5	3	3	4	5	3	5	5	5	2	2	4	4	3	2	2	4	3	4	4	4	4	4	3	2	1	3	4	4	3	4	3	4	3	4	4	4	3	2	4	2	4	2	5	3	3	4	4	2	4	2	5	4	1	0
10010033	4	5	5	4	4	4	5	2	4	2	3	1	5	1	5	2	5	2	4	1	5	2	3	2	5	5	3	5	5	5	2	4	2	4	4	4	2	1	3	4	3	5	1	4	4	5	2	4	2	2	3	3	4	5	3	4	5	5	4	1	3	4	2	4	2	4	2	5	5	3	2	3	3	4	2	4	2	5	4	3	2	1	3	4	4	3	4	4	5	4	3	4	2	3	3	3	5	5	3	2	4	1	5	2	3	3	4	2	5	3	5	4	4	1	0
10010034	3	3	4	4	4	4	4	2	4	2	2	2	3	2	4	2	4	1	2	4	2	4	4	2	4	4	4	5	4	5	4	4	2	3	1	3	2	2	1	3	4	2	2	4	2	4	1	2	3	2	3	4	2	4	3	2	4	1	5	3	5	4	3	4	5	4	2	5	4	4	2	1	3	4	2	4	2	4	4	3	3	3	4	3	3	3	4	5	4	4	4	5	4	2	1	2	4	4	5	3	4	2	4	1	2	2	5	1	4	4	3	1	4	1	0
10010038	3	4	4	5	3	5	4	2	2	5	2	1	2	4	2	3	2	3	2	4	2	2	2	4	2	4	2	3	1	5	2	2	2	3	2	1	2	4	4	2	4	4	4	2	5	4	3	1	5	4	5	4	1	2	1	2	2	1	3	3	4	4	3	2	5	2	2	5	5	2	4	2	4	2	2	2	4	3	5	5	4	2	3	4	4	2	5	5	2	2	5	2	4	3	5	4	5	5	3	5	2	4	1	5	1	2	5	5	4	5	1	5	4	1	0
10010041	4	1	5	5	4	3	5	1	4	3	1	3	5	2	5	1	2	1	3	2	1	2	1	2	5	3	5	1	1	2	1	2	3	5	5	1	1	5	1	4	4	5	1	5	1	5	1	3	5	3	1	5	1	3	3	3	5	5	5	3	5	3	1	4	3	4	4	5	5	4	1	1	1	4	1	3	2	3	4	3	3	3	5	5	3	1	5	5	3	5	2	5	1	3	5	2	2	4	2	1	5	2	1	5	3	3	5	1	4	3	3	4	4	1	0
10010043	4	2	4	1	5	1	5	2	3	2	5	1	1	1	3	1	5	1	4	2	5	2	4	3	5	5	3	4	1	5	2	5	2	4	1	4	3	4	1	5	2	5	2	4	2	5	1	5	2	2	3	4	2	5	4	5	5	5	4	3	3	3	3	4	2	4	2	5	2	5	1	1	2	4	2	5	1	4	2	3	2	1	4	3	4	5	5	1	5	5	1	4	2	4	3	5	3	5	4	2	4	2	3	2	5	5	3	2	4	2	4	3	4	1	0
10010047	3	3	3	2	2	3	3	3	3	3	3	3	2	1	3	2	4	2	4	1	3	3	2	3	4	2	4	3	1	3	2	3	3	3	3	3	3	3	3	2	2	3	3	3	2	2	2	3	3	2	3	2	3	4	2	3	2	2	3	3	3	3	2	2	2	4	2	4	2	4	3	2	2	3	2	3	3	4	2	3	2	3	2	3	1	4	3	2	2	2	3	3	3	3	3	2	2	3	3	2	3	3	3	2	2	2	3	2	2	3	1	1	3	1	0
10010050	3	2	4	4	5	3	5	2	4	3	4	2	5	2	2	2	4	5	4	3	4	3	4	1	4	3	4	4	1	5	4	5	3	5	2	4	2	5	2	4	2	4	1	4	3	2	2	4	2	3	4	4	3	5	4	4	5	4	4	4	3	1	3	5	3	4	4	5	5	4	1	3	3	5	2	4	3	4	2	3	2	1	4	4	3	4	5	4	5	5	2	4	2	5	3	3	2	5	4	1	3	2	4	4	5	4	5	1	3	2	4	4	5	1	0
10020001	2	2	2	3	4	3	4	2	1	2	3	1	5	2	3	2	3	1	2	3	3	2	3	2	4	4	4	3	2	3	3	4	3	4	2	3	2	3	2	3	3	3	3	3	3	4	2	5	3	3	3	2	5	3	3	3	3	3	3	3	3	4	4	3	3	3	2	4	2	4	2	1	4	3	2	4	2	4	2	3	2	2	4	3	3	4	3	4	2	5	3	1	2	3	2	3	2	4	3	1	3	2	2	3	3	3	4	2	3	3	3	1	3	1	0
10020004	4	3	3	3	3	4	4	2	2	2	3	3	4	3	3	3	3	3	4	3	4	4	3	3	5	3	3	3	2	3	2	4	2	5	3	4	1	3	3	4	3	3	3	3	2	3	3	4	3	4	4	3	3	3	3	3	3	4	5	1	4	3	1	4	2	4	3	5	4	5	2	1	2	3	2	5	3	4	1	4	3	3	4	2	3	3	4	4	3	5	3	5	3	5	3	2	1	4	3	3	4	2	2	3	4	4	5	2	2	4	3	1	3	1	0
10020005	4	3	5	3	5	3	5	1	4	2	3	2	4	2	2	2	5	3	4	2	3	2	3	2	4	4	3	4	2	4	2	4	3	4	3	3	2	4	2	4	3	4	2	3	3	3	2	3	2	2	2	4	3	3	3	3	4	3	3	3	2	4	2	4	2	3	2	4	2	4	2	2	3	4	2	4	2	3	3	3	2	2	4	4	4	3	4	3	3	4	2	2	2	3	3	3	3	5	3	2	4	2	2	3	4	3	3	2	4	4	4	3	4	1	0
10020007	3	4	4	4	4	4	4	2	3	2	4	3	4	4	3	3	3	2	3	2	3	2	3	3	3	3	3	3	4	3	2	4	4	4	3	2	2	4	2	5	2	3	3	3	2	3	2	2	3	3	3	3	2	3	3	3	3	3	3	3	3	4	3	3	2	3	1	4	3	4	2	2	3	3	2	4	3	4	3	2	2	2	3	3	2	3	3	3	3	4	3	3	2	3	2	3	2	3	3	3	3	4	3	3	3	3	5	2	3	2	2	2	3	1	0
10020009	5	4	2	4	2	2	3	4	2	1	4	3	4	2	2	1	2	2	2	5	4	4	2	1	4	2	4	2	4	4	2	4	4	4	1	4	3	4	1	2	1	4	3	2	4	3	1	5	4	4	3	4	4	2	2	3	2	4	4	1	4	5	2	2	3	3	4	3	1	4	4	3	4	2	3	4	3	4	4	4	3	4	2	2	1	4	3	4	3	4	2	2	5	3	2	5	4	3	4	2	2	2	3	4	2	4	4	3	4	2	2	4	3	1	0
10020010	5	2	5	3	5	2	5	1	5	4	5	1	1	1	5	1	5	3	5	1	5	1	5	2	5	5	2	4	1	5	1	5	1	5	1	4	1	5	5	1	5	5	1	5	5	4	1	5	4	3	2	5	1	5	3	5	5	5	1	3	2	5	1	4	1	3	1	5	5	3	1	3	4	5	2	4	1	3	3	5	5	1	4	5	5	5	4	5	4	4	3	5	2	5	5	5	1	5	5	3	5	4	1	4	1	5	3	5	5	5	3	5	5	1	0
10020014	3	2	4	4	4	4	4	2	3	3	2	3	4	3	3	2	4	2	3	3	3	2	3	3	4	4	3	4	2	3	3	2	3	4	4	3	2	4	2	3	3	4	2	4	3	4	2	3	2	3	3	4	2	3	3	3	4	4	4	4	3	3	3	3	3	3	2	5	3	3	2	3	3	3	2	3	2	4	2	3	2	2	3	3	2	2	3	4	3	4	4	3	3	3	4	3	2	3	2	3	4	4	3	4	3	3	4	2	5	3	3	3	3	1	0
10020015	4	3	4	4	4	4	4	2	3	1	4	3	3	2	3	2	4	2	3	4	4	2	4	2	4	4	4	4	2	4	2	3	3	4	3	3	2	2	3	3	2	2	3	4	3	3	1	4	2	2	4	3	2	3	3	3	3	4	5	3	3	4	2	4	1	4	2	5	5	3	2	3	3	3	2	4	2	4	4	3	2	2	4	3	2	4	4	4	4	4	4	4	4	4	4	4	2	4	3	4	3	3	3	3	2	3	4	2	4	2	3	3	3	1	0
10020016	2	3	3	4	3	4	4	2	3	3	3	3	4	3	3	2	2	3	3	4	2	4	3	3	4	3	3	4	2	4	2	4	2	3	4	2	2	3	2	4	4	2	4	3	4	2	3	3	2	4	4	3	2	3	2	2	3	2	4	2	5	3	2	4	3	3	3	3	3	4	3	2	4	4	2	4	3	4	4	2	3	3	4	3	2	2	4	5	2	4	4	4	3	2	3	2	5	4	3	4	2	3	2	4	2	3	4	2	3	4	2	3	3	1	0
10020017	2	3	4	3	3	4	4	2	2	2	3	2	4	1	4	2	4	3	3	2	3	2	1	3	5	4	2	3	1	3	2	4	2	4	4	3	4	3	1	4	4	5	2	3	5	4	2	4	5	3	4	3	1	3	3	4	4	4	4	2	4	4	2	5	2	4	2	4	3	4	2	3	3	2	2	4	2	4	4	3	2	2	1	4	5	4	4	4	4	4	3	4	3	3	2	4	5	4	4	5	3	3	3	4	4	3	4	1	4	4	3	3	2	1	0
10020018	5	1	5	1	5	3	5	1	1	3	3	1	5	1	3	1	5	3	3	3	2	1	5	3	5	5	1	2	1	5	2	5	3	5	3	3	1	3	1	3	1	5	1	5	3	2	2	5	1	3	1	3	2	5	3	5	5	5	5	2	5	3	1	3	1	3	1	5	3	5	1	1	2	3	1	4	1	4	1	5	1	1	5	4	3	2	3	3	3	5	4	5	5	3	1	5	2	5	5	1	5	3	3	3	1	3	5	2	2	1	3	2	3	1	0
10020019	5	1	2	5	1	5	5	3	4	4	4	5	4	2	2	1	2	2	1	5	4	5	3	2	5	1	3	5	2	5	4	4	1	2	4	1	4	3	2	3	4	1	2	3	5	5	3	3	5	5	1	3	1	3	1	1	3	4	5	3	5	1	5	1	5	5	5	5	1	5	5	5	5	4	4	5	4	4	3	2	3	2	2	5	2	1	5	5	5	5	3	4	4	1	3	1	3	5	1	2	2	1	1	2	3	1	4	1	2	4	1	4	3	1	0
10020022	3	2	4	2	3	3	3	3	2	2	3	2	3	3	3	2	3	3	3	2	3	2	3	2	4	3	3	3	2	3	3	3	3	3	3	3	2	2	2	3	3	3	2	3	3	3	2	3	3	3	2	3	2	3	3	3	5	3	3	3	2	3	3	3	3	3	2	3	4	3	3	2	3	3	2	3	2	3	3	3	3	3	4	4	2	3	4	4	3	3	4	4	3	4	3	3	3	4	4	2	4	2	3	3	3	3	3	2	3	3	3	2	3	1	0
10020023	4	2	5	3	5	3	4	1	4	2	3	2	5	1	3	1	5	2	4	2	4	2	3	2	5	4	3	3	2	4	2	4	3	5	2	3	2	3	1	4	2	4	2	5	2	5	1	5	2	2	2	3	4	4	3	4	5	5	4	3	3	3	3	3	1	3	2	5	3	5	2	2	3	4	2	4	2	4	2	4	2	2	4	3	4	5	4	3	4	5	2	4	3	4	2	4	3	4	4	2	5	2	2	2	4	4	3	2	4	2	4	3	3	1	0
10020024	-99	-99	-99	-99	-99	-99	-99	-99	-99	-99	-99	-99	-99	-99	-99	-99	-99	-99	-99	-99	-99	-99	-99	-99	-99	-99	-99	-99	-99	-99	-99	-99	-99	-99	-99	-99	-99	-99	-99	-99	-99	-99	-99	-99	-99	-99	-99	-99	-99	-99	-99	-99	-99	-99	-99	-99	-99	-99	-99	-99	-99	-99	-99	-99	-99	-99	-99	-99	-99	-99	-99	-99	-99	-99	-99	-99	-99	-99	-99	-99	-99	-99	-99	-99	-99	-99	-99	-99	-99	-99	-99	-99	-99	-99	-99	-99	-99	-99	-99	-99	-99	-99	-99	-99	-99	-99	-99	-99	-99	-99	-99	-99	-99	1	0
10020029	2	5	3	5	3	3	5	5	5	4	5	3	5	3	5	5	3	5	3	5	5	4	4	3	5	5	3	5	5	5	5	5	5	4	5	5	5	2	4	1	4	2	2	5	3	4	3	4	1	2	3	4	3	2	3	2	3	5	5	5	5	2	4	5	5	4	4	3	3	4	5	4	4	4	2	4	5	4	5	5	4	4	5	5	5	5	5	5	1	4	3	1	5	5	2	3	5	5	5	5	5	4	4	4	1	4	4	3	4	3	4	1	4	1	0
10020030	2	3	4	3	4	3	4	2	5	2	2	4	4	2	3	2	4	2	2	5	3	4	4	3	4	4	5	4	2	3	2	3	2	4	2	1	2	1	4	3	5	2	4	4	2	3	2	2	3	3	5	4	1	5	3	2	4	4	5	3	5	4	4	4	5	3	2	5	3	2	2	3	4	2	1	4	5	3	3	3	2	3	4	2	1	3	4	3	4	4	3	5	2	3	4	4	2	4	3	5	3	1	2	4	4	4	3	4	1	2	2	5	5	1	0
10020031	2	1	5	5	5	4	4	1	3	3	4	4	5	2	5	1	5	2	5	5	3	2	5	2	5	4	4	4	3	5	4	4	2	4	2	1	1	2	2	3	5	4	1	4	2	5	1	3	3	3	2	4	1	4	3	3	4	3	5	2	2	3	3	5	4	3	2	5	3	5	2	2	3	5	1	5	1	5	3	3	2	3	5	3	2	3	5	4	4	5	3	2	2	5	1	3	4	5	2	1	5	2	3	3	4	2	5	1	4	4	2	3	3	1	0
10020034	3	3	3	3	3	3	3	3	3	3	3	3	3	3	3	3	3	3	3	3	3	3	3	3	3	3	3	3	3	3	3	3	3	3	3	3	3	3	3	3	3	3	3	3	3	3	3	3	3	3	3	3	3	3	3	3	3	3	3	3	2	3	2	3	3	3	2	3	3	3	2	2	4	3	2	3	3	3	3	3	2	2	3	3	3	3	3	4	3	3	3	3	3	3	3	3	2	3	3	3	3	3	3	3	3	3	3	3	3	3	3	4	4	1	0
10020035	3	4	3	4	2	2	3	3	2	3	2	5	5	3	5	3	4	2	2	1	3	2	3	4	3	3	2	4	3	3	2	3	4	4	2	2	3	3	3	2	4	2	2	3	3	1	3	4	4	3	2	2	4	3	2	3	2	4	3	3	3	3	3	3	2	2	2	3	2	3	3	2	3	3	3	4	3	3	3	4	3	2	3	2	3	3	3	4	4	4	3	3	2	3	3	3	4	3	3	3	3	4	3	4	2	3	5	2	3	3	2	2	3	1	0
10020038	4	2	4	3	4	3	4	2	3	3	3	3	4	1	3	2	4	2	4	2	4	2	4	2	5	4	4	4	1	4	2	4	3	4	2	3	2	3	2	4	2	3	2	3	2	4	2	3	2	2	2	4	4	4	3	4	5	5	3	4	2	3	3	4	3	4	1	4	2	4	2	2	3	5	2	4	3	5	3	3	2	1	3	4	4	4	5	3	5	5	2	5	3	4	3	5	3	4	4	1	4	2	3	3	4	4	3	2	4	3	3	4	3	1	0
10020040	5	5	5	5	3	4	5	1	5	5	2	1	4	5	5	4	3	1	1	4	2	4	2	3	1	3	4	5	5	3	1	2	4	5	3	1	2	2	3	2	2	5	5	5	4	4	3	3	5	1	5	5	3	3	3	2	2	2	5	3	5	2	1	4	4	2	3	5	5	4	5	2	5	2	2	3	5	3	5	5	3	3	2	4	5	2	3	5	5	3	4	4	4	2	4	3	4	2	3	5	2	5	5	5	2	4	5	3	3	1	2	5	4	1	0
10020043	4	1	5	2	4	3	4	1	3	2	2	2	4	1	4	1	5	2	4	2	3	1	3	1	5	4	3	4	2	4	1	4	2	4	2	4	2	3	2	3	4	3	2	4	2	3	1	4	2	2	2	3	2	4	3	3	5	4	3	3	2	3	2	4	1	3	2	4	2	3	2	2	2	4	2	4	2	4	2	3	2	2	3	3	3	4	4	3	4	4	2	4	2	4	2	4	2	4	3	2	3	2	3	2	3	3	3	2	4	2	4	3	3	1	0
10020047	3	4	3	5	3	2	4	2	4	3	3	3	4	3	3	3	3	3	3	5	3	4	3	3	3	3	3	4	3	3	3	3	4	2	3	2	4	3	2	3	5	3	2	4	3	4	2	2	2	4	3	3	3	3	2	3	2	3	3	2	2	4	3	3	5	3	5	4	2	4	3	4	3	3	2	4	3	3	4	3	3	4	4	3	2	4	3	3	3	4	3	3	3	3	3	3	5	4	3	2	3	4	3	4	3	3	4	2	4	4	3	4	4	1	0
10020048	4	1	4	2	3	3	3	2	3	3	5	1	3	2	3	2	3	1	3	2	3	1	5	1	3	2	3	3	1	5	2	5	3	5	4	3	2	3	1	5	4	2	1	5	2	4	2	3	3	3	2	4	3	4	3	3	2	3	5	5	3	2	2	3	3	3	1	4	3	5	4	3	3	2	3	4	2	5	2	5	2	1	3	1	2	3	2	2	3	4	3	5	2	2	1	4	3	4	4	3	3	3	3	2	3	2	5	1	1	3	3	1	3	1	0
10020051	4	2	5	4	3	2	3	1	3	3	5	3	4	2	3	2	3	3	4	3	5	3	4	3	5	4	3	5	2	3	2	4	2	3	3	4	2	4	2	5	2	3	3	4	3	4	3	4	2	3	1	4	3	3	3	3	4	4	3	3	3	3	2	3	3	5	2	5	3	3	2	3	3	5	1	4	3	4	3	3	3	2	4	4	3	3	4	3	5	4	3	5	2	3	3	4	2	4	3	3	4	3	3	3	4	3	3	2	2	3	3	3	3	1	0
10020052	4	2	4	3	4	3	4	2	3	2	4	3	4	2	3	2	3	2	4	3	4	2	4	2	4	4	3	3	1	4	2	5	3	4	2	3	3	3	1	4	3	3	2	2	2	4	2	3	3	3	1	3	4	5	3	4	3	4	4	3	1	3	2	3	3	3	2	4	1	5	2	2	3	3	2	4	2	4	3	4	3	2	4	3	2	5	3	3	5	4	2	3	2	3	2	4	3	4	4	2	3	3	3	4	4	5	3	2	4	2	3	3	3	1	0
10020053	5	5	5	5	5	1	5	5	5	5	5	5	1	5	5	5	5	5	5	5	3	3	3	3	3	3	3	3	3	3	3	3	3	3	3	3	3	3	3	3	3	3	3	3	3	3	3	3	3	3	3	3	3	3	4	2	4	3	3	3	1	1	5	5	4	4	4	3	3	1	1	1	5	5	4	4	4	2	2	5	5	5	3	3	3	3	4	4	3	3	2	2	5	5	3	3	3	3	1	4	4	3	3	1	1	3	5	4	2	4	3	4	3	1	0
10020055	5	3	4	2	5	2	5	2	5	1	4	3	5	1	5	1	5	2	5	1	5	1	5	1	5	5	4	5	1	5	2	5	3	5	1	5	2	5	1	5	2	5	2	4	2	5	1	5	2	3	1	5	5	5	5	5	5	5	5	5	1	3	4	4	1	5	1	5	1	5	4	5	2	5	3	5	1	5	3	4	3	2	4	5	5	5	5	2	5	5	1	4	3	5	1	5	1	5	5	2	5	1	2	4	5	5	2	2	4	1	5	5	4	1	0
10020065	4	1	4	5	4	2	4	2	3	3	3	4	4	3	2	2	3	2	4	1	4	1	4	3	3	4	3	4	4	4	3	4	4	5	4	3	3	4	1	4	1	3	2	4	2	1	4	5	4	5	4	4	2	2	2	3	4	5	4	2	1	2	2	4	1	3	1	3	3	5	3	3	4	3	3	4	5	5	1	4	3	2	3	4	2	2	2	4	5	5	3	4	3	5	3	4	1	5	3	2	3	4	2	4	3	2	3	2	2	3	2	2	3	1	0
10020066	2	2	1	2	4	5	4	3	5	5	3	4	4	5	3	3	1	1	4	1	3	3	1	5	4	4	4	1	4	4	3	2	3	3	2	3	3	2	4	2	3	3	3	3	2	2	2	4	2	2	3	2	3	2	3	4	4	3	2	3	5	3	3	3	2	3	3	5	3	2	2	2	1	1	3	1	3	3	4	3	3	2	3	4	2	3	4	4	3	1	3	3	3	2	1	4	2	3	4	3	3	4	3	3	4	2	1	4	4	2	2	3	4	1	0
10020067	3	1	4	2	4	4	5	2	4	3	3	1	3	2	4	2	4	2	3	4	2	3	3	3	4	4	2	3	2	4	3	3	2	2	4	3	2	3	3	4	3	4	2	4	3	1	3	3	3	3	3	3	4	4	3	2	3	3	4	2	3	3	2	3	4	4	3	4	5	3	3	3	3	4	3	3	3	3	4	4	3	4	4	3	3	3	3	5	3	4	3	3	3	3	4	3	4	4	3	3	3	3	3	4	2	3	3	2	3	3	3	3	3	1	0
10020068	4	2	3	3	3	4	3	2	1	3	4	4	4	3	2	3	2	4	3	2	4	2	3	2	3	3	4	2	5	4	3	4	3	5	3	2	3	4	1	4	3	2	2	2	2	3	2	4	2	3	4	2	2	4	2	2	1	4	4	3	2	2	2	4	2	2	2	2	3	4	3	2	3	2	3	4	3	3	2	2	3	2	4	3	2	3	3	3	5	4	2	3	2	3	1	3	1	3	1	1	2	4	2	4	3	3	4	1	2	4	1	1	2	1	0
10020073	4	2	5	4	5	4	4	1	2	2	5	2	5	1	4	1	5	2	4	1	5	3	5	2	5	4	4	4	1	4	1	5	2	5	3	4	2	4	1	5	4	4	1	4	2	4	1	4	3	2	2	5	1	4	3	4	4	5	3	1	2	3	2	3	2	3	2	3	1	5	2	1	3	5	1	5	2	4	2	3	2	1	4	2	2	4	3	3	4	5	2	4	2	4	1	4	2	4	4	1	3	2	3	3	5	3	5	1	3	2	2	1	5	1	0
10020074	3	3	4	3	4	4	4	2	3	3	3	2	3	2	3	2	4	3	3	2	3	2	3	2	4	4	4	4	2	3	2	3	3	4	3	2	2	3	2	4	3	4	3	3	3	4	2	3	2	3	3	2	2	3	2	3	4	3	4	3	2	4	3	3	3	3	2	3	4	3	2	2	3	3	2	3	2	4	2	3	2	2	4	3	3	3	4	4	3	4	4	4	3	4	2	3	3	4	3	2	4	2	3	3	3	3	3	3	4	3	3	2	3	1	0
10020076	2	2	3	3	5	3	3	3	3	2	3	3	4	2	3	2	2	2	3	2	2	2	3	3	4	4	3	3	2	3	4	3	2	4	2	3	2	4	2	3	3	3	3	3	2	4	3	3	2	2	3	2	3	2	3	2	3	2	4	2	2	2	3	3	3	3	3	4	3	5	2	1	3	3	2	5	3	4	3	3	3	1	4	4	2	2	3	4	2	5	4	3	1	4	1	2	4	5	1	1	3	2	3	2	3	1	5	3	1	2	2	2	3	1	0
10020082	5	4	2	3	4	3	4	3	3	2	4	4	4	3	3	3	4	4	4	2	4	1	4	4	4	4	2	5	3	5	4	5	4	5	2	2	3	4	3	4	3	3	4	3	4	2	2	3	4	3	3	4	3	5	2	4	4	5	3	2	3	4	3	5	3	4	2	4	5	4	3	3	4	3	4	4	2	4	5	2	3	3	4	5	2	4	4	4	5	4	3	3	2	4	5	5	3	5	5	5	4	3	3	1	5	4	4	4	5	5	4	3	3	1	0
10030001	5	3	5	5	4	3	4	1	3	2	3	1	4	1	5	4	5	1	3	4	3	5	4	3	5	5	2	5	3	5	1	5	2	4	3	2	1	1	2	4	1	5	3	5	3	5	1	5	1	2	2	3	2	5	2	3	4	5	5	1	4	3	2	3	3	5	4	5	4	3	3	5	3	4	1	4	4	4	3	5	1	2	4	5	5	3	4	3	5	5	2	3	2	2	3	5	5	5	2	3	5	3	2	5	4	4	4	1	4	2	4	2	4	1	0
10030004	3	3	3	3	3	3	3	3	3	3	3	3	3	2	4	3	3	3	4	3	4	3	3	3	3	3	3	3	3	4	3	4	3	3	3	3	3	3	3	3	3	3	3	3	1	5	1	3	3	3	3	3	3	3	4	3	4	3	3	4	3	3	3	3	3	3	2	3	3	3	3	2	3	4	3	4	3	3	3	3	3	3	3	3	3	3	4	2	4	5	2	3	1	4	2	5	2	4	2	1	4	3	3	3	4	3	4	3	4	4	3	3	3	1	0
10030007	5	1	4	1	5	2	3	2	3	2	3	2	3	2	2	3	4	1	3	1	5	1	4	2	5	5	5	5	2	5	2	5	2	5	1	5	2	4	2	3	1	4	2	3	1	5	1	5	3	2	1	3	3	5	5	5	3	5	4	3	3	3	2	3	1	4	1	5	5	3	1	3	3	3	1	5	2	2	2	3	2	2	3	4	3	3	4	2	5	5	2	3	2	3	1	5	1	4	4	2	3	3	4	1	5	5	5	2	3	2	3	3	3	1	0
10030009	2	5	1	1	5	5	5	3	2	2	5	3	5	2	3	1	5	2	5	1	5	1	5	3	5	5	3	4	1	5	4	5	5	5	1	5	1	5	3	4	3	3	1	4	3	5	3	5	5	5	2	3	3	5	5	5	5	5	5	5	2	4	2	4	1	5	4	4	1	5	2	4	5	5	2	5	2	5	3	3	2	1	5	5	4	5	5	2	4	5	2	4	3	5	2	5	5	4	4	1	5	3	5	3	4	3	5	2	4	4	5	4	5	1	0
10030010	3	4	4	4	3	3	4	2	4	3	3	2	3	3	3	2	4	2	3	3	3	2	3	3	4	4	3	4	2	4	3	3	2	4	2	3	3	3	3	3	1	4	2	4	3	3	2	4	3	3	3	4	2	4	3	3	3	4	4	3	3	2	2	4	1	3	3	4	3	3	3	4	3	4	3	3	4	4	4	4	3	2	3	3	3	3	5	4	5	4	4	5	5	3	4	3	3	4	3	2	3	3	3	4	4	4	4	3	5	4	3	4	5	1	0
10030014	3	2	3	5	4	3	3	2	3	5	3	4	3	3	2	2	4	1	3	2	3	2	3	2	2	3	3	3	3	3	1	5	3	4	3	3	2	2	3	3	5	2	2	3	3	3	2	4	3	3	2	3	3	3	1	2	3	4	4	2	4	3	2	3	2	3	3	4	3	2	2	2	4	3	2	3	3	3	2	3	2	2	4	3	2	2	3	3	3	4	2	2	3	4	4	3	2	4	3	2	3	2	2	4	3	3	5	2	3	2	2	3	3	1	0
10030016	5	5	5	3	5	3	2	1	4	1	5	1	5	2	4	1	3	3	4	3	1	4	4	4	5	5	4	5	5	5	1	5	1	5	5	5	1	3	1	5	3	5	3	5	4	4	5	3	4	3	5	3	3	5	5	5	5	5	5	1	5	5	3	2	4	3	4	5	1	4	4	2	2	5	1	4	4	5	3	5	3	2	5	4	5	5	5	2	5	5	3	3	3	4	4	5	4	5	4	3	5	1	3	5	5	3	5	2	4	5	5	5	5	1	0
10030020	3	2	4	3	4	3	4	1	3	2	4	2	4	2	3	2	5	2	4	2	4	2	4	2	4	4	4	5	2	4	3	4	2	3	3	3	1	4	2	5	2	5	2	3	3	4	2	2	2	3	2	3	3	4	3	3	4	4	5	2	2	4	3	3	4	3	1	5	3	5	1	1	3	5	2	5	3	4	2	5	1	1	4	4	3	3	5	2	4	5	2	4	2	4	3	5	5	5	4	1	4	3	4	5	5	4	4	2	5	2	3	5	4	1	0
10040002	1	1	1	2	2	3	3	4	4	4	5	5	1	1	1	2	2	1	1	1	5	5	3	2	2	2	2	2	2	3	2	2	5	4	1	4	1	2	3	2	2	2	2	2	2	2	2	3	3	3	4	4	4	4	5	5	5	1	3	3	2	3	3	2	1	3	2	3	2	2	3	2	2	3	1	4	3	4	2	3	1	2	1	2	3	3	4	3	3	5	2	5	2	4	3	4	2	4	5	2	4	2	4	4	3	4	2	2	4	2	2	4	5	1	0
10040003	5	3	5	4	5	3	5	1	5	2	4	1	5	1	4	1	5	4	4	1	5	1	3	2	5	5	3	5	1	5	1	5	2	5	5	4	2	4	3	4	4	5	2	4	3	1	1	5	1	1	3	5	2	5	4	5	5	5	3	3	2	4	2	5	4	4	2	5	5	4	1	2	2	5	2	4	2	5	4	5	2	2	5	4	5	5	4	2	4	5	2	4	2	4	3	5	2	5	4	2	4	2	4	2	3	4	3	2	4	1	4	3	4	1	0
10040004	5	3	4	3	3	3	3	3	3	3	3	3	3	3	3	3	3	3	3	3	3	3	3	3	3	3	3	5	3	5	2	3	3	5	3	5	1	3	3	3	1	3	4	3	5	3	2	5	3	3	2	3	3	3	3	3	3	5	3	3	5	3	2	4	1	3	3	3	5	2	3	5	3	3	2	3	2	3	3	3	3	3	3	3	1	4	3	5	5	5	3	5	5	1	5	3	1	4	3	3	3	3	2	5	1	3	2	5	5	3	3	3	5	1	0
10040005	5	2	4	4	4	4	4	2	3	2	3	3	5	3	3	2	4	3	2	3	3	4	3	2	5	3	3	4	3	4	3	4	1	4	3	2	2	3	2	3	3	3	3	3	2	5	2	3	3	3	3	4	1	4	2	4	4	5	4	3	5	3	3	4	3	3	4	4	5	4	4	2	3	4	2	4	2	3	2	3	2	2	4	5	2	2	4	3	5	4	2	2	4	4	2	4	3	3	2	5	4	2	3	3	4	2	3	2	4	3	2	2	3	1	0
10040006	3	3	3	3	3	3	3	3	3	3	3	3	3	2	4	3	3	4	2	4	4	3	3	3	3	3	3	3	3	3	3	3	3	3	4	4	4	3	3	3	3	3	3	5	3	3	3	3	3	3	4	4	4	4	3	3	3	5	5	3	3	3	3	3	1	5	2	3	5	3	4	1	4	2	2	5	1	3	3	4	4	4	4	4	4	3	3	4	5	5	5	5	3	2	3	3	3	4	4	2	3	3	4	5	1	3	4	5	2	5	3	4	2	1	0
10040009	5	3	3	3	5	3	5	1	2	2	4	3	5	1	3	1	4	1	5	2	4	2	5	3	5	5	3	3	3	4	3	4	3	4	1	4	3	4	2	3	2	5	3	3	3	3	3	5	2	3	2	3	5	5	3	4	4	5	5	3	3	3	2	4	1	4	2	2	2	5	2	3	4	4	5	4	1	4	3	5	3	2	3	3	4	4	5	3	4	5	3	3	3	5	2	5	5	4	4	1	3	5	3	2	3	3	5	2	3	2	3	2	2	1	0
10040011	5	2	5	5	5	1	5	1	5	1	1	1	5	1	1	1	5	1	5	5	5	5	3	1	5	5	1	5	1	5	1	4	1	5	2	5	1	1	5	5	1	5	5	5	5	5	1	5	5	5	1	5	1	5	1	5	5	5	5	5	5	5	5	5	3	5	5	3	5	3	5	5	5	5	1	3	1	5	5	5	1	5	5	5	1	3	5	5	5	5	5	5	1	5	5	5	1	5	1	5	5	1	5	1	5	3	1	5	5	1	5	1	1	1	0
10040012	4	2	4	2	4	2	3	2	2	2	3	2	3	2	3	2	3	3	2	2	3	2	3	2	4	4	3	4	2	3	2	4	2	4	2	2	2	3	2	3	2	3	3	4	3	4	2	2	4	2	3	3	2	3	4	3	3	4	2	2	2	4	2	3	2	4	1	4	3	4	2	1	1	4	2	3	1	4	2	4	2	2	4	4	3	3	4	2	4	4	1	3	3	4	2	4	1	4	4	1	4	1	4	3	2	3	3	3	5	3	4	3	4	1	0
10040015	4	2	4	4	4	3	4	2	2	4	3	2	3	2	2	4	3	1	4	1	4	2	4	2	3	4	2	4	2	4	3	3	4	3	2	2	2	4	5	4	1	2	2	2	3	2	2	4	4	4	2	4	1	5	2	4	4	4	2	2	1	4	2	4	2	4	2	5	4	3	2	2	4	2	2	4	4	4	2	3	3	2	3	3	2	3	3	5	3	3	4	1	4	4	2	3	1	4	2	1	4	3	2	2	4	2	5	2	4	2	2	4	2	1	0
10040018	3	4	4	3	4	2	3	1	3	2	3	3	4	2	4	2	2	2	3	3	2	2	3	2	4	3	3	4	2	4	5	3	2	4	2	4	2	3	2	3	5	5	3	2	1	5	1	4	2	2	2	4	2	4	3	3	4	4	3	3	3	3	3	3	2	3	2	4	3	4	3	1	2	4	2	3	3	4	3	2	2	2	3	3	3	3	4	3	5	4	3	3	2	3	4	3	3	3	3	2	3	3	4	5	3	3	3	2	2	4	3	2	4	1	0
10040019	5	2	5	4	4	3	5	1	3	2	4	1	4	1	5	1	5	2	2	2	5	2	5	2	5	5	3	3	1	5	1	5	1	4	1	3	2	3	5	3	1	5	2	2	1	1	1	4	3	2	1	4	4	4	3	5	5	5	5	3	3	4	2	5	3	3	1	5	3	4	1	1	4	4	1	3	3	4	3	4	1	1	5	4	4	5	5	4	5	5	1	5	2	4	2	5	1	5	5	3	5	1	3	3	1	5	1	2	4	2	4	5	3	1	0
10040021	2	3	5	5	4	5	4	1	3	1	2	2	5	1	3	1	4	1	2	3	4	1	3	2	5	5	3	5	1	4	1	4	4	5	2	3	3	2	1	3	1	5	3	3	3	5	1	4	4	3	4	2	1	5	3	4	5	4	5	3	4	3	2	3	2	3	1	5	3	5	1	3	4	4	1	5	1	5	3	4	3	1	4	4	2	3	3	4	4	5	3	5	3	3	2	2	2	4	3	2	4	3	3	3	3	4	5	3	4	4	5	4	3	1	0
10040024	4	4	4	4	4	3	4	2	4	3	4	3	4	2	3	2	4	2	4	3	3	2	4	3	4	4	4	4	2	4	2	4	4	5	1	4	3	3	2	4	4	4	3	4	4	2	2	4	3	2	4	3	3	4	4	4	5	5	4	5	4	4	3	3	1	4	2	5	4	5	2	1	4	4	2	4	2	5	3	5	2	2	4	4	5	4	5	3	4	4	3	5	3	3	2	5	1	5	4	2	4	2	4	5	4	5	4	4	5	4	4	4	4	1	0
10040025	4	2	5	4	5	4	5	1	4	2	4	5	5	4	4	1	4	1	4	2	4	1	3	2	5	3	2	3	2	4	2	4	3	5	2	4	2	4	1	3	1	2	2	4	2	5	2	5	2	4	2	3	2	4	2	4	5	5	3	3	3	3	1	3	1	4	1	5	4	4	3	4	3	2	2	4	2	4	2	2	2	2	4	4	2	3	4	2	4	5	4	2	2	4	3	4	1	4	4	4	4	2	2	3	3	4	5	3	4	2	2	4	4	1	0
10040027	4	3	2	5	3	5	4	3	3	3	3	4	4	2	3	2	3	3	2	1	3	2	2	1	5	5	1	2	1	2	3	3	4	4	3	5	2	2	2	2	1	3	2	3	3	2	1	4	2	3	4	2	1	2	2	3	3	3	3	4	2	3	3	2	2	4	2	3	3	4	2	2	4	2	2	3	5	3	3	2	3	2	3	2	3	3	2	3	2	4	2	5	3	3	4	3	2	3	3	2	3	3	3	3	2	3	4	4	3	3	3	3	2	1	0
10040030	4	4	5	3	3	3	3	3	3	4	4	5	3	4	3	4	3	3	3	4	3	3	4	2	3	3	4	4	3	4	4	3	3	4	3	4	4	4	3	3	4	3	3	4	3	3	4	4	3	3	3	4	3	3	3	3	4	4	4	4	4	4	4	3	4	4	4	4	4	3	4	4	3	4	3	3	3	4	3	3	3	2	3	3	4	3	5	3	4	5	3	3	3	4	3	3	3	4	4	3	5	4	3	4	4	4	3	4	3	3	4	4	3	1	0
10040031	3	3	5	3	4	1	4	1	3	1	4	1	4	1	3	2	5	3	3	2	5	3	5	2	5	5	5	4	1	5	2	4	2	4	3	5	1	2	3	2	2	3	2	4	2	5	1	5	1	1	1	1	2	5	5	5	5	5	4	5	3	5	1	5	2	5	3	5	3	5	1	5	1	3	1	5	1	5	3	3	1	2	5	4	3	5	5	1	5	5	2	4	2	5	3	5	2	5	5	5	5	1	5	1	4	5	3	2	5	2	5	2	5	1	0
10040033	5	3	5	3	4	3	5	1	3	1	3	1	5	1	4	1	5	2	4	1	3	1	4	2	5	4	3	3	2	4	1	3	2	5	3	4	1	3	2	4	3	3	2	3	3	4	1	5	2	2	1	2	3	3	5	4	4	5	5	3	3	3	3	4	1	4	2	4	2	5	2	2	2	5	1	5	2	5	3	1	1	1	4	4	3	5	5	2	5	5	2	5	2	4	1	3	2	5	4	1	5	1	4	2	4	2	2	1	5	4	5	1	3	1	0
10040035	4	2	4	3	4	3	4	2	4	3	5	4	5	2	4	3	5	3	4	2	5	2	4	2	5	4	4	4	3	5	3	5	2	4	2	4	2	4	4	4	2	3	2	3	3	4	2	4	2	2	2	4	2	4	4	4	4	5	4	4	1	4	4	4	3	4	1	4	3	3	2	3	2	4	2	4	2	4	3	2	2	2	4	4	3	4	4	2	4	5	2	4	2	4	4	5	2	4	4	4	4	2	4	2	4	3	4	3	4	2	4	4	4	1	0
10040036	3	3	4	5	4	3	2	2	2	3	2	3	4	2	3	2	4	1	3	1	4	3	4	3	4	4	2	3	3	4	3	3	5	5	2	3	3	2	2	3	3	3	2	3	2	3	2	3	3	3	2	3	4	4	3	3	4	4	3	2	3	3	2	4	1	3	1	4	4	4	2	3	3	3	1	3	4	4	3	3	2	1	4	3	2	1	4	5	5	5	3	4	2	4	3	2	2	4	4	2	3	2	1	3	3	3	3	3	4	1	3	1	3	1	0
10040037	3	4	3	3	3	2	2	3	2	2	3	3	3	3	4	3	2	2	3	3	4	3	3	3	2	5	4	3	4	4	3	5	3	5	3	4	3	5	1	1	3	3	3	2	4	3	4	3	4	4	4	4	2	1	4	4	5	5	4	4	3	4	3	4	3	3	4	3	3	3	5	4	3	4	2	2	3	4	3	4	4	4	1	2	2	1	3	4	4	4	4	4	3	4	3	3	4	4	3	4	4	3	4	4	4	4	4	4	4	4	3	4	4	1	0
10040042	2	4	4	4	2	4	3	2	2	4	2	4	3	4	4	3	2	4	2	4	3	4	2	4	4	4	3	2	2	2	2	3	3	4	4	2	2	3	2	2	2	4	4	2	3	2	4	3	4	4	4	2	2	2	2	2	2	1	2	2	5	2	4	2	5	2	2	3	4	4	4	2	5	3	2	3	4	2	4	4	2	4	3	2	4	2	4	5	3	4	5	4	4	3	4	2	4	4	2	3	3	4	2	5	2	2	5	2	3	3	2	2	2	1	0
10040043	4	3	4	4	4	4	4	1	4	2	4	4	5	1	3	2	5	2	3	2	4	3	4	3	4	4	2	2	2	4	4	4	2	4	1	2	2	3	2	2	3	2	3	3	3	1	1	3	3	2	2	4	1	4	2	4	4	4	4	3	3	3	2	3	3	3	2	4	2	4	2	2	4	4	2	5	3	4	2	2	2	2	4	4	2	3	3	4	4	4	2	4	2	4	2	4	2	4	3	2	4	2	3	2	3	4	4	2	3	3	3	4	3	1	0
10040050	3	4	4	3	2	3	3	3	3	3	3	4	3	3	3	3	3	5	3	4	3	3	3	3	3	3	4	2	2	3	2	1	3	3	2	3	3	5	3	2	3	2	3	2	2	3	3	4	3	3	3	3	2	2	3	3	3	2	3	3	4	3	3	3	2	4	4	3	3	3	3	3	2	3	1	4	1	3	3	2	3	3	1	2	2	4	3	3	2	3	5	3	2	3	2	3	3	3	3	2	3	3	3	3	3	3	3	3	1	1	5	4	3	1	0
10050002	4	2	4	3	4	2	3	2	2	2	3	4	4	3	3	2	3	2	3	2	4	2	2	2	4	3	4	3	2	4	3	3	3	4	2	2	3	4	2	4	3	2	2	2	2	2	2	3	2	3	2	3	2	3	2	4	3	4	3	3	2	3	2	3	3	2	2	3	2	4	2	3	3	2	2	3	4	4	2	4	2	3	3	4	2	4	3	3	4	4	3	3	3	3	3	5	3	3	4	2	2	3	2	3	4	4	3	2	3	2	2	2	3	1	0
10050004	5	5	5	4	4	3	3	4	4	4	5	5	5	1	1	5	5	1	1	1	4	4	5	5	5	5	5	4	4	3	2	2	1	1	1	2	3	3	4	5	5	5	5	4	4	5	4	4	3	4	2	3	3	2	1	2	1	4	4	4	4	4	5	4	5	4	4	5	5	5	5	4	4	5	3	3	3	3	3	4	4	4	4	4	4	4	5	4	5	5	3	5	4	5	1	4	1	5	3	1	5	5	5	1	1	1	1	4	5	5	5	4	2	1	0
10050005	4	3	5	4	4	3	4	1	1	2	5	1	5	2	4	2	5	2	4	2	2	3	3	2	5	4	3	4	3	4	2	4	2	4	2	3	2	3	2	3	3	5	2	2	3	2	2	3	2	3	2	2	3	4	3	3	4	4	4	3	2	3	2	3	4	3	2	2	2	4	2	2	2	4	2	4	2	4	3	3	2	3	3	3	4	3	4	3	3	4	3	5	2	4	2	4	4	5	3	2	3	2	4	4	4	3	4	2	4	4	3	2	3	1	0
10050006	3	2	3	2	3	3	4	2	3	2	3	3	3	3	3	3	3	3	3	3	3	3	3	3	3	3	3	3	2	3	3	3	3	3	3	3	3	3	2	3	3	3	2	3	3	3	2	3	3	3	2	3	3	3	3	3	3	3	4	3	2	3	3	3	2	4	2	3	2	3	2	3	3	3	2	3	2	3	3	3	3	3	3	3	3	3	4	4	4	4	3	3	4	3	3	3	2	4	3	3	3	3	3	2	3	3	4	2	3	3	3	3	4	1	0
10050007	3	3	3	2	5	3	5	1	3	1	3	3	2	3	3	2	3	1	4	3	5	3	4	3	4	2	1	3	1	5	1	3	3	3	1	2	3	5	4	4	3	3	4	2	2	2	1	3	2	3	3	4	3	4	2	4	5	3	3	3	1	3	1	3	1	3	1	5	1	5	1	3	2	3	3	3	1	3	1	3	1	1	4	4	2	4	3	3	4	2	3	3	2	2	4	2	3	3	3	3	3	4	1	1	1	4	3	1	2	3	3	3	3	1	0
10050008	2	2	2	4	2	2	2	3	3	2	1	3	2	1	1	5	2	4	4	3	1	5	1	4	2	4	5	2	4	3	2	2	5	3	2	5	2	3	1	1	4	4	5	5	3	1	3	2	1	3	3	2	1	2	2	4	2	1	1	1	1	4	1	1	1	4	2	2	4	1	3	2	3	4	1	3	3	5	3	1	3	4	3	5	3	3	3	2	1	3	1	1	2	2	2	5	3	3	3	4	5	4	5	5	4	4	1	4	3	1	1	1	5	1	0
10050009	3	2	3	5	3	3	4	2	2	3	4	1	4	2	2	2	3	2	3	3	4	2	2	2	3	4	4	4	2	4	2	4	3	4	2	2	2	4	2	4	4	4	2	2	2	4	2	2	3	3	1	3	4	4	2	2	4	4	3	3	3	3	2	3	3	2	2	4	1	3	2	4	4	4	2	4	3	2	2	2	2	3	3	3	4	4	4	4	4	4	2	4	2	4	2	4	2	4	4	2	4	2	2	4	4	4	5	1	4	4	3	3	4	1	0
10050012	2	4	3	4	3	4	3	3	3	4	4	4	3	3	4	2	3	5	3	3	4	4	3	4	2	3	4	2	3	4	3	3	4	4	2	4	4	4	4	2	3	2	4	3	3	4	4	3	3	3	3	4	3	4	3	3	3	3	3	3	3	3	4	3	3	4	3	2	3	3	3	3	4	3	4	3	3	3	4	3	3	4	3	4	4	3	2	3	2	4	4	3	2	2	3	4	3	3	2	3	3	3	3	2	2	2	3	3	3	4	2	3	3	1	0
10050013	4	2	4	3	4	2	4	2	4	3	3	2	4	3	3	3	4	3	3	2	4	2	3	3	4	3	4	4	2	3	3	3	3	5	3	4	3	3	3	4	3	4	2	5	3	4	2	4	3	4	2	4	3	4	4	3	4	4	5	3	4	4	3	4	1	4	1	3	1	4	2	3	3	3	2	4	4	4	2	4	2	2	4	3	3	3	4	3	4	4	2	3	2	4	3	3	1	4	3	3	4	2	3	3	3	3	3	3	4	3	3	2	4	1	0
10050015	3	3	3	3	5	4	4	2	3	2	2	3	3	3	3	2	3	3	3	3	3	3	3	3	5	3	4	3	3	4	2	4	3	5	3	5	2	3	2	4	3	5	2	3	2	1	3	2	3	3	3	3	4	4	4	4	5	4	4	4	3	5	2	3	3	4	4	4	3	3	3	2	3	3	2	3	2	4	3	5	4	4	4	3	4	3	5	3	3	4	3	4	3	3	4	4	3	4	3	2	3	3	3	3	3	3	3	3	3	3	3	3	3	1	0
10050016	4	3	4	4	4	4	4	3	4	3	3	3	4	3	3	3	3	3	3	3	3	3	4	3	3	3	3	3	5	4	3	4	4	4	4	3	2	5	1	4	4	4	3	3	3	4	3	3	3	3	4	4	2	3	3	3	4	2	4	2	3	4	3	3	4	3	3	4	4	4	3	3	3	4	2	4	4	4	4	4	3	3	4	4	4	3	4	4	4	4	2	4	3	4	3	4	3	4	2	2	4	3	2	3	3	2	4	2	3	4	4	3	4	1	0
10050018	5	5	4	4	4	3	4	1	5	1	4	1	5	1	5	1	5	3	5	1	4	1	4	1	5	5	5	5	3	5	1	5	1	5	1	3	1	5	1	3	1	5	1	5	1	1	1	3	1	1	1	4	1	5	5	4	5	5	2	3	4	4	1	5	2	4	1	5	2	5	2	1	3	4	1	5	1	5	4	4	2	1	4	4	5	5	4	5	5	5	2	3	4	3	4	4	1	5	4	3	5	2	4	3	4	5	3	1	3	1	5	5	5	1	0
10050024	3	2	3	2	2	3	3	3	3	3	3	3	3	3	3	3	3	3	3	3	3	3	3	3	3	3	3	4	3	4	2	3	3	4	2	3	3	2	3	3	2	4	1	2	4	2	2	3	3	3	1	1	3	3	3	3	3	3	4	2	3	3	1	4	4	3	3	3	1	4	3	2	2	3	2	5	2	5	4	4	3	4	2	3	4	4	3	4	5	5	2	5	5	5	3	4	1	4	4	1	5	4	2	2	2	3	4	4	3	3	1	1	2	1	0
10050025	5	2	5	5	4	5	3	1	3	4	4	2	3	1	1	2	4	4	3	2	3	2	5	3	3	2	4	5	1	4	4	4	3	4	2	4	2	3	4	4	2	3	4	4	2	4	2	1	1	4	4	3	2	5	2	3	3	2	5	4	3	3	2	4	5	3	2	1	5	4	2	3	3	5	2	4	4	4	2	1	2	4	3	4	2	2	3	4	5	5	3	4	3	3	4	3	3	3	3	5	2	3	3	4	3	2	5	2	3	4	2	1	3	1	0
10050027	4	3	2	4	4	2	3	5	4	4	5	1	4	2	4	2	5	1	4	1	5	4	5	2	5	3	3	2	4	5	3	4	4	5	1	4	4	3	3	4	1	5	2	3	4	3	2	5	3	3	2	4	4	4	2	4	4	5	4	2	4	3	2	4	1	4	3	4	2	4	3	5	4	4	4	4	2	3	3	4	2	2	3	4	4	5	3	1	4	4	3	4	3	3	3	5	2	3	5	2	4	3	3	5	4	5	4	4	2	1	4	3	3	1	0
10050028	3	2	2	4	3	3	4	4	1	3	3	4	4	3	3	2	3	1	3	5	3	4	4	2	5	3	1	1	1	3	4	3	3	2	5	1	1	1	1	3	5	3	3	1	4	1	1	1	2	3	5	3	3	3	1	1	3	1	5	3	4	1	1	4	5	3	4	2	5	4	2	1	4	3	3	5	3	5	4	3	2	3	4	2	1	1	4	5	5	5	4	3	4	1	3	2	5	5	1	3	3	1	4	4	3	1	1	1	3	3	1	1	3	1	0
10050030	-99	-99	-99	-99	-99	-99	-99	-99	-99	-99	-99	-99	-99	-99	-99	-99	-99	-99	-99	-99	-99	-99	-99	-99	-99	-99	-99	-99	-99	-99	-99	-99	-99	-99	-99	-99	-99	-99	-99	-99	-99	-99	-99	-99	-99	-99	-99	-99	-99	-99	-99	-99	-99	-99	-99	-99	-99	-99	-99	-99	-99	-99	-99	-99	-99	-99	-99	-99	-99	-99	-99	-99	-99	-99	-99	-99	-99	-99	-99	-99	-99	-99	-99	-99	-99	-99	-99	-99	-99	-99	-99	-99	-99	-99	-99	-99	-99	-99	-99	-99	-99	-99	-99	-99	-99	-99	-99	-99	-99	-99	-99	-99	-99	1	0
10050032	2	3	4	3	2	3	2	2	2	3	3	2	3	3	2	3	2	2	3	3	3	3	3	3	2	3	3	3	2	3	3	3	3	3	3	2	3	3	2	3	2	2	3	2	3	3	3	3	3	3	3	3	2	3	3	3	2	3	4	3	3	2	2	2	4	2	2	3	4	3	2	1	3	2	2	3	3	2	3	3	2	2	2	1	2	3	2	3	3	3	3	3	2	2	2	2	2	3	2	3	2	2	1	3	3	2	4	2	2	2	3	2	2	1	0
10050035	4	3	2	3	2	2	3	3	4	3	3	3	2	3	3	3	5	3	3	3	4	3	3	3	3	4	3	3	4	4	4	5	3	3	3	3	4	3	3	4	5	4	3	4	3	3	4	3	3	3	3	3	3	3	4	2	2	3	3	3	3	3	3	3	3	3	3	3	3	3	3	3	3	3	4	3	3	3	4	3	3	3	3	3	3	3	3	3	3	3	3	3	4	3	5	3	3	3	3	3	4	3	3	3	3	3	3	3	3	3	3	3	3	1	0
10050039	3	2	2	1	4	2	4	2	3	1	3	2	3	1	3	1	4	1	4	1	4	1	3	2	5	3	4	4	2	4	1	4	2	5	1	5	1	1	1	4	1	3	3	4	1	4	1	5	2	1	1	3	1	4	4	4	4	5	4	1	2	3	1	4	1	3	1	4	3	4	1	3	2	5	2	3	2	4	2	2	1	1	4	3	3	4	4	1	5	5	1	5	1	4	2	4	1	4	3	1	3	2	4	2	3	4	4	2	4	2	4	3	4	1	0
10050040	2	2	3	3	3	3	2	3	3	2	3	3	2	2	4	2	4	2	3	2	3	2	3	3	2	2	3	2	4	3	3	3	3	3	3	2	3	3	3	3	3	4	2	2	2	3	2	2	5	3	2	3	3	3	3	2	3	2	3	4	3	3	3	3	3	3	2	3	2	3	3	1	4	3	3	3	2	3	3	4	2	3	2	2	4	3	5	5	2	4	4	4	3	4	4	2	3	3	2	2	3	2	3	3	2	2	4	2	3	3	3	2	3	1	0
10050046	3	4	1	1	5	1	5	1	3	3	5	3	5	1	5	1	5	1	5	5	5	3	3	3	5	5	3	5	3	5	2	4	3	5	1	3	1	5	3	3	3	5	3	3	1	1	1	4	5	1	2	5	1	5	3	5	5	3	5	1	3	3	3	5	3	3	3	5	3	5	2	2	3	4	2	5	2	5	3	3	3	3	3	3	2	5	3	3	3	5	3	3	5	3	3	5	3	5	5	3	5	1	5	5	3	5	4	1	3	3	4	5	5	1	0
10050047	2	1	5	4	4	5	4	1	3	4	3	4	5	2	3	1	3	2	3	1	2	2	2	1	4	3	5	4	1	3	4	4	2	4	2	3	1	3	1	3	4	2	2	4	1	5	1	4	2	3	1	1	1	4	2	2	4	4	3	1	1	4	2	3	3	3	1	4	4	4	2	1	3	2	1	4	3	4	1	1	2	1	4	3	2	3	3	5	4	5	4	2	1	3	3	2	4	4	2	2	5	2	2	3	3	1	5	1	4	5	3	1	3	1	0
10050048	2	3	3	1	5	5	1	2	4	3	3	4	4	4	3	4	4	1	3	2	2	3	3	2	5	3	4	5	4	2	2	4	3	3	4	3	1	1	3	3	1	2	3	3	1	3	4	1	3	2	3	3	2	3	4	3	2	5	4	2	1	4	2	3	1	4	3	3	1	3	3	4	1	5	1	3	1	2	1	1	4	3	4	2	3	2	5	1	5	5	1	5	2	3	3	5	1	4	2	3	5	2	2	1	3	3	3	4	3	1	3	3	4	1	0
10050054	3	3	3	2	4	4	3	2	1	3	3	3	4	2	4	3	3	2	3	3	3	3	4	4	5	4	3	4	4	4	4	4	4	4	2	2	2	3	3	4	3	3	2	3	4	4	2	5	3	4	3	4	5	3	3	3	3	5	5	2	3	2	3	4	1	5	3	3	4	4	4	2	4	4	3	3	3	3	3	4	2	2	3	3	3	3	3	3	4	5	2	5	2	4	2	4	1	4	5	2	3	3	3	5	2	5	4	2	2	2	2	2	2	1	0
10050056	4	2	5	2	4	2	3	2	4	2	2	3	4	4	3	2	3	2	4	3	4	2	2	3	2	4	1	4	3	4	2	4	2	4	1	4	2	1	3	3	2	4	2	4	3	5	2	4	3	3	1	4	2	4	4	4	4	5	3	3	2	4	2	4	2	3	1	4	4	4	2	3	3	4	1	3	2	5	2	3	2	2	4	4	3	4	2	3	5	4	2	4	4	4	2	5	2	4	4	1	4	4	4	3	4	5	3	1	4	4	3	2	4	1	0
10060001	4	1	5	4	5	4	5	2	3	3	5	5	5	1	3	2	4	2	3	2	4	2	3	3	3	5	3	5	1	5	5	3	3	5	3	2	2	5	2	5	5	3	3	4	2	5	2	2	2	4	1	1	2	5	2	4	5	2	5	1	3	4	1	5	5	4	1	5	5	5	5	1	3	5	1	5	3	5	2	2	3	2	5	5	3	2	5	4	5	5	1	4	2	5	5	5	1	5	3	5	5	4	5	4	5	3	5	2	3	5	3	5	5	1	0
10060003	5	1	4	2	4	3	5	1	5	1	4	3	5	1	4	1	5	2	4	1	5	2	4	2	5	5	3	4	2	4	2	5	2	5	1	4	2	5	1	4	2	4	4	3	2	5	1	5	5	2	2	4	3	4	3	4	5	5	5	3	3	4	2	4	1	4	2	5	3	5	1	4	3	5	2	5	2	4	3	3	2	2	4	5	1	4	4	2	5	5	2	5	2	4	3	5	1	4	4	2	5	2	3	3	3	5	4	3	4	2	3	4	4	1	0
10060004	5	3	5	4	5	1	5	1	5	3	4	1	3	2	4	1	5	1	4	5	4	2	3	3	5	5	2	5	1	5	1	5	1	4	2	5	2	4	3	3	3	5	1	5	5	5	1	1	3	3	3	5	2	5	4	5	5	4	3	5	3	4	2	5	5	5	2	5	5	4	2	5	3	5	2	4	2	5	4	4	2	1	4	5	4	3	5	4	5	5	3	5	4	5	5	5	4	5	4	4	5	1	5	3	4	4	2	3	5	3	5	5	5	1	0
10060005	3	3	5	4	5	3	5	1	4	3	3	3	5	2	4	1	3	1	3	2	3	3	2	3	5	4	3	5	2	3	2	3	2	5	4	2	3	2	2	3	4	3	3	4	4	5	2	3	3	4	4	5	2	3	1	3	5	4	5	3	4	3	3	4	3	3	2	5	5	2	3	5	3	3	3	3	1	3	5	3	4	2	3	4	2	3	5	5	5	5	3	4	3	3	5	3	3	5	2	3	2	2	2	4	3	2	5	1	5	5	2	5	3	1	0
10060008	3	2	4	5	4	3	5	3	5	5	5	1	5	1	5	3	5	1	3	5	5	5	3	3	5	5	1	5	2	5	1	5	3	3	1	2	5	4	1	4	5	5	5	5	5	3	1	2	5	5	5	5	3	5	1	2	5	4	2	1	5	5	1	3	5	2	5	5	5	5	5	3	4	3	3	5	4	3	4	5	3	5	5	4	5	4	5	5	4	4	5	5	4	3	3	5	5	4	1	5	4	2	5	5	4	2	5	5	5	5	3	5	3	1	0
10060010	4	2	3	2	3	2	3	3	2	3	4	2	4	2	3	2	4	3	4	2	4	2	3	2	4	3	4	4	2	4	3	4	3	4	2	4	3	4	1	4	2	3	2	2	3	2	2	4	2	3	2	3	2	4	3	4	4	5	4	4	3	3	3	2	1	4	2	4	1	4	2	4	4	4	2	4	3	3	1	3	2	1	4	4	3	2	4	2	4	4	2	4	2	4	2	4	1	4	4	2	2	2	3	2	3	3	2	3	4	2	3	1	2	1	0
10060011	5	3	5	1	5	4	5	1	5	1	3	5	5	1	5	1	5	1	5	5	5	1	5	3	5	5	1	4	3	5	3	5	1	5	2	5	2	1	1	4	5	5	2	5	2	2	1	1	1	1	1	5	3	4	5	5	5	5	4	2	1	5	1	5	1	4	2	5	3	5	1	2	2	5	1	5	1	5	3	2	1	1	5	4	5	3	5	1	4	5	3	5	1	5	5	5	1	5	3	2	5	1	2	3	3	2	1	1	4	1	1	5	4	1	0
10060013	3	2	3	3	3	2	3	2	2	2	4	3	3	3	3	3	4	2	2	2	3	2	3	2	3	3	3	2	1	4	3	4	2	3	3	2	2	3	2	2	3	3	1	1	2	3	2	2	2	3	1	3	3	3	2	3	5	2	3	4	4	2	2	3	3	3	2	2	2	3	3	1	3	3	2	3	3	3	2	3	2	2	4	2	2	2	3	3	3	4	2	3	2	3	1	4	2	3	2	2	2	3	4	3	3	2	3	3	3	3	2	2	2	1	0
10060015	4	2	3	2	5	2	4	4	5	3	5	1	4	1	4	2	5	2	2	4	5	2	5	3	5	4	3	5	2	3	2	5	3	3	4	3	2	2	3	4	3	4	3	3	3	3	2	3	2	3	3	4	2	5	2	5	4	4	4	3	4	2	3	4	3	4	2	5	4	3	4	2	3	2	3	4	2	4	4	5	2	2	4	4	4	5	4	2	3	4	1	4	2	5	3	5	3	4	2	3	5	2	4	4	4	3	3	3	4	2	3	2	4	1	0
10060016	3	3	3	2	3	4	2	3	3	3	2	2	3	2	2	2	4	2	4	3	3	3	4	3	2	4	2	3	2	5	1	4	3	3	3	2	3	4	3	3	2	3	3	3	4	4	3	3	2	3	2	3	3	3	3	3	2	3	3	1	3	3	1	4	4	2	2	5	2	3	1	1	1	4	2	4	3	4	2	5	1	2	3	3	4	3	5	3	5	5	2	5	3	2	5	4	3	4	3	3	5	2	3	2	3	2	3	2	3	2	2	2	3	1	0
10060017	3	3	3	4	4	4	3	2	3	3	3	5	4	4	3	3	2	1	3	3	4	3	4	4	3	3	3	4	3	3	2	3	4	4	2	3	3	2	3	3	2	3	2	3	4	3	3	4	3	4	2	3	2	4	2	4	3	3	3	2	3	4	2	2	2	3	2	3	2	3	3	2	4	3	3	2	4	3	3	3	3	2	3	2	2	3	3	4	3	3	3	3	4	3	4	2	3	4	3	3	3	4	3	3	3	3	4	3	3	3	4	3	3	1	0
10060018	4	5	5	4	4	3	5	1	4	2	3	2	4	2	4	1	5	1	3	3	4	3	4	1	4	4	2	5	5	4	1	3	3	4	2	3	2	3	3	4	4	5	1	4	4	5	3	4	4	1	3	2	1	3	4	4	5	4	4	2	4	4	2	4	4	3	3	5	5	4	4	1	3	4	1	4	2	4	4	4	1	1	5	5	3	4	4	4	4	5	5	5	4	5	5	4	5	5	4	1	4	1	4	4	5	4	3	2	4	3	4	4	5	1	0
10060021	3	1	3	5	3	3	3	4	4	3	3	3	3	4	2	2	4	1	1	4	3	4	3	3	3	3	2	3	3	3	3	3	4	3	3	2	3	2	3	2	4	4	3	3	2	3	3	3	5	5	4	3	2	3	3	3	3	4	3	2	5	2	4	3	5	3	3	3	4	3	4	2	4	2	3	3	4	2	4	4	4	4	2	2	3	4	2	4	2	3	3	3	3	3	4	3	3	3	2	3	3	4	1	5	5	3	4	4	1	3	2	3	2	1	0
10060025	5	2	5	3	5	3	5	1	5	2	4	2	5	1	5	1	5	1	5	5	5	5	3	2	5	5	3	4	2	4	2	4	2	3	1	1	2	5	2	3	5	4	2	4	2	4	2	1	3	2	2	5	5	5	1	4	5	5	4	3	3	3	3	3	5	5	4	5	2	5	3	2	3	5	2	4	2	5	2	5	2	3	4	5	3	5	4	2	5	5	2	4	2	4	2	4	5	4	4	2	4	1	2	1	3	5	5	2	4	2	4	3	4	1	0
10060026	3	2	3	3	3	3	3	2	3	3	3	3	4	2	3	3	3	2	2	3	3	3	3	3	3	3	3	3	3	3	3	3	3	3	3	2	3	3	3	3	3	3	3	3	3	4	3	2	3	3	4	3	2	3	3	3	3	2	3	2	4	3	3	4	3	3	4	3	4	4	2	3	3	4	3	3	3	3	3	3	3	3	3	3	2	2	3	4	4	3	3	3	3	4	3	2	4	3	2	4	2	3	3	4	4	2	4	4	4	4	3	3	3	1	0
10060029	3	5	3	4	3	3	3	3	4	5	5	3	2	3	4	3	3	2	2	3	4	3	3	4	3	3	4	3	3	3	3	4	4	3	4	2	3	4	3	2	3	3	4	3	4	3	2	2	4	2	3	4	3	3	2	3	3	3	3	2	4	3	3	3	4	3	4	4	5	3	2	3	4	2	3	3	4	4	4	3	3	3	3	2	2	2	2	4	4	4	3	1	3	4	3	4	4	3	3	4	3	3	2	4	4	4	4	5	4	4	2	3	4	1	0
10060032	5	2	4	5	4	3	4	2	3	3	4	4	4	3	4	2	4	3	4	3	3	2	3	3	4	5	3	4	2	5	2	4	3	5	3	3	3	3	2	4	1	3	3	3	2	4	2	5	4	2	4	4	3	5	3	4	4	4	4	3	2	3	2	4	3	4	2	5	5	3	2	4	4	3	3	4	3	3	3	3	2	2	3	5	3	4	4	3	4	5	3	3	3	4	4	4	2	4	4	5	3	3	3	5	5	5	3	3	4	3	3	4	4	1	0
10060033	5	2	5	3	5	2	5	1	4	3	5	1	5	1	5	1	4	4	4	4	4	3	4	1	4	5	3	3	1	5	1	5	2	5	3	4	1	1	3	5	5	5	2	4	1	5	1	4	1	3	3	5	3	5	3	5	4	5	5	4	3	5	1	5	3	5	1	5	3	4	1	1	2	5	1	4	2	4	2	3	2	1	5	5	4	5	4	2	5	5	1	5	1	5	5	5	1	5	4	2	5	2	2	2	5	3	3	1	5	1	4	5	5	1	0
10060034	4	2	2	5	4	4	4	2	2	5	3	5	4	3	4	3	3	3	3	4	3	3	4	3	3	3	4	3	1	4	2	4	4	5	3	3	2	4	2	3	2	3	1	2	3	2	3	4	4	4	4	5	4	5	2	3	3	4	2	4	4	2	2	3	3	4	2	4	4	4	4	2	5	4	3	3	2	4	3	4	3	3	4	2	2	3	2	4	5	3	2	2	2	3	4	3	2	3	4	4	2	4	2	4	4	5	4	2	4	2	2	3	3	1	0
10060035	4	2	4	3	4	3	5	3	3	3	3	3	4	2	4	2	3	3	3	2	4	2	4	3	4	4	4	4	1	4	2	3	2	4	3	3	3	4	2	4	2	3	2	3	2	4	3	3	3	4	2	4	2	4	3	4	3	4	3	4	3	4	2	4	2	4	2	5	4	5	3	2	2	3	2	4	2	4	2	4	2	2	3	3	2	4	4	4	4	4	3	2	2	4	4	3	2	4	4	4	4	2	2	3	4	3	4	2	3	3	3	4	3	1	0
10060036	5	3	4	4	4	4	4	2	4	2	4	2	4	2	3	1	3	2	4	3	4	3	3	2	5	4	4	4	1	5	1	4	3	5	3	2	2	4	3	3	3	4	2	3	3	5	2	5	2	4	2	4	3	5	2	4	5	5	3	3	2	3	1	4	3	4	3	5	3	3	1	3	4	5	2	3	3	5	2	5	2	2	4	5	3	3	4	3	5	5	1	5	3	4	4	5	4	4	4	3	4	2	2	3	3	3	3	3	3	3	2	4	5	1	0
10060039	5	2	4	2	4	2	4	2	3	2	4	3	5	1	5	1	4	1	4	2	5	2	2	2	5	4	4	3	2	5	2	5	3	5	1	4	2	4	2	4	4	4	1	4	1	5	1	5	2	2	2	3	4	3	3	5	5	5	4	2	2	3	2	3	2	3	2	5	2	5	2	3	4	4	2	5	2	4	2	3	2	2	4	4	2	5	4	2	5	5	2	4	2	4	1	5	4	4	5	1	3	1	2	3	2	5	5	1	4	1	3	3	3	1	0
10060041	4	5	5	5	4	2	4	1	4	3	2	5	4	3	3	2	5	3	2	5	4	3	3	4	5	3	3	5	3	4	1	4	2	4	4	2	3	2	3	3	5	3	4	5	5	4	3	2	5	4	3	5	1	4	2	4	5	2	5	3	4	2	1	4	5	3	3	5	5	4	4	5	3	5	4	3	5	3	5	5	2	5	3	5	4	3	4	5	5	5	4	4	4	4	4	4	5	4	2	3	5	4	3	4	3	3	4	5	3	4	3	5	4	1	0
10060043	4	3	2	2	4	3	3	3	3	3	3	3	5	2	2	2	4	2	4	2	4	2	3	3	4	3	3	4	2	4	3	3	3	4	2	4	3	2	2	4	1	3	3	3	3	1	3	4	3	3	3	3	3	3	3	4	3	4	3	2	3	3	3	3	2	2	2	3	3	4	4	4	3	3	3	4	3	3	3	2	3	3	3	3	2	3	3	3	4	3	3	3	3	3	3	4	3	3	4	3	3	3	3	3	3	3	3	3	3	3	4	3	3	1	0
10060044	4	2	4	2	5	4	5	2	4	2	2	2	2	2	3	1	5	3	4	2	4	2	4	3	4	4	4	4	2	4	2	4	2	3	4	2	2	2	3	4	4	3	2	3	2	4	2	3	2	3	2	2	2	4	4	3	4	3	3	4	3	3	3	5	3	4	1	5	4	2	2	2	2	4	2	3	2	4	2	2	2	2	5	4	3	4	4	2	4	5	2	5	1	4	1	4	3	5	4	1	4	2	4	2	4	3	3	2	4	4	2	2	3	1	0
10060045	3	5	3	3	4	4	4	2	4	2	3	2	4	2	3	2	4	2	3	3	4	2	4	3	4	4	3	3	3	4	2	3	3	4	2	3	2	4	2	3	3	3	2	3	3	4	2	3	3	3	3	3	2	3	3	3	3	3	4	3	3	3	3	3	3	4	2	4	3	4	3	2	3	4	3	4	3	4	3	2	3	3	4	3	2	4	3	3	4	4	3	4	3	3	2	3	3	4	4	2	3	3	3	3	3	3	3	2	3	3	3	2	3	1	0
10060046	4	3	4	2	4	3	3	4	4	4	3	4	4	4	4	4	4	2	4	3	4	4	4	4	4	4	4	4	2	4	4	3	3	4	2	4	2	3	4	4	4	4	3	3	2	3	2	4	4	2	2	3	4	3	4	4	4	5	3	4	2	4	2	4	2	4	2	4	4	4	3	4	4	3	3	4	2	4	3	4	4	4	4	4	3	4	5	2	5	5	1	4	4	4	3	5	1	5	4	2	3	2	1	2	4	5	2	2	2	1	4	4	2	1	0
10060048	2	3	3	5	4	2	4	2	3	2	3	2	4	2	4	2	5	1	2	3	2	4	2	3	3	3	2	3	5	4	1	3	2	3	3	2	2	2	2	5	5	5	2	3	2	4	1	3	2	2	3	3	2	3	2	1	3	2	3	1	5	2	3	4	5	2	3	4	2	2	2	1	3	3	2	3	3	4	3	3	2	3	3	2	2	2	3	5	2	5	5	4	3	3	3	3	5	4	2	2	3	2	3	3	4	3	3	1	5	5	2	1	3	1	0
10070001	4	2	4	3	4	4	4	2	2	2	5	1	4	1	4	1	3	3	4	2	4	2	3	2	4	4	4	4	1	5	4	5	3	5	3	3	1	5	3	4	2	5	1	2	4	3	3	3	3	2	2	5	5	5	3	3	3	4	4	1	2	3	3	3	1	3	2	3	1	3	2	3	4	5	1	3	3	5	2	5	2	1	3	3	5	5	3	5	4	4	4	3	2	4	3	3	2	5	3	4	3	3	2	2	4	2	5	5	4	3	2	1	2	1	0
10070006	4	2	3	4	3	4	4	3	2	3	3	3	3	3	2	3	3	2	2	3	3	3	3	4	3	3	4	3	3	4	3	3	3	3	1	1	3	3	1	3	2	1	4	2	3	3	2	1	5	3	3	3	1	3	3	3	2	3	3	3	3	3	3	3	5	3	3	5	3	3	1	1	5	3	3	5	5	3	3	3	3	3	1	2	1	3	3	3	3	3	3	4	2	2	3	3	2	3	3	3	3	1	4	2	3	3	3	2	3	3	2	3	3	1	0
10070007	4	2	4	4	3	1	4	2	3	3	4	2	4	2	3	2	3	2	3	4	3	4	3	1	4	4	2	4	3	3	1	4	2	4	3	3	2	3	2	4	3	4	4	3	2	4	1	2	4	3	4	4	3	4	3	4	4	3	3	3	4	3	3	4	5	4	4	3	3	4	3	2	4	4	2	4	3	4	3	3	2	3	4	4	2	3	3	3	3	4	3	4	2	3	3	3	4	4	3	3	3	3	3	3	4	3	3	2	4	4	5	2	4	1	0
10070009	4	1	5	2	5	4	5	1	4	2	2	1	5	1	5	1	5	4	3	1	4	2	4	2	5	5	4	5	1	4	2	4	1	5	2	5	1	5	2	5	1	5	3	4	2	5	2	5	3	2	3	4	2	4	5	4	5	5	3	4	3	5	3	4	1	4	2	5	5	4	2	3	2	5	1	5	1	5	3	3	1	1	4	5	2	4	5	3	5	5	3	4	1	4	2	4	1	5	4	1	4	1	3	3	5	4	2	1	4	1	4	4	4	1	0
10070010	3	2	5	2	4	3	5	1	3	2	3	3	4	1	4	1	4	1	4	1	4	1	3	1	5	4	5	3	1	4	2	4	2	5	1	3	1	2	2	4	2	2	2	3	1	4	1	3	2	2	2	4	2	5	3	4	5	4	3	3	2	3	1	4	1	4	2	3	4	3	1	2	2	4	1	3	2	5	2	2	1	1	4	3	2	3	4	2	5	4	2	4	1	4	2	3	2	4	4	2	3	2	3	2	5	4	3	1	3	3	4	2	4	1	0
10070013	5	4	5	4	4	4	5	1	5	2	5	3	5	1	4	1	4	1	4	1	5	1	4	2	5	5	4	4	4	4	3	4	3	5	2	3	3	4	3	4	1	3	1	5	5	2	1	3	2	4	4	4	3	4	3	3	4	4	4	2	3	3	2	4	1	4	1	5	3	4	2	3	4	4	2	4	2	4	4	4	3	2	4	4	3	4	3	5	5	4	3	5	3	3	2	3	1	4	4	2	4	3	1	5	3	5	3	2	4	1	3	3	3	1	0
10070016	4	3	4	3	2	4	3	2	3	2	4	4	4	2	2	4	2	3	3	2	2	2	3	3	4	3	2	4	1	3	2	4	3	4	4	2	4	4	3	4	2	3	2	2	2	2	2	3	4	4	3	4	2	3	2	3	4	5	2	4	3	3	2	2	2	2	2	2	4	4	2	5	2	3	1	4	3	4	4	2	3	2	3	4	2	5	3	4	4	4	3	4	3	3	4	3	2	3	3	3	3	3	3	4	4	4	2	2	3	2	2	3	3	1	0
10070018	4	3	1	3	3	3	2	2	2	2	3	2	4	3	4	3	3	2	2	3	3	3	2	3	4	2	2	2	4	3	1	3	2	3	5	3	2	2	2	4	2	3	1	3	3	2	2	2	2	3	2	2	3	3	3	3	4	4	5	3	3	3	1	3	3	3	1	2	4	3	2	2	2	2	1	3	1	3	3	3	2	2	4	5	2	3	2	5	4	4	3	5	4	5	2	3	4	5	4	3	5	2	4	3	3	3	2	3	2	3	3	3	4	1	0
10070022	4	4	3	2	3	3	3	3	3	3	2	3	4	3	3	4	3	2	3	4	3	2	3	3	3	2	3	3	3	4	3	3	3	3	3	2	3	4	2	3	3	3	2	3	2	3	2	3	3	3	4	3	3	4	4	3	3	3	3	4	3	3	4	3	3	3	4	3	3	4	3	4	4	3	3	3	3	3	4	3	2	3	3	3	3	4	3	2	1	1	4	5	5	3	1	2	3	3	3	3	4	3	3	3	4	3	2	2	2	2	2	2	3	1	0
10070023	4	5	4	1	5	4	4	2	5	4	4	2	4	2	4	1	5	2	4	1	5	1	4	1	4	4	4	2	2	5	2	4	2	5	2	5	2	4	1	3	5	4	1	4	5	4	1	4	2	1	1	4	4	4	4	4	4	4	5	3	2	5	1	4	1	4	1	3	3	5	1	2	3	4	2	4	1	4	3	2	2	1	4	4	2	4	4	1	5	5	2	4	2	4	2	4	1	4	4	2	3	2	4	3	3	4	4	2	4	3	5	3	4	1	0
10070025	4	1	5	2	5	1	5	1	3	2	5	2	5	1	1	1	5	2	5	1	5	1	4	1	5	5	4	5	1	5	1	5	1	5	1	3	1	5	2	5	2	1	1	5	1	5	1	4	2	1	1	5	2	1	3	5	5	5	2	5	2	3	1	3	1	5	1	5	1	5	1	2	1	3	1	4	3	5	1	2	2	1	5	4	1	4	4	1	5	5	1	5	1	4	4	5	1	5	5	2	4	2	3	1	5	5	3	1	3	3	3	5	4	1	0
10070029	3	3	3	3	3	3	3	3	2	2	3	3	3	2	2	2	3	1	2	3	3	3	3	4	3	3	3	4	4	2	3	3	3	3	2	3	3	2	3	2	2	3	3	2	4	3	3	3	3	3	3	2	3	3	3	3	4	3	2	2	3	3	3	3	3	3	2	5	2	3	3	3	3	3	3	3	3	3	3	3	3	3	3	3	2	3	2	4	3	4	3	4	3	3	3	2	3	3	3	3	3	3	2	3	2	3	3	3	3	2	3	3	2	1	0
10070030	4	4	2	4	3	2	3	4	3	4	4	4	4	3	2	2	2	2	2	3	3	2	2	3	2	3	3	4	2	3	4	3	3	2	5	2	4	4	2	3	2	2	2	3	3	2	3	2	4	4	3	4	4	3	2	2	3	3	4	2	4	4	2	2	4	3	2	5	4	5	4	2	4	1	4	5	5	4	3	4	4	4	3	2	2	3	3	4	4	3	3	2	3	2	2	2	3	3	2	2	3	2	3	4	3	2	5	2	3	4	2	5	4	1	0
10070031	4	3	5	1	4	5	4	1	5	2	3	2	5	2	2	2	3	1	4	2	5	1	4	2	4	4	3	5	2	5	1	3	5	5	1	3	2	5	5	1	1	3	2	2	4	4	5	3	2	2	2	3	4	5	4	5	3	5	5	2	5	5	2	5	2	4	1	4	1	5	2	4	5	3	2	3	3	5	5	5	3	1	5	5	3	4	2	5	5	5	5	5	2	2	2	5	1	5	5	1	5	3	5	2	2	5	3	5	5	1	5	5	5	1	0
10070032	3	5	4	4	4	2	5	2	3	2	4	1	4	1	4	2	4	1	4	2	4	2	3	1	5	5	4	4	2	4	2	4	2	4	2	4	2	5	1	4	3	4	1	4	2	2	2	3	4	2	2	4	4	4	3	4	5	3	4	2	3	3	2	4	4	4	2	5	3	4	3	2	3	4	2	4	2	4	3	5	2	2	4	4	3	4	4	3	5	5	2	4	2	4	1	5	3	4	4	2	4	2	3	2	4	3	2	2	3	2	5	3	4	1	0
10070035	4	3	4	3	4	4	4	2	4	2	3	3	3	1	5	3	4	3	4	3	4	4	3	3	4	4	4	3	3	5	2	4	5	5	2	5	3	3	1	5	5	5	4	5	5	4	2	5	5	5	3	3	5	3	3	3	5	4	5	1	5	5	1	5	1	4	2	5	5	5	2	5	5	1	5	5	2	4	5	5	5	2	3	3	5	3	3	4	5	5	5	5	4	4	3	5	5	5	3	1	5	5	1	3	5	4	5	2	5	5	3	5	5	1	0
10070036	5	1	5	2	4	4	5	1	2	2	4	3	5	1	4	1	5	1	4	1	3	2	3	1	5	4	2	3	1	5	3	5	2	5	2	2	1	2	1	4	2	4	2	3	1	5	1	3	2	2	2	2	2	5	3	4	4	5	5	4	3	5	2	4	3	4	2	5	1	5	2	1	3	3	1	5	2	5	2	3	2	2	5	5	5	3	5	3	5	5	2	5	2	5	1	5	1	5	3	2	5	1	5	4	4	3	4	2	3	1	4	2	3	1	0
10070042	4	3	3	3	4	4	3	3	4	2	4	4	4	2	4	2	3	3	3	3	4	3	4	4	4	3	4	5	2	4	3	3	2	3	3	3	3	3	2	4	3	3	1	3	3	3	3	3	3	3	3	4	4	5	2	3	5	4	5	3	4	4	2	4	3	4	2	4	3	4	2	3	3	4	2	3	2	4	3	3	2	2	3	4	4	4	5	3	3	5	3	5	1	3	4	4	4	3	4	2	4	4	3	4	5	4	4	2	4	2	4	3	4	1	0
10070045	5	2	5	2	5	3	5	1	4	2	5	3	4	2	4	2	5	2	4	2	5	2	2	2	5	5	4	5	2	5	3	4	2	4	2	4	2	5	3	5	2	2	2	3	2	2	2	4	2	2	2	5	3	5	4	4	4	5	4	3	2	4	2	4	2	5	2	4	2	3	2	4	2	5	2	3	2	4	2	2	2	2	4	4	2	3	4	2	5	5	2	4	2	5	2	4	2	5	3	2	4	2	4	2	4	3	3	2	4	2	4	4	4	1	0
10070046	5	3	3	5	3	2	4	3	3	4	3	4	4	5	2	3	4	5	2	4	3	4	3	3	3	3	4	4	1	4	2	4	3	3	1	3	2	2	3	3	3	2	3	3	4	3	1	3	2	1	3	3	2	5	3	3	1	5	2	2	4	4	4	3	5	3	3	4	3	3	3	5	4	1	3	3	3	4	2	4	3	3	3	4	1	4	3	3	4	4	3	2	3	3	5	4	4	3	5	4	5	3	4	2	2	5	5	2	3	5	3	3	3	1	0
10070047	4	2	5	2	5	2	5	1	3	2	3	1	4	1	4	1	4	1	3	1	4	2	4	2	4	5	3	4	3	5	1	5	3	5	3	4	2	2	2	3	5	5	1	4	3	2	2	4	2	2	1	3	3	4	4	3	3	4	3	2	2	3	2	4	1	3	2	4	1	4	2	2	3	5	2	4	2	4	2	4	2	1	4	3	4	4	4	2	5	4	1	4	3	3	2	4	1	5	3	3	4	2	3	2	4	3	3	2	3	4	3	3	4	1	0
10070048	5	5	5	1	5	1	5	1	5	1	5	5	5	1	5	5	5	2	5	2	5	2	5	1	5	5	5	5	2	5	1	3	1	5	3	5	5	1	1	5	1	5	3	5	1	1	1	5	2	1	1	5	1	5	5	5	5	5	4	5	2	3	1	5	2	3	1	5	3	3	2	2	5	5	1	5	2	4	3	2	2	2	5	5	3	3	5	2	4	5	3	5	4	4	2	2	2	4	2	2	5	2	5	2	4	3	4	2	3	3	4	4	5	1	0
10070049	5	2	5	4	4	3	5	2	5	3	5	3	4	3	4	3	5	2	3	2	5	2	3	2	4	3	4	4	1	4	2	4	5	5	1	3	2	5	3	4	3	4	2	4	2	4	2	4	4	3	2	4	2	4	3	4	3	5	3	2	2	3	2	4	2	3	2	4	3	4	2	2	3	5	3	5	2	4	2	5	3	2	4	3	4	4	4	3	4	5	2	3	2	4	3	4	2	4	4	2	4	3	3	4	4	4	5	3	3	3	2	4	4	1	0
10070050	3	4	3	3	3	3	3	2	3	3	3	2	3	3	2	3	3	3	3	2	3	2	3	2	3	2	3	3	2	3	3	3	2	3	3	3	2	3	2	3	2	3	3	3	3	3	2	3	3	3	3	2	2	3	3	3	3	3	3	3	2	2	2	2	2	3	2	3	3	3	2	2	3	3	2	3	2	3	3	3	2	3	3	3	2	3	2	3	3	3	3	3	3	3	2	3	2	3	3	3	3	3	2	2	2	3	3	3	3	2	2	3	3	1	0
10070051	4	5	5	5	4	4	5	1	5	2	2	3	5	2	5	1	4	1	4	5	4	5	3	4	4	4	4	5	5	5	1	3	2	5	2	3	5	4	4	4	3	4	3	4	3	4	2	4	4	4	4	4	1	5	2	4	4	4	4	2	3	4	1	5	4	3	3	4	4	4	3	3	3	5	1	4	3	4	4	3	2	2	4	3	2	4	4	4	4	5	3	4	4	4	4	4	5	5	4	4	3	2	3	4	4	4	4	4	4	4	3	3	4	1	0
10080001	3	4	5	2	5	4	4	1	4	3	4	1	5	1	3	1	4	1	2	3	4	3	2	3	5	4	5	5	5	3	1	5	3	4	1	3	3	5	1	3	1	3	1	5	3	5	1	4	3	3	1	5	3	4	3	3	4	5	5	3	3	3	3	3	4	3	3	4	2	4	3	2	3	4	1	3	2	4	3	3	2	1	3	3	5	3	5	3	3	5	3	5	3	5	3	3	3	4	3	3	3	1	3	3	3	4	4	3	4	3	3	2	4	1	0
10080004	5	4	4	3	3	3	5	2	4	2	2	2	4	2	3	2	4	3	4	2	4	2	3	2	5	4	4	4	2	4	1	4	4	4	2	4	3	4	2	3	1	3	3	4	4	2	1	4	2	2	3	3	3	3	2	4	4	4	2	2	2	5	3	3	3	3	2	4	3	5	1	4	2	4	2	4	2	4	4	2	2	2	3	3	3	4	4	1	4	5	1	4	3	3	4	5	2	4	3	3	5	3	2	3	3	4	4	1	4	4	3	3	4	1	0
10080005	3	3	3	3	4	4	4	1	3	1	3	4	4	2	1	1	4	3	3	2	3	1	1	1	5	4	3	3	2	1	1	3	4	5	4	3	5	5	1	1	1	1	1	1	1	3	1	4	1	1	1	1	1	3	3	2	2	4	2	1	3	2	5	1	1	1	1	5	1	3	1	1	4	2	1	3	1	3	3	1	1	1	3	2	3	1	4	4	1	4	3	3	1	1	1	1	1	3	1	1	1	1	1	2	1	3	4	3	1	1	1	1	1	1	0
10080006	5	1	5	1	5	5	5	5	5	5	5	5	5	5	5	5	5	1	5	5	5	1	5	5	5	5	5	3	5	5	5	5	1	1	5	5	5	5	5	5	5	5	5	1	1	5	5	5	5	5	5	5	1	5	5	5	5	5	5	4	1	5	5	5	1	5	1	5	5	5	5	5	5	5	5	5	5	5	5	5	5	5	5	5	5	5	4	2	4	5	2	5	5	5	4	3	4	4	4	1	5	3	4	4	3	4	4	3	3	3	5	5	5	1	0
10080009	4	4	5	3	5	5	5	1	5	2	5	3	5	2	5	1	5	1	5	3	4	2	1	4	5	5	2	4	1	5	1	5	4	5	3	3	1	2	1	5	3	1	2	5	3	1	1	5	5	3	2	3	2	5	3	5	5	5	5	3	5	5	1	5	2	4	2	5	5	4	1	1	3	5	1	4	2	5	4	5	1	1	5	5	3	4	5	4	5	5	1	5	1	5	3	5	5	5	4	1	5	4	5	3	5	3	5	3	5	5	5	2	5	1	0
10080016	5	5	1	5	4	5	4	1	5	2	2	5	5	5	5	1	5	1	3	1	5	1	3	3	4	4	5	5	5	4	2	3	3	5	5	2	2	3	5	1	1	1	1	5	1	2	1	5	3	2	1	5	1	3	3	1	3	3	3	1	3	2	2	5	2	3	1	5	5	1	3	4	5	3	3	3	2	3	5	2	2	1	5	5	2	1	3	1	3	3	4	3	5	2	5	2	4	4	2	5	4	3	4	5	1	4	3	5	4	4	3	5	5	1	0
10080017	4	4	5	2	4	4	4	1	1	3	3	1	2	2	5	4	5	2	3	1	4	1	4	5	5	5	3	4	1	4	1	2	5	5	5	4	1	4	5	1	3	4	5	5	5	2	3	5	3	3	5	3	5	5	4	4	4	4	2	4	4	4	2	3	2	2	2	3	5	2	2	2	3	2	4	2	4	2	4	4	5	3	4	2	3	2	4	4	3	4	4	1	5	5	5	4	2	5	2	4	4	4	1	5	2	4	5	5	5	4	4	4	3	1	0
10080018	4	3	4	2	4	4	4	2	2	2	3	3	4	2	3	2	4	2	4	2	3	1	2	2	4	4	4	4	2	4	1	4	3	4	2	4	2	4	2	4	2	3	2	2	2	4	4	4	2	2	4	4	3	4	4	4	4	5	3	2	1	4	3	4	1	4	2	4	4	5	1	2	2	4	1	4	2	4	3	2	2	2	4	5	2	5	4	3	4	4	3	2	4	3	1	5	1	4	4	1	4	2	3	3	4	4	3	2	3	1	4	5	2	1	0
10080020	3	4	4	2	4	4	4	2	3	2	2	2	4	3	2	4	4	1	4	2	4	1	4	3	5	5	5	5	3	5	1	5	4	4	3	2	2	3	2	4	2	4	2	4	2	4	4	4	4	4	2	4	4	4	4	3	5	2	5	3	3	4	1	5	3	4	3	5	5	4	1	2	2	4	2	4	3	4	3	3	2	2	4	4	4	3	4	2	4	5	2	4	4	4	1	5	2	4	3	1	5	1	3	2	4	3	3	1	4	4	5	1	4	1	0
10080021	3	2	4	4	3	3	5	1	3	2	4	4	4	1	4	2	5	2	3	4	3	3	3	2	5	5	4	3	3	4	1	4	2	5	5	4	2	4	4	4	2	4	5	2	2	2	1	4	4	2	2	2	1	4	4	2	4	4	4	2	4	4	2	4	2	4	4	4	5	3	3	3	3	4	1	4	2	3	3	3	2	2	4	4	3	3	4	3	4	5	4	4	2	4	4	3	3	5	3	5	4	2	4	2	4	4	5	3	5	2	5	3	4	1	0
10080022	3	3	4	3	4	3	4	1	3	3	4	4	4	2	3	1	4	1	4	2	3	2	4	4	4	4	3	4	4	4	2	4	2	4	2	2	2	3	1	3	2	2	2	4	3	4	2	5	3	4	2	3	4	4	2	3	4	5	4	2	3	3	2	4	1	3	1	5	2	4	2	3	3	3	2	4	3	3	3	2	2	2	3	2	1	3	4	3	5	5	3	3	2	3	4	3	2	4	2	2	4	2	2	3	3	3	3	3	3	3	2	3	2	1	0
10080024	4	1	3	4	4	4	4	2	4	3	4	3	4	2	3	2	3	2	4	4	4	4	3	2	4	4	3	4	3	4	3	4	3	4	2	2	3	4	2	4	3	4	3	3	2	4	2	4	2	3	3	3	4	4	3	3	3	4	4	3	2	3	2	4	3	3	3	5	2	4	1	2	3	4	2	4	3	4	2	4	2	3	4	3	3	3	4	2	4	4	3	5	2	4	4	4	2	4	4	4	4	1	2	5	3	3	3	3	4	3	3	3	4	1	0
10080025	4	4	2	5	3	2	5	4	4	5	2	4	3	4	2	4	4	4	2	4	3	5	2	4	3	2	1	5	4	3	3	2	3	3	2	1	3	3	3	3	3	4	4	4	5	3	3	4	4	5	3	3	4	5	2	4	3	3	4	2	5	2	3	3	3	2	5	5	3	4	4	3	4	3	4	4	5	1	3	4	5	3	2	3	2	3	3	4	3	3	2	3	5	3	2	3	4	3	3	3	4	4	2	5	3	3	3	3	2	3	2	4	3	1	0
10080030	2	2	2	2	3	3	3	3	3	3	3	3	3	3	2	3	3	2	3	3	3	2	2	3	4	3	3	2	2	3	3	4	3	3	2	3	3	3	4	3	2	2	3	3	3	3	3	3	3	3	3	3	3	3	2	3	2	3	4	2	4	3	3	3	3	2	2	3	3	3	3	2	4	2	3	3	4	4	2	2	2	3	3	2	2	2	3	2	3	4	2	3	3	4	4	4	3	3	3	3	3	3	2	3	2	2	4	3	2	3	4	4	3	1	0
10080032	3	2	5	3	4	3	3	2	3	2	3	1	4	1	5	1	5	2	3	3	5	2	3	2	4	3	3	5	3	5	1	5	2	4	3	1	2	5	1	3	1	4	2	3	3	3	2	1	1	4	1	3	3	4	2	3	4	3	4	3	3	2	2	4	3	3	3	5	5	4	2	3	5	4	2	4	3	4	2	5	3	1	3	3	3	3	4	3	5	5	2	3	2	3	1	5	4	5	3	1	4	2	1	3	4	4	5	2	5	2	1	5	4	1	0
10080035	4	4	4	2	5	4	5	2	3	3	3	3	4	2	3	2	4	2	4	1	4	2	4	2	4	4	3	3	4	4	3	5	3	5	3	4	2	4	3	4	3	4	3	4	2	4	2	5	3	3	4	4	3	4	3	4	4	5	4	5	2	3	2	4	1	4	2	4	4	4	1	2	3	3	2	4	2	4	4	3	2	2	4	3	2	4	4	2	4	4	2	4	3	4	2	4	2	4	4	2	3	2	2	3	3	4	4	2	3	2	3	2	3	1	0
10080036	4	2	4	3	4	3	5	1	3	3	4	1	4	1	4	1	5	2	3	2	4	3	4	2	5	4	3	5	1	4	2	4	1	5	2	3	2	4	1	5	3	5	1	4	2	4	2	4	3	2	1	3	2	5	3	4	5	5	5	3	3	3	2	4	3	4	2	5	2	5	2	3	3	4	2	5	2	4	3	5	2	2	4	4	5	5	5	3	5	5	1	5	5	4	3	5	2	5	5	4	5	1	3	3	4	5	3	2	5	3	4	1	5	1	0
10080039	2	4	5	5	4	1	3	1	1	4	4	1	3	3	3	1	1	4	3	5	2	4	2	4	5	5	5	4	5	4	3	3	1	4	3	3	1	3	3	2	5	5	2	1	2	4	2	4	5	5	3	5	1	5	2	3	3	3	5	2	3	5	3	3	4	5	4	3	4	3	3	1	4	1	1	3	5	5	3	5	1	1	3	2	5	1	5	3	5	5	3	5	3	2	5	3	3	5	2	5	5	3	3	4	3	3	5	3	3	5	1	3	1	1	0
10080040	3	2	3	3	4	4	2	3	3	3	3	3	4	3	3	3	2	2	2	3	3	3	3	4	3	3	4	4	1	4	4	5	3	4	2	3	3	4	2	4	4	3	3	2	3	3	2	4	4	3	3	3	3	3	3	3	3	3	3	4	3	3	2	3	3	2	2	5	3	4	3	2	3	3	3	3	3	3	2	2	3	3	3	2	2	4	5	3	3	5	3	3	3	4	2	3	3	4	4	3	3	2	2	4	3	3	5	2	3	3	2	2	4	1	0
10080048	3	4	3	5	4	4	3	4	1	5	2	3	4	3	2	4	3	2	2	5	3	5	4	5	3	3	2	3	2	2	4	4	3	4	5	2	3	2	5	2	3	4	3	1	5	2	2	2	3	5	1	3	1	4	1	1	3	1	5	2	3	3	5	3	5	2	5	4	4	4	5	2	5	4	3	4	5	3	5	5	3	4	4	4	3	1	4	5	3	4	5	3	4	3	2	4	3	3	1	2	4	4	1	4	2	2	5	3	2	4	1	4	1	1	0
10080049	4	2	5	4	4	4	4	1	3	3	4	2	4	2	3	1	5	2	3	2	5	2	3	4	4	4	2	2	1	5	3	4	2	4	2	2	2	4	3	4	2	2	5	4	4	4	2	3	3	3	4	4	1	4	2	4	4	3	3	4	4	4	2	4	4	4	2	5	5	3	2	1	4	2	2	3	2	3	3	3	2	5	4	4	2	4	4	3	4	5	4	3	3	3	2	2	3	4	4	2	3	3	2	4	4	4	2	4	3	5	2	1	4	1	0
10080057	4	4	4	5	3	2	4	3	4	4	4	4	4	3	3	2	3	2	3	4	4	3	4	4	3	4	3	4	3	4	4	4	3	3	3	2	3	4	3	3	2	3	3	3	3	3	3	3	3	3	2	3	2	4	2	4	3	3	4	3	4	3	3	3	4	3	3	4	3	5	3	3	4	3	3	4	4	4	4	3	3	3	4	3	3	4	3	4	4	3	3	3	3	4	3	4	2	3	3	4	3	3	3	4	3	4	3	4	3	3	2	3	3	1	0
10080058	4	2	4	2	4	3	5	2	2	2	3	3	4	2	3	2	5	3	3	4	3	4	4	2	4	4	4	4	1	4	3	4	2	3	2	2	2	4	2	3	4	3	2	3	2	4	2	3	2	2	2	3	3	4	3	3	5	3	3	4	4	4	3	5	5	3	4	4	4	4	2	3	3	3	2	4	2	3	2	3	3	3	4	3	3	2	3	5	5	4	2	4	1	5	3	5	5	3	3	2	4	2	5	4	4	3	5	2	2	3	3	3	2	1	0
10080059	5	4	5	4	5	4	5	1	5	2	5	1	5	2	5	1	5	3	5	1	5	4	5	1	5	5	5	5	4	5	1	5	3	4	5	5	2	5	5	1	5	5	4	5	5	4	1	5	2	3	3	5	4	5	2	5	5	5	4	4	5	5	2	5	4	4	4	5	3	5	4	5	4	5	1	5	3	5	5	5	2	4	5	5	5	5	5	4	5	4	5	2	4	5	5	5	4	5	4	5	5	2	4	3	2	5	4	5	5	2	3	5	5	1	0
10080061	3	3	4	3	5	2	5	1	2	1	4	2	5	1	4	2	5	1	4	4	5	3	5	2	5	5	4	2	1	5	2	5	3	4	3	3	1	4	2	4	2	5	1	2	1	4	1	5	2	2	1	4	4	5	3	4	5	5	5	2	2	3	2	5	2	4	2	5	1	5	2	2	2	5	1	5	2	4	1	4	2	1	5	4	4	3	5	2	5	5	1	3	2	5	2	5	2	5	3	1	5	1	4	2	5	3	4	1	4	3	3	2	3	1	0
10080062	3	1	4	4	4	3	3	2	3	4	3	4	4	3	5	2	3	1	3	3	3	2	3	2	3	3	3	3	3	3	3	3	3	4	2	3	2	3	2	3	5	5	1	3	2	2	2	4	2	2	3	3	1	3	3	3	3	3	4	2	3	3	3	3	5	3	2	2	3	4	2	2	5	3	3	4	1	4	3	3	2	2	5	3	2	4	2	4	3	3	2	4	2	4	3	3	3	3	3	1	3	5	4	3	3	4	4	2	2	3	3	2	3	1	0
10080064	1	5	4	5	1	5	4	3	2	2	3	3	2	4	4	4	1	4	1	5	3	4	1	4	2	2	4	2	1	2	2	2	5	5	4	2	3	2	4	2	4	3	3	3	4	3	4	1	4	5	5	4	1	3	1	2	2	1	3	1	5	1	4	3	5	4	1	4	5	3	1	1	4	2	4	2	5	1	5	4	5	4	2	3	3	1	2	5	2	2	5	4	4	2	3	1	3	3	2	5	2	5	1	5	2	2	4	2	3	4	1	3	3	1	0
10080066	4	4	4	5	4	4	4	3	5	4	5	3	4	1	4	1	4	2	4	3	5	4	4	2	5	3	3	5	3	5	3	4	4	4	1	5	4	4	2	4	3	5	5	5	5	3	1	5	4	3	2	3	1	4	4	4	4	5	5	1	3	3	3	3	3	5	2	4	3	5	3	3	4	5	3	5	2	5	4	4	3	3	3	3	4	4	4	4	4	4	4	4	3	3	2	4	3	4	5	3	3	2	3	5	4	5	5	4	4	3	3	3	4	1	0
10080068	2	4	4	5	2	4	4	2	3	3	4	2	4	1	4	2	4	3	2	4	2	3	3	2	5	4	3	4	3	3	3	4	3	4	3	2	2	3	2	4	4	4	1	4	2	4	4	1	4	4	4	3	5	4	4	2	3	1	4	3	5	3	2	2	5	3	2	3	4	4	2	2	4	3	2	4	3	3	3	4	2	4	3	3	2	3	4	5	3	5	3	4	2	2	2	1	2	5	2	2	3	2	1	4	4	2	4	1	2	4	4	2	3	1	0
10080071	3	4	4	3	5	5	3	2	3	1	3	3	2	1	3	1	4	1	3	5	2	5	4	5	5	4	3	3	1	5	3	3	2	5	3	5	2	2	5	2	3	2	4	3	5	4	2	4	4	2	3	4	3	2	5	2	5	4	2	4	4	5	2	5	2	3	4	3	5	2	3	1	3	3	2	4	3	3	4	4	2	4	4	3	3	3	4	4	4	4	3	4	3	5	5	4	2	4	2	4	3	2	3	4	2	2	4	4	3	4	3	4	3	1	0
10080073	3	2	5	4	5	4	3	1	2	2	5	1	5	1	3	1	5	1	4	2	4	2	4	3	5	4	5	4	1	2	4	5	2	5	4	2	4	2	3	1	1	4	4	2	2	3	1	2	4	4	1	1	1	3	2	4	5	2	5	4	5	2	3	4	1	3	2	5	2	2	3	2	4	5	5	4	1	4	3	5	2	1	4	4	5	2	4	4	4	5	5	4	3	4	4	2	2	4	2	4	5	2	2	2	2	2	2	5	5	4	4	4	3	1	0
10080074	2	3	4	3	4	4	3	2	2	4	4	2	4	2	3	2	4	2	4	2	4	1	3	3	4	4	3	4	3	3	2	3	2	4	2	4	2	2	2	3	2	3	2	3	3	4	3	5	4	3	2	3	2	4	3	3	3	5	2	4	2	4	1	4	1	4	1	4	3	4	2	1	3	3	2	3	2	5	3	5	1	1	4	3	3	4	4	3	4	4	2	4	4	4	3	4	2	5	4	3	3	2	5	4	4	3	5	3	3	3	3	3	4	1	0
10080076	4	3	5	3	4	2	5	3	3	2	3	1	4	4	4	3	4	2	3	2	4	2	3	2	5	4	3	3	2	4	2	4	2	4	3	3	2	4	3	4	2	4	4	4	3	3	2	4	2	3	3	3	1	4	3	3	4	4	5	3	3	2	3	4	2	3	2	5	4	4	2	3	3	5	2	3	2	2	3	4	3	2	4	4	4	4	4	5	5	5	3	4	4	3	5	2	1	5	2	3	4	1	4	5	3	2	5	2	4	1	3	4	4	1	0
10080077	2	3	4	5	4	3	4	2	3	4	4	4	5	4	2	3	4	1	2	2	5	2	3	4	4	3	4	4	5	5	4	2	5	4	2	1	1	3	2	4	1	3	2	3	3	2	2	5	4	5	3	3	2	4	2	3	4	4	5	1	5	2	4	3	1	3	2	5	2	4	2	4	4	3	3	3	4	3	4	4	2	2	4	4	2	4	2	4	2	4	2	3	2	3	3	4	2	4	4	1	3	5	2	4	4	3	5	2	2	3	3	3	3	1	0
10080081	3	4	4	5	4	4	4	2	4	4	3	4	3	3	4	2	4	2	3	4	4	3	3	4	4	4	2	4	5	4	3	3	4	4	2	2	2	3	3	3	2	2	4	2	2	2	2	3	2	4	3	3	2	2	2	3	4	3	4	3	4	3	3	3	4	3	3	4	4	3	3	3	3	2	3	3	4	2	4	3	2	3	4	4	2	3	4	4	3	4	3	4	2	4	3	3	4	4	2	4	3	4	3	4	3	3	4	4	4	2	3	4	4	1	0
10080084	4	2	3	4	3	4	3	2	3	3	3	4	2	3	3	3	2	2	2	2	3	4	1	5	1	2	3	4	2	5	2	3	3	4	2	4	2	1	2	3	2	4	3	3	3	2	3	4	3	3	3	3	4	3	3	4	4	5	4	1	5	1	3	4	2	3	2	4	3	3	2	3	3	4	2	3	4	3	3	3	2	2	4	3	3	4	3	1	3	5	2	3	4	3	2	5	2	4	5	4	4	2	3	4	3	2	4	3	4	3	4	1	3	1	0
10080088	4	2	4	3	4	2	5	2	3	2	4	2	4	2	4	2	4	2	4	3	4	3	3	2	4	3	4	4	3	4	1	4	2	4	2	4	2	4	2	4	4	4	2	4	2	2	2	4	2	2	2	4	3	4	4	4	5	5	4	2	4	4	2	4	2	4	3	4	4	4	2	2	2	4	2	4	2	3	2	4	2	2	4	4	4	4	5	2	5	5	3	5	3	4	3	4	4	5	3	1	5	2	4	4	3	3	3	2	5	2	4	3	4	1	0
10080090	3	5	4	1	4	2	5	1	5	1	5	3	5	2	3	2	5	1	3	4	3	3	3	1	5	5	4	3	1	5	1	5	1	5	1	5	1	3	1	5	2	4	1	3	1	1	1	3	1	1	1	4	4	5	4	3	5	3	3	1	1	4	1	3	3	5	1	5	1	5	1	3	3	5	1	5	1	5	1	3	2	1	5	5	3	3	4	4	5	5	1	4	1	5	1	4	1	5	3	1	3	2	4	1	3	3	2	1	5	3	5	3	5	1	0
10080091	2	1	2	3	3	2	3	2	4	2	3	2	4	4	4	2	4	2	3	2	4	2	3	2	4	3	3	4	4	5	2	5	2	5	3	2	3	4	4	4	1	3	2	4	1	3	2	2	3	2	1	5	2	5	3	4	4	3	4	1	3	2	2	2	3	2	2	5	1	3	3	2	3	4	3	3	2	4	2	4	2	2	4	3	3	3	3	3	4	4	4	3	2	3	3	4	2	3	2	2	3	2	2	2	4	2	4	2	2	2	2	4	3	1	0
10080092	4	2	3	1	3	2	3	1	1	1	3	2	5	2	3	2	5	1	3	1	3	1	3	2	5	3	3	3	3	4	2	3	1	5	2	3	1	3	1	3	3	4	1	3	3	1	1	5	3	3	1	3	3	4	3	4	5	4	3	3	3	3	2	3	1	3	1	4	1	5	1	1	3	3	2	5	1	4	3	3	2	1	5	3	4	5	3	3	4	5	1	5	1	5	1	5	3	5	3	1	3	1	3	2	4	5	3	1	5	3	5	1	3	1	0
10080101	4	3	5	3	5	2	5	1	5	2	2	5	2	1	3	2	5	1	3	4	5	5	4	4	5	3	2	4	1	5	5	5	5	5	1	3	4	5	3	2	2	2	5	5	3	3	2	5	1	5	2	4	1	5	1	5	5	3	3	5	4	4	1	5	4	4	4	5	5	5	1	5	5	4	4	5	5	5	5	1	3	3	5	5	3	5	5	3	5	5	4	4	5	5	5	5	3	5	5	5	5	4	2	5	1	1	5	5	3	2	5	5	5	1	0
10080103	4	2	5	1	4	3	4	2	4	2	4	1	5	1	5	1	5	1	4	1	3	1	2	2	5	4	4	4	3	4	3	5	4	5	2	4	1	4	2	3	2	4	1	3	2	2	1	4	2	1	3	3	1	4	3	3	4	5	4	2	2	3	2	4	1	4	2	5	3	3	2	2	2	4	2	3	1	4	1	4	1	1	3	3	3	3	4	3	4	5	3	5	3	2	4	3	1	5	3	3	5	3	3	2	3	3	3	1	4	2	3	3	4	1	0
10080106	4	4	3	2	4	2	4	2	2	3	4	3	4	4	3	2	4	2	3	2	3	2	4	2	4	3	4	3	3	4	4	3	3	4	2	2	2	2	2	5	2	3	2	3	3	3	3	3	3	2	2	2	2	2	2	3	4	4	4	1	3	2	4	3	3	2	2	3	2	4	2	2	3	4	2	4	3	3	2	3	3	2	4	3	2	3	3	3	3	5	2	4	3	4	3	4	2	3	4	2	3	2	3	4	4	3	3	2	3	2	2	3	3	1	0
10080107	3	4	2	5	4	5	3	4	4	5	4	2	3	4	1	3	1	2	3	4	4	4	3	4	4	3	2	3	4	3	3	4	4	3	2	3	4	2	5	2	3	3	3	4	4	3	4	3	3	5	3	3	3	3	1	3	2	3	4	3	3	3	2	3	3	2	3	2	3	4	3	3	4	2	4	3	4	3	4	4	4	2	4	2	2	3	3	4	4	3	4	2	3	4	4	4	3	3	3	4	2	4	4	4	2	4	4	4	4	3	1	4	4	1	0
10080109	2	4	3	5	3	2	3	2	2	4	2	3	4	3	3	3	2	3	2	5	3	5	2	2	2	2	2	4	3	4	2	3	2	3	4	1	2	2	1	3	1	3	4	1	3	2	4	2	3	4	3	3	2	3	2	3	3	1	5	2	4	2	2	4	5	3	5	3	4	4	3	1	4	2	3	4	3	4	2	3	2	2	3	4	1	1	3	4	5	5	3	5	3	3	3	3	4	4	1	4	2	3	3	4	2	1	4	3	2	5	2	2	2	1	0
10080110	5	4	5	1	5	1	5	1	2	1	3	3	1	4	4	2	3	5	5	1	4	4	5	1	5	5	5	5	1	5	4	5	1	4	1	4	1	5	5	5	4	4	2	3	5	5	1	3	3	3	1	5	1	1	5	2	2	5	5	5	5	5	5	5	1	5	3	3	5	1	1	5	1	5	1	5	2	4	4	5	1	2	5	5	2	5	5	4	5	5	1	5	5	5	5	1	5	5	5	5	5	1	5	5	4	4	5	4	5	5	5	2	5	1	0
10080111	4	1	2	2	4	4	3	2	3	1	4	4	4	1	5	2	4	3	4	2	3	1	2	2	4	4	4	3	1	4	3	4	1	4	3	4	2	3	2	4	4	4	3	4	2	2	2	2	2	1	2	3	1	3	4	3	3	4	4	4	2	4	2	4	3	4	2	3	5	3	2	2	2	4	1	4	2	4	2	2	2	2	4	2	3	3	4	2	4	4	2	3	2	4	3	4	2	4	3	4	2	2	4	2	3	3	4	2	4	4	4	3	4	1	0
10080113	3	2	5	5	4	3	4	1	3	2	4	2	5	1	4	1	5	2	3	2	3	2	1	2	5	5	3	5	2	5	2	4	2	5	3	2	2	3	2	4	3	4	3	3	3	4	2	5	2	3	4	4	3	4	3	3	5	5	5	2	3	3	2	4	2	4	1	4	4	4	1	1	3	5	2	5	3	5	2	4	2	2	5	5	3	4	5	4	5	5	3	4	3	4	3	5	3	5	4	4	5	2	3	3	4	3	5	2	4	4	2	4	4	1	0
10080114	4	3	5	3	5	3	5	1	2	3	5	1	5	1	5	1	5	2	5	4	3	1	3	1	5	5	2	5	1	5	1	5	1	5	3	1	1	5	1	5	3	5	2	2	5	5	1	4	3	3	5	5	3	5	3	4	5	5	3	4	2	3	3	5	4	5	2	5	5	4	2	1	3	5	2	3	2	5	3	5	3	2	3	5	5	4	4	4	5	5	3	5	2	5	2	3	5	5	3	4	5	1	1	2	2	3	5	2	5	3	3	5	5	1	0
10080115	4	5	3	5	3	1	4	2	3	2	3	5	5	2	3	1	3	1	3	3	4	2	3	3	4	3	3	3	2	4	3	3	2	5	3	4	2	4	3	4	1	3	1	2	3	3	1	4	4	4	1	3	5	3	1	3	3	5	5	3	4	1	2	3	3	3	2	4	3	4	2	1	4	4	2	4	3	3	3	4	3	3	3	4	2	4	3	2	4	4	4	3	3	3	3	4	1	3	3	3	3	2	1	5	4	3	3	1	3	3	2	1	3	1	0
10080123	5	3	3	3	3	2	3	2	3	5	4	1	3	2	3	4	4	2	4	3	5	3	3	3	4	3	3	4	3	4	3	3	3	3	2	2	4	3	3	3	2	3	3	2	2	2	2	3	3	3	3	3	3	3	1	4	4	4	4	2	5	1	4	3	2	3	4	5	2	3	3	4	4	3	3	1	5	2	2	4	4	4	3	3	3	4	3	3	4	3	3	4	4	3	2	3	2	2	4	3	3	2	2	5	3	3	2	3	1	2	4	4	3	1	0
10110005	3	4	5	4	5	3	5	2	5	2	3	1	5	1	5	1	5	1	3	4	4	4	5	3	5	5	2	3	2	4	2	3	2	3	3	2	2	3	2	3	2	5	3	5	3	5	1	2	3	2	2	3	3	3	3	3	5	5	3	3	3	3	3	3	5	4	3	3	5	4	2	2	2	5	2	3	2	5	2	5	2	2	3	3	4	3	5	3	5	5	2	5	5	3	2	5	3	5	3	1	5	3	5	3	3	3	3	2	5	3	3	3	3	1	0
10110011	5	2	5	4	5	2	5	2	5	1	5	2	5	2	4	1	5	1	4	1	5	1	5	2	5	5	4	5	2	5	3	5	3	5	1	2	1	4	5	4	2	3	2	3	5	5	2	5	2	1	1	5	2	5	3	5	4	5	5	3	3	4	1	4	1	5	1	4	1	5	3	4	4	4	1	5	1	4	1	1	1	1	4	5	2	5	4	2	5	5	1	5	3	5	4	5	2	5	5	5	3	4	5	4	5	5	5	4	5	4	5	4	4	1	0
10110015	3	2	5	3	5	5	4	1	3	2	3	2	5	1	5	3	5	1	3	3	3	3	3	5	5	3	5	5	1	5	2	5	1	5	3	3	1	3	4	4	4	5	2	1	1	4	1	4	2	2	1	3	3	4	3	3	3	3	5	3	3	3	2	5	3	3	2	3	3	3	1	1	2	4	3	3	3	5	1	1	2	3	5	3	2	3	3	4	5	5	2	3	2	4	4	3	3	4	3	1	3	2	3	3	5	3	3	3	3	3	3	2	3	1	0
10110017	5	5	2	3	4	3	5	2	3	1	3	1	4	2	5	1	4	2	3	2	4	1	4	2	5	5	4	4	2	4	1	4	3	5	1	3	2	4	2	4	3	4	2	4	2	3	2	4	2	2	2	3	5	4	4	3	5	4	4	3	2	4	4	4	1	5	2	5	2	4	2	3	3	5	2	4	2	4	3	3	2	2	4	4	4	3	4	2	4	5	3	5	2	5	2	3	2	4	4	2	4	2	3	2	4	4	3	2	3	2	3	2	4	1	0
10110026	5	1	5	5	5	1	5	1	2	5	4	1	5	4	1	2	5	1	4	1	5	1	5	2	5	5	5	5	1	4	5	4	2	5	3	1	3	3	1	5	1	3	3	3	5	5	3	2	4	5	1	3	1	5	1	3	5	3	4	3	3	2	3	3	4	5	2	5	2	5	5	3	5	3	2	5	5	5	3	5	3	3	4	4	3	2	3	1	4	5	1	5	1	4	1	4	1	5	1	3	4	3	1	2	5	5	1	1	3	3	3	5	3	1	0
10110030	3	3	3	4	3	3	3	3	2	1	3	3	3	2	3	2	3	2	3	3	3	3	3	4	3	3	2	3	1	4	3	3	4	3	2	3	3	3	2	3	2	3	4	2	4	3	1	4	2	3	3	3	3	3	3	4	3	5	3	3	3	3	2	3	1	3	3	3	5	4	3	2	3	3	3	3	4	3	4	3	3	3	3	2	3	3	2	3	3	4	3	4	3	3	2	4	3	3	3	5	3	3	3	4	3	3	3	4	2	3	3	2	3	1	0
10120002	3	2	4	4	4	2	4	2	3	4	4	2	5	3	4	2	4	3	3	2	4	2	4	2	5	5	3	3	1	5	2	5	2	5	2	2	3	2	2	3	4	4	2	4	3	3	1	5	2	4	3	2	4	5	2	3	3	5	2	3	3	2	2	3	1	4	1	4	3	4	1	2	5	2	1	5	3	4	2	3	2	1	4	3	1	3	4	3	2	4	2	3	3	5	2	5	2	5	4	2	3	4	3	4	3	4	4	1	4	2	3	4	4	1	0
10120004	3	3	3	3	4	3	3	2	3	3	4	2	4	2	3	2	4	2	3	3	3	4	3	3	3	3	2	4	2	4	3	4	3	4	3	3	2	4	1	4	3	4	4	4	4	4	2	2	3	4	3	3	3	4	2	4	2	3	4	4	4	3	3	4	4	3	3	4	4	4	3	2	4	4	3	4	4	4	3	3	2	3	4	4	3	4	3	3	4	4	2	4	2	3	1	3	4	4	3	3	3	4	2	4	4	3	4	3	2	3	4	4	4	1	0
10120007	5	1	4	2	4	2	5	1	4	2	5	1	5	1	5	1	5	2	4	2	4	2	4	1	5	5	2	5	1	5	2	5	2	2	1	4	3	4	4	4	4	5	1	4	2	4	1	4	4	2	4	4	4	5	3	5	5	5	4	5	3	3	3	4	3	4	3	5	2	4	2	4	3	5	2	4	2	4	2	5	3	2	4	4	5	5	4	2	4	5	2	5	2	4	4	5	3	4	4	2	4	2	4	2	4	4	3	2	3	3	4	4	4	1	0
10120010	4	2	4	4	4	4	4	2	3	3	4	3	5	4	2	2	5	2	4	3	4	2	4	3	4	4	2	4	2	4	3	5	2	4	2	3	3	3	1	4	3	4	2	4	3	4	2	4	2	4	4	2	3	4	2	4	4	5	4	3	3	4	4	3	3	5	2	4	2	5	2	3	4	2	2	4	2	4	2	4	4	2	4	4	4	4	5	3	4	5	2	4	2	4	3	4	2	5	4	1	5	3	1	3	4	4	4	3	4	2	2	3	4	1	0
10120011	3	2	3	5	4	5	5	2	2	4	2	3	5	2	2	2	3	1	2	3	3	3	3	3	5	3	5	4	4	3	2	3	3	2	2	2	2	3	1	4	3	4	3	4	4	3	3	5	5	4	5	3	1	4	2	3	5	3	5	2	3	2	3	4	4	2	2	5	5	4	3	1	3	3	2	4	3	3	2	3	1	3	3	2	2	3	4	5	2	5	5	2	3	3	3	3	4	5	3	3	3	4	2	3	4	3	4	3	3	2	2	3	4	1	0
10120014	4	4	3	4	3	4	3	3	4	4	3	4	4	3	3	2	3	4	2	3	3	3	4	4	3	4	4	3	2	4	4	4	3	4	3	3	2	4	4	4	4	3	3	3	4	2	3	4	4	3	2	4	4	4	3	2	4	4	5	4	4	3	2	4	3	3	3	4	5	2	3	3	4	2	2	4	3	4	4	2	4	3	3	3	2	3	3	5	5	4	4	4	4	3	5	3	4	4	3	3	3	3	3	3	4	3	5	4	3	4	4	3	5	1	0
10120016	2	3	2	2	3	2	4	3	3	3	2	2	3	3	3	3	2	2	3	2	2	2	3	3	4	3	3	3	4	4	2	3	4	4	3	2	3	3	1	3	2	2	3	3	3	3	3	2	4	3	2	3	2	3	2	3	2	4	2	2	3	3	2	4	3	3	2	3	5	2	3	2	3	3	2	3	3	3	4	4	2	3	4	3	4	3	3	5	3	4	3	3	3	3	4	3	2	3	2	4	2	3	2	5	3	1	3	3	5	3	2	3	4	1	0
10120017	5	1	4	3	5	1	5	3	4	2	4	1	5	2	4	1	4	3	4	3	5	2	4	2	4	4	3	4	2	5	1	5	3	5	1	3	3	4	1	4	1	5	2	4	2	4	1	4	5	4	2	5	1	4	3	5	5	5	3	4	2	5	3	3	2	4	2	4	1	5	2	4	4	3	2	4	4	4	3	5	2	2	3	5	5	5	4	2	5	5	1	4	3	5	4	5	3	4	4	2	3	3	3	4	3	4	3	1	5	2	2	3	4	1	0
10120018	4	1	4	5	3	2	4	2	2	3	5	3	4	4	2	3	5	2	3	4	4	5	3	5	5	4	4	4	1	5	3	5	3	3	5	2	3	4	1	5	4	4	1	4	1	5	2	1	3	3	2	4	4	4	3	4	4	4	4	4	5	3	3	4	4	3	3	5	2	4	1	3	3	5	1	3	1	4	2	4	3	1	4	4	1	4	3	2	5	4	2	3	2	3	2	3	2	3	3	3	4	3	1	2	5	3	3	2	2	2	5	1	3	1	0
10120029	2	1	4	5	5	2	5	2	4	3	2	2	4	5	4	2	5	1	3	2	5	5	3	2	4	3	5	5	4	3	2	5	5	3	2	2	2	2	4	4	3	5	1	5	3	4	4	2	3	5	1	3	1	3	1	4	5	3	4	4	4	2	4	2	5	2	5	2	1	4	3	5	5	2	2	4	3	3	5	5	3	2	3	3	2	3	3	5	3	4	3	3	1	5	2	3	4	4	3	1	3	4	4	3	4	3	5	1	3	3	2	2	3	1	0
10120031	4	2	4	2	4	2	5	1	1	1	3	1	4	1	2	1	4	2	4	1	5	2	3	1	5	4	4	2	3	5	1	5	1	5	1	5	3	4	1	5	2	4	1	3	1	4	2	4	5	3	1	4	3	4	4	5	5	5	3	2	1	4	2	3	2	4	1	4	1	5	2	1	4	4	1	5	1	5	1	4	1	1	5	4	3	5	4	3	5	5	1	4	3	5	1	5	1	5	5	1	3	1	3	2	5	5	3	1	4	3	4	1	2	1	0
10120033	3	2	4	4	3	4	3	2	1	3	3	3	4	2	4	3	1	2	3	2	4	4	3	2	4	4	3	4	4	4	3	4	3	4	1	2	2	3	4	3	5	3	3	3	2	2	2	4	3	4	2	3	3	3	2	4	3	4	2	2	2	4	2	4	4	3	3	3	3	4	2	1	4	2	2	4	3	4	2	3	2	3	4	3	4	3	4	3	3	4	2	4	2	4	2	4	3	4	3	1	3	2	3	4	4	4	4	2	5	4	4	2	2	1	0
10130002	4	2	4	5	4	3	4	2	3	2	3	1	4	3	3	2	4	2	3	3	3	2	2	2	5	3	3	4	3	4	1	4	3	5	3	2	2	2	2	3	4	5	3	3	3	4	2	3	3	4	4	4	2	3	3	3	3	4	4	1	4	3	2	4	5	4	4	4	4	5	3	2	3	3	2	3	3	4	4	5	2	2	4	4	5	4	4	5	4	5	3	4	2	4	3	4	5	4	3	3	3	4	4	4	4	3	5	2	4	4	4	3	3	1	0
10130008	4	3	3	4	4	2	4	2	4	4	2	4	2	4	2	4	4	3	3	4	4	4	4	2	4	2	3	4	2	4	2	3	4	3	2	2	3	3	2	2	2	2	2	4	4	2	2	2	2	4	2	4	4	5	2	4	3	2	2	3	4	2	1	3	4	2	2	4	3	4	4	4	4	4	2	4	5	3	4	4	3	3	3	2	3	3	3	2	5	3	2	4	2	4	4	4	4	4	2	4	4	4	2	5	5	4	4	4	4	2	2	4	4	1	0
10130010	4	3	3	3	3	3	3	3	3	3	3	2	4	2	3	2	4	2	4	2	4	3	4	3	4	4	4	4	1	3	2	4	3	3	2	4	2	4	2	4	3	3	3	4	2	3	2	4	4	4	3	3	3	4	4	3	4	5	4	4	3	3	3	2	2	3	3	4	4	4	2	3	3	2	3	4	4	4	2	3	2	2	4	3	4	4	3	3	4	4	3	4	3	2	2	3	4	4	4	2	3	2	3	4	3	4	3	2	4	2	4	3	3	1	0
10130011	3	3	4	5	4	4	4	2	2	4	3	3	4	3	2	2	4	2	3	3	4	3	4	2	4	4	4	4	2	4	2	4	3	4	2	2	2	2	2	4	4	5	2	4	2	3	2	3	3	4	2	3	4	3	2	3	3	3	4	2	4	3	3	3	4	3	3	4	2	4	2	2	4	3	3	4	3	3	3	5	4	3	4	3	5	5	3	4	4	4	3	4	3	4	3	4	3	4	4	2	3	3	2	4	4	3	4	2	4	4	2	3	3	1	0
10130018	3	4	3	4	3	3	3	2	3	3	5	4	3	5	3	5	3	4	3	4	3	5	3	2	4	3	4	3	3	3	3	3	3	3	2	3	2	3	3	5	2	3	3	2	5	3	3	3	3	3	3	3	3	3	3	2	3	3	4	3	3	3	2	3	5	3	3	3	3	3	3	1	5	3	3	3	3	3	3	5	3	3	3	3	4	3	5	4	5	4	3	5	2	5	3	5	4	4	2	2	3	3	3	5	5	2	5	5	5	4	2	2	5	1	0
10130019	5	3	4	3	4	3	4	2	3	3	4	4	4	2	3	2	5	1	3	4	4	4	3	3	4	4	3	3	4	5	2	4	3	3	2	3	3	3	2	3	5	4	3	3	5	3	3	3	5	5	4	3	4	4	3	4	4	3	3	3	4	3	2	3	4	3	3	5	3	4	4	4	3	3	2	4	3	4	4	3	3	3	3	3	3	4	4	4	3	4	3	3	4	3	3	4	4	4	4	2	4	3	3	4	4	4	5	5	4	3	3	4	3	1	0
10130022	2	4	2	4	2	3	3	4	2	4	2	4	3	4	2	4	3	2	3	3	4	5	3	5	2	3	3	3	4	4	4	3	4	2	2	2	4	2	2	4	5	2	4	2	3	3	4	2	4	4	4	2	2	3	2	3	2	3	2	4	3	5	3	4	5	2	5	2	5	2	4	2	4	2	4	4	5	2	4	4	4	5	2	2	1	3	2	2	2	3	4	4	2	2	4	5	5	4	4	4	2	5	3	4	5	4	4	5	2	4	2	2	2	1	0
10130023	5	5	4	5	4	3	4	3	3	4	5	1	5	1	5	4	5	1	5	2	5	5	5	1	5	4	5	5	3	5	1	5	3	5	1	5	5	3	5	4	2	5	3	4	4	1	1	5	1	5	1	4	5	5	1	4	5	5	5	1	5	2	2	4	1	4	5	5	4	3	2	1	5	2	2	5	1	3	5	5	2	1	5	3	5	4	3	4	5	5	1	5	1	4	3	5	5	4	4	1	3	3	1	5	1	5	5	1	3	1	2	1	3	1	0
10130024	3	2	4	2	2	3	4	2	3	2	2	2	5	1	3	2	4	3	3	1	3	2	3	4	5	5	5	4	1	5	2	5	2	4	2	4	2	3	2	2	2	4	2	3	2	2	2	4	4	3	2	2	3	2	3	4	4	4	4	5	2	3	2	2	2	3	2	4	3	4	2	3	2	3	1	5	2	4	2	4	2	2	3	3	5	4	5	2	4	5	3	3	2	4	3	4	2	4	4	2	4	2	2	2	2	3	3	3	3	3	3	3	4	1	0
10130025	3	2	3	4	4	3	3	2	3	3	3	1	3	1	3	2	3	4	3	2	3	3	3	4	4	4	3	3	1	3	2	3	3	3	2	3	4	3	1	4	3	4	2	3	3	3	2	4	3	4	2	2	4	3	2	3	4	3	4	3	3	3	3	4	3	3	3	4	2	4	1	2	4	3	3	4	2	4	4	4	2	3	4	3	3	3	3	4	3	3	3	5	3	4	1	4	3	3	3	2	3	3	3	4	3	3	4	2	3	3	3	3	3	1	0
10130026	3	2	4	3	4	3	4	2	3	2	5	3	4	2	4	2	5	2	4	3	4	3	4	3	4	4	4	4	2	4	2	4	3	4	2	3	2	4	1	4	2	4	2	4	2	2	2	4	2	2	3	4	1	4	4	4	4	4	5	3	2	4	1	4	2	4	2	4	3	5	3	3	3	5	2	5	1	5	3	3	2	3	4	4	3	4	4	3	5	4	2	5	1	4	2	4	2	5	4	1	4	2	5	2	5	4	3	1	5	5	3	2	4	1	0
10130028	4	4	4	2	4	4	4	2	3	2	4	3	4	2	4	2	4	2	4	3	4	2	3	3	4	4	4	3	2	4	3	4	2	4	2	4	2	3	2	4	2	3	2	4	2	4	2	4	2	2	2	3	2	3	4	3	4	4	4	3	2	4	2	4	2	4	2	4	4	4	2	3	2	4	2	4	2	4	3	2	2	2	4	4	3	4	4	3	4	5	2	4	2	4	1	4	2	4	4	2	4	2	3	3	4	3	4	2	3	3	4	2	4	1	0
10130031	5	3	4	3	5	3	3	2	3	4	4	2	4	2	5	2	4	1	4	3	4	3	3	4	4	4	4	3	4	4	2	5	2	5	4	4	3	5	2	4	3	5	2	3	4	4	1	5	5	5	4	3	4	5	3	5	5	5	5	4	3	3	2	4	4	3	3	4	4	4	2	2	4	4	3	4	4	4	4	4	3	3	4	4	4	5	5	4	4	4	3	4	4	4	3	4	3	4	4	2	4	2	2	3	4	4	4	3	4	4	3	3	4	1	0
10130032	3	2	3	4	3	3	3	3	3	4	3	5	3	4	3	3	2	3	3	2	2	1	3	1	2	2	3	4	1	4	3	3	3	3	3	1	3	2	5	5	3	2	2	2	1	2	4	2	4	3	2	5	4	4	1	3	2	3	3	2	1	3	2	2	4	3	1	3	2	2	3	2	5	3	3	2	2	5	2	3	1	2	4	2	1	2	3	2	4	3	2	2	1	4	4	4	2	3	2	3	2	3	2	3	5	2	4	2	4	4	2	4	3	1	0
10130033	5	5	4	2	4	1	4	1	5	2	5	3	5	1	4	1	5	3	4	2	5	2	5	3	5	5	3	4	1	5	1	5	1	5	1	5	3	2	3	3	1	4	5	5	5	3	1	5	2	3	3	3	5	4	3	5	5	5	3	4	1	5	1	5	1	3	1	5	3	4	2	2	5	4	2	4	2	4	4	4	2	2	4	5	3	5	4	2	4	4	2	4	4	5	2	4	2	5	5	3	4	2	4	4	3	5	3	5	5	1	4	4	3	1	0
10130034	5	4	5	1	4	4	4	3	3	3	4	1	4	1	4	1	5	1	4	5	4	1	4	3	4	4	3	4	1	5	3	5	3	5	2	4	4	3	1	4	2	4	4	3	5	4	2	5	2	2	4	4	2	4	4	3	4	5	4	3	4	4	2	4	1	4	1	3	4	4	2	2	4	4	2	5	1	5	3	4	2	1	4	3	4	5	4	1	4	5	3	4	2	4	3	4	2	5	4	2	3	2	2	4	4	5	3	3	4	1	4	1	5	1	0
10130041	3	3	3	3	4	2	4	2	5	3	3	3	2	3	4	3	2	2	4	4	5	4	3	2	4	4	2	3	3	3	2	2	3	5	2	4	3	4	4	5	3	3	2	4	5	2	3	5	3	3	2	4	2	3	3	4	4	4	3	1	3	4	2	3	4	3	3	2	4	3	2	2	3	1	4	4	3	3	4	3	1	3	2	2	2	3	4	3	4	4	4	2	2	3	4	3	3	3	3	5	3	3	4	3	3	2	3	5	3	3	3	4	5	1	0
10130043	3	2	3	2	3	2	3	2	2	2	3	3	3	1	4	1	3	1	3	2	3	1	2	3	4	4	3	3	2	4	3	3	3	5	2	4	1	2	1	3	1	3	4	2	2	4	1	3	4	3	2	3	3	4	3	3	4	4	4	2	2	3	2	3	1	4	1	4	4	4	2	1	2	3	2	4	2	4	2	3	2	2	3	3	2	4	3	3	4	4	3	4	2	4	2	4	1	4	4	2	3	1	3	4	3	4	3	3	3	1	3	2	2	1	0
10130045	3	5	5	5	2	5	2	3	4	5	2	4	3	2	2	4	2	5	2	4	4	4	4	5	3	2	4	3	3	3	4	2	5	4	2	2	4	2	3	3	5	3	5	5	3	5	5	1	5	5	3	3	1	5	2	2	1	1	4	1	5	2	2	1	3	2	4	5	4	2	5	3	4	3	4	2	5	3	3	3	4	3	3	2	2	3	2	5	1	2	4	1	3	2	4	2	3	1	3	4	2	5	1	5	3	3	5	4	2	5	1	4	1	1	0
10130047	4	4	2	5	3	5	4	3	4	4	5	4	3	3	3	2	5	2	4	5	4	5	3	4	4	3	5	3	3	5	5	5	5	3	2	2	3	5	2	1	5	5	5	4	5	2	4	2	5	5	5	4	3	5	2	4	3	2	4	2	5	2	5	3	5	2	5	3	5	4	3	3	5	2	3	4	5	4	4	4	2	5	4	2	4	3	2	5	4	5	4	4	4	3	5	4	5	4	3	5	3	4	3	4	1	3	5	4	4	4	2	3	2	1	0
10130049	4	4	5	2	4	3	4	1	3	2	3	3	5	1	3	1	4	4	4	2	3	2	3	3	5	4	4	3	1	4	2	4	2	4	2	5	3	3	1	3	3	4	2	2	2	3	1	4	2	2	1	3	2	3	4	3	5	5	3	4	2	3	2	3	2	3	1	3	2	5	2	1	3	2	2	4	2	4	3	3	3	3	4	3	3	3	4	2	4	5	3	5	2	3	2	3	1	4	3	2	4	1	3	3	3	3	3	1	3	3	5	1	3	1	0
10130051	4	2	3	4	3	3	5	2	4	3	3	2	3	1	2	1	4	3	3	3	4	1	3	2	5	4	3	5	3	4	2	4	3	4	2	2	2	3	2	3	3	3	3	4	3	4	3	5	4	3	1	3	5	3	2	3	4	5	4	2	3	3	2	3	4	4	2	4	1	4	2	3	4	5	2	4	4	4	2	3	2	2	3	4	3	3	4	2	4	4	2	4	3	3	3	4	4	4	3	1	4	3	3	4	3	3	4	2	3	3	3	3	3	1	0
10130052	4	4	3	5	4	4	4	2	3	5	3	5	4	3	2	3	4	1	3	5	5	4	3	3	4	4	2	3	4	3	3	3	3	3	4	1	3	3	3	3	1	5	4	4	4	4	2	3	5	5	4	3	5	4	2	3	2	2	5	2	4	2	3	3	5	3	2	4	4	5	5	3	5	2	3	4	4	4	4	5	3	4	2	3	5	4	3	5	4	4	4	2	3	3	3	3	5	4	3	4	3	5	1	5	3	2	5	3	3	5	2	3	4	1	0
10130053	5	3	3	3	4	2	3	2	3	5	3	2	3	4	2	2	3	1	2	2	5	1	3	3	3	2	3	3	1	2	2	3	5	5	2	2	3	2	2	3	3	4	3	2	4	3	3	3	2	3	4	2	4	3	2	4	3	4	4	2	3	2	1	3	1	2	2	3	4	3	2	2	5	2	3	3	3	3	3	3	2	2	3	2	2	4	2	1	3	4	2	3	4	3	3	5	1	4	3	2	2	3	1	4	3	3	5	3	3	2	2	2	2	1	0
10130057	3	4	5	4	5	5	5	1	3	3	2	3	5	2	5	2	3	2	3	3	3	3	3	3	5	5	5	3	2	3	3	3	3	3	3	5	3	3	1	3	3	3	3	4	3	3	3	3	3	3	3	3	3	3	3	3	5	3	3	3	3	3	3	3	3	3	3	3	3	3	3	3	3	3	3	3	3	3	3	3	3	3	5	3	3	3	3	3	3	3	3	3	3	3	3	3	3	3	3	3	3	3	3	3	3	3	3	1	3	3	3	3	3	1	0
10130059	2	3	3	5	4	3	3	3	4	4	3	1	4	2	3	2	3	2	2	5	4	5	3	4	4	4	3	4	2	3	2	3	3	3	2	2	3	3	2	3	2	5	2	4	2	4	3	3	4	4	4	3	3	3	2	3	4	1	4	3	3	2	2	3	5	3	5	4	3	3	4	2	4	2	3	4	4	3	3	4	4	4	2	2	4	4	4	3	3	4	3	3	4	3	3	2	5	3	3	2	3	4	2	4	3	3	3	4	2	4	3	3	3	1	0
10130060	4	3	5	1	5	3	5	1	2	1	5	3	1	1	4	1	5	2	5	1	4	1	5	3	5	5	1	4	2	5	2	4	2	5	1	5	2	3	1	3	2	3	2	4	2	5	1	5	4	2	2	2	5	3	4	4	5	5	5	3	1	2	3	4	1	3	1	2	2	4	1	1	2	4	1	4	2	5	2	1	2	2	4	3	3	4	5	2	5	5	2	5	2	3	2	5	1	4	5	1	5	1	3	3	3	3	3	3	4	3	4	1	2	1	0
10130061	4	2	5	4	4	3	5	1	3	3	3	3	5	2	3	2	5	2	4	4	3	4	4	3	5	5	4	4	3	5	2	5	3	4	2	1	2	4	2	5	3	4	1	4	3	4	2	3	3	3	3	3	4	4	3	4	4	3	5	2	3	3	2	3	4	3	3	4	2	4	2	2	5	4	2	4	2	4	3	3	2	2	4	4	2	4	4	4	4	4	3	3	3	4	3	3	3	4	3	2	3	2	2	4	4	2	5	2	4	3	4	3	4	1	0
10150001	3	3	4	2	3	3	4	1	2	2	5	2	3	1	3	1	3	2	3	2	4	2	2	4	4	4	3	3	2	3	2	5	2	4	2	3	3	2	2	3	2	2	1	2	3	1	2	3	2	2	1	3	3	4	3	4	5	4	4	4	2	3	2	3	2	3	2	2	2	4	3	2	3	4	2	4	2	4	3	3	2	2	4	4	2	4	3	2	4	4	2	4	2	4	3	3	2	3	3	2	4	2	3	2	2	4	4	2	3	3	4	2	3	1	0
10150006	4	3	4	4	4	2	4	2	4	2	4	1	4	1	5	2	4	2	2	3	4	4	3	2	5	5	4	3	2	4	1	3	2	3	3	4	3	2	3	4	2	5	2	4	2	4	1	4	4	2	2	3	4	4	5	3	4	3	2	4	3	4	2	4	4	4	4	4	2	4	2	2	2	2	1	4	1	4	4	5	1	4	5	4	5	4	4	3	3	5	3	5	2	4	3	2	4	4	4	2	4	1	4	2	2	4	1	4	5	2	5	2	5	1	0
10150011	2	4	3	5	3	5	4	5	1	5	3	1	5	1	1	4	3	3	3	2	4	1	1	5	5	3	1	1	5	4	3	3	3	3	1	1	1	2	3	1	1	3	3	2	3	3	3	1	1	5	3	3	3	4	1	3	1	3	4	1	5	1	3	5	2	2	3	1	3	1	4	3	3	3	5	4	5	1	5	3	1	2	3	2	1	4	3	2	3	4	5	3	3	1	3	5	1	3	4	1	4	3	4	3	3	3	2	3	2	3	3	2	3	1	0
10150012	3	3	4	3	4	3	4	3	4	3	3	4	4	2	4	2	3	1	4	1	4	1	3	2	4	3	2	4	1	4	2	3	3	5	2	4	5	4	3	4	1	3	3	3	4	4	2	5	2	3	3	4	4	3	4	3	2	5	4	2	3	3	2	3	1	3	1	2	3	5	2	1	5	4	2	4	4	4	2	3	4	2	4	3	2	4	3	3	5	5	2	5	4	2	4	4	2	5	4	3	4	3	3	4	3	3	5	3	5	1	3	3	3	1	0
10150013	4	4	3	1	5	3	1	1	4	2	1	1	5	2	5	1	5	2	5	1	5	1	1	1	5	5	3	3	3	5	3	5	4	5	1	1	1	1	2	5	3	3	1	5	1	1	2	5	4	4	2	2	5	5	4	3	3	5	5	4	3	2	2	3	3	2	3	3	4	3	3	2	4	5	4	3	3	3	3	5	4	4	4	3	3	3	5	4	5	5	4	4	3	3	5	2	4	5	3	3	4	3	4	3	4	2	5	4	3	4	4	3	5	1	0
10150014	4	2	5	3	4	2	5	1	4	3	4	3	5	1	3	1	4	2	3	2	3	1	2	1	5	4	2	5	1	5	3	4	1	5	4	3	1	2	2	4	5	3	1	4	1	1	1	3	2	3	2	4	4	4	3	4	5	4	5	5	2	3	2	4	3	3	2	4	4	3	1	3	2	3	4	4	1	5	2	4	1	1	4	3	2	4	4	2	4	5	2	4	2	4	3	5	2	5	3	1	4	3	4	2	4	3	2	2	5	4	3	2	3	1	0
10150022	3	4	5	2	5	3	3	3	3	3	3	3	3	3	3	3	3	3	3	3	3	3	3	3	3	3	3	5	3	5	1	5	1	5	1	5	1	4	1	4	1	4	1	4	2	4	2	4	1	1	1	4	4	5	4	4	5	5	4	3	2	2	3	5	1	4	1	5	1	4	1	3	2	5	1	4	1	5	1	3	2	1	5	4	4	4	3	2	4	5	2	4	2	5	2	4	1	4	4	5	5	2	4	1	5	4	3	1	5	2	5	3	5	1	0
10150024	3	2	5	1	3	3	5	1	1	1	2	2	5	2	5	1	3	1	4	1	3	1	2	1	5	4	5	2	1	4	3	5	1	4	2	2	2	2	3	3	2	2	1	2	1	5	1	3	2	2	2	4	4	4	3	3	3	4	4	5	2	3	5	3	2	4	1	4	3	3	2	2	2	5	1	2	1	3	1	2	1	1	5	3	2	4	4	2	5	5	2	3	2	3	2	4	4	5	3	1	3	1	3	1	5	4	5	1	4	2	4	1	2	1	0
10150029	2	3	2	5	3	3	1	3	1	5	1	2	3	4	2	1	1	5	2	2	2	2	2	3	3	3	3	1	5	2	2	1	1	3	1	4	3	2	5	1	4	2	5	2	4	3	4	3	3	3	3	4	2	2	3	2	1	1	5	2	5	2	3	4	5	2	3	3	3	1	4	3	4	1	4	3	2	1	2	1	3	3	2	1	4	2	1	3	4	2	3	3	1	2	1	3	3	1	2	2	2	3	3	5	5	2	1	3	2	2	1	2	3	1	0
10150030	4	4	4	3	3	3	4	5	3	3	3	3	3	3	3	3	3	3	3	3	3	3	3	3	3	3	3	3	3	3	4	4	3	3	3	4	4	3	3	3	4	3	2	3	3	3	3	4	4	4	2	3	4	4	3	3	3	4	4	3	3	5	5	3	3	5	4	1	3	1	3	3	3	3	3	3	2	3	3	3	3	2	2	3	3	3	2	5	3	4	3	4	4	4	3	4	2	3	3	2	3	5	5	2	2	3	3	3	3	3	3	3	3	1	0
10150032	4	4	2	3	4	2	4	2	3	1	4	2	4	1	3	2	4	3	4	2	4	1	4	1	4	4	4	4	1	4	2	4	2	4	2	4	1	4	2	3	2	4	1	3	2	4	1	4	2	1	2	4	2	4	4	4	4	5	4	5	1	2	1	4	1	4	2	4	2	4	1	4	2	4	2	4	1	4	2	4	1	1	4	4	2	4	4	2	5	3	2	4	2	4	4	4	1	4	4	1	4	2	4	2	4	5	4	1	4	3	4	2	4	1	0
10150036	4	3	2	3	3	3	3	3	3	3	4	3	3	3	3	3	3	3	3	3	3	3	3	3	3	3	3	2	3	4	3	3	3	3	3	3	4	3	3	3	2	3	3	4	3	1	2	2	3	2	2	3	3	4	3	3	4	5	2	2	4	3	3	3	3	3	2	4	2	2	3	1	3	4	3	3	3	3	3	3	2	3	3	3	3	3	3	4	3	4	2	4	4	3	4	5	2	3	2	3	5	2	5	3	5	3	3	3	2	2	3	3	2	1	0
10150039	3	3	5	3	4	4	3	2	3	1	3	2	3	2	3	2	4	3	4	3	2	2	3	2	5	4	3	3	2	4	1	2	2	3	4	3	2	3	4	4	2	3	3	3	4	4	2	2	4	4	4	3	1	4	2	2	4	3	4	2	4	3	2	4	4	4	2	4	4	3	3	2	4	3	2	3	4	2	3	4	3	3	4	3	4	2	3	3	2	3	4	3	3	3	2	3	2	5	4	3	3	4	2	2	3	2	4	4	2	4	4	3	4	1	0
10150050	5	3	3	4	5	1	5	2	4	2	3	4	5	1	3	1	4	1	4	1	5	1	4	2	5	4	1	4	2	3	1	2	2	5	3	2	2	4	1	2	1	4	5	5	5	3	1	5	3	2	5	4	3	4	3	2	5	5	3	1	4	3	2	3	1	4	1	5	5	4	2	2	4	1	1	4	3	4	2	5	3	2	4	4	1	3	5	4	4	4	2	5	3	5	5	5	1	5	1	2	4	2	4	5	3	5	3	4	5	4	5	2	5	1	0
10150056	4	5	5	5	5	5	5	2	3	2	3	1	4	3	5	1	5	1	4	3	5	1	5	5	5	5	3	1	5	5	2	3	1	5	3	4	1	5	4	5	1	5	5	5	5	1	1	5	1	3	5	5	4	5	3	5	4	5	3	3	3	5	2	3	3	3	5	5	5	4	1	4	3	3	1	5	1	2	5	5	1	3	5	5	4	3	5	3	4	4	4	4	2	5	2	4	3	5	3	3	5	3	3	4	5	3	5	4	3	2	4	3	4	1	0
10150057	3	2	4	4	4	3	4	1	3	2	4	4	4	2	4	2	4	2	3	3	4	3	2	3	3	4	3	3	3	4	3	3	3	4	2	2	2	4	2	3	3	2	3	3	3	2	2	3	3	2	3	3	3	3	3	3	3	3	4	2	3	4	3	3	3	3	3	3	2	3	3	3	3	4	3	3	3	3	3	3	2	3	3	3	3	4	3	3	3	3	2	3	3	4	3	4	3	3	3	2	3	3	4	3	3	2	3	3	3	3	3	3	3	1	0
10150058	4	4	3	3	4	4	5	3	4	3	4	3	4	3	3	2	4	2	3	3	3	4	4	3	3	3	2	5	3	4	3	5	3	4	3	4	3	4	4	3	3	3	2	4	3	2	3	3	4	3	1	5	3	5	3	3	4	4	5	4	4	2	4	4	4	4	3	5	4	4	3	3	3	3	3	3	4	5	3	4	3	2	4	4	2	4	4	4	4	4	3	4	2	4	5	3	4	4	3	4	4	4	3	4	3	4	4	3	3	2	3	3	5	1	0
10150059	2	2	3	4	4	3	4	2	3	2	3	3	4	2	5	2	4	4	3	3	4	2	4	3	4	4	3	3	4	4	2	4	4	4	3	3	2	4	2	3	2	4	3	3	2	4	2	3	2	2	4	3	2	4	3	4	4	4	3	2	2	4	2	4	4	3	2	4	4	4	2	2	4	4	3	4	3	4	3	3	2	2	3	3	4	4	3	4	3	4	3	4	2	4	4	3	3	4	3	2	4	3	4	4	4	2	4	2	4	2	3	3	3	1	0
10150065	2	1	5	2	5	4	5	1	2	1	2	1	5	1	5	1	5	2	4	2	4	5	4	4	5	5	5	4	1	5	1	4	4	4	2	4	2	2	2	5	4	4	2	4	4	5	1	3	2	1	1	5	4	4	4	4	5	5	1	4	4	4	1	5	4	4	2	5	2	4	1	3	1	5	1	3	1	4	4	5	1	1	3	2	2	4	5	4	3	5	2	4	2	4	3	4	3	5	3	2	5	2	4	2	5	4	2	2	2	2	3	4	5	1	0
10150066	4	2	5	3	3	3	5	2	3	3	3	2	4	4	3	2	3	2	4	2	4	2	3	4	4	4	3	5	4	4	4	4	1	3	4	2	4	2	2	4	2	2	4	3	4	4	2	2	4	3	4	5	1	5	3	2	5	4	4	1	4	3	4	3	4	5	2	5	4	4	3	4	4	4	1	5	4	5	3	3	4	4	4	3	1	3	5	4	5	5	2	5	2	4	1	4	2	4	2	4	3	2	2	4	4	2	3	4	4	3	3	2	4	1	0
10150075	4	3	2	5	4	3	2	3	2	2	4	2	3	2	4	4	2	2	2	1	4	3	3	2	4	3	2	5	1	3	4	4	3	4	2	2	3	3	3	4	2	5	2	3	3	3	3	2	4	4	2	4	2	3	2	3	4	4	5	4	3	2	4	3	1	2	1	2	2	3	3	2	3	5	3	4	3	3	5	4	2	2	2	3	4	3	2	5	4	4	2	5	3	2	3	3	2	2	3	2	2	4	3	4	3	4	4	2	3	3	2	2	3	1	0
10160076	3	4	3	3	4	2	3	3	3	2	4	2	5	1	4	2	4	1	3	3	3	2	4	1	4	4	5	3	3	4	2	4	3	5	3	3	3	4	1	4	1	4	2	3	3	5	2	5	2	3	2	3	4	2	2	4	4	5	3	1	1	3	2	3	1	3	2	4	3	4	1	3	3	4	3	4	2	4	2	3	2	2	4	4	3	4	4	2	5	5	3	5	2	4	2	5	2	4	3	1	4	2	5	3	3	4	3	2	3	1	4	4	3	1	0
10160079	3	3	4	3	3	3	3	2	3	2	3	3	4	1	3	2	3	2	4	2	3	2	3	3	4	3	3	3	3	3	2	3	3	4	2	2	2	3	3	3	2	3	1	2	3	2	2	3	3	3	3	3	2	3	2	3	3	4	3	3	3	3	2	3	2	2	2	3	3	2	2	2	3	3	3	3	2	3	3	2	3	2	3	3	2	3	3	3	3	3	3	3	3	3	3	3	2	3	3	2	3	3	2	2	3	3	3	3	3	2	3	2	2	1	0
10160080	2	3	2	4	4	3	3	3	2	3	3	4	4	3	3	3	4	3	3	3	2	3	2	3	3	2	3	3	2	3	3	3	3	4	2	2	3	3	2	3	4	3	5	3	3	3	3	3	4	4	4	4	2	3	2	4	3	3	4	3	3	2	4	3	3	3	2	3	3	4	3	1	4	3	3	3	3	3	3	2	3	3	4	2	2	3	3	5	3	3	3	3	3	4	2	4	3	3	2	4	3	4	2	5	3	3	4	3	3	3	2	2	2	1	0
10160083	4	5	4	5	4	4	4	2	3	1	4	5	3	1	4	2	2	2	4	3	4	3	4	3	3	4	4	3	1	4	1	4	3	4	3	2	1	2	1	3	2	5	3	3	2	3	2	2	3	3	3	1	2	3	4	4	4	3	3	3	5	4	3	3	4	3	3	4	3	4	2	3	4	4	2	4	3	4	3	3	3	4	4	3	3	4	3	4	3	4	3	3	2	3	3	4	3	4	4	1	3	2	4	2	3	3	3	4	4	3	2	2	3	1	0
10160084	4	4	5	5	3	5	4	1	4	4	2	3	3	1	2	2	3	3	2	4	2	5	2	2	4	5	2	4	5	2	3	2	2	4	4	3	2	4	4	2	4	2	2	4	4	4	2	2	4	3	5	4	1	2	2	2	4	3	2	2	5	5	1	3	5	3	5	5	4	2	1	1	4	3	1	2	4	2	3	2	3	2	4	4	2	1	2	5	3	4	5	2	4	3	4	2	3	3	2	2	3	1	2	5	2	2	5	2	4	4	3	1	4	1	0
10160087	4	3	5	2	4	3	4	2	4	1	5	2	4	2	5	1	5	2	4	3	3	3	3	1	5	3	4	2	3	4	1	4	3	4	3	4	2	3	1	4	2	4	4	5	2	5	2	3	2	2	4	3	1	4	4	4	4	3	4	3	3	3	3	4	3	3	2	4	4	4	3	1	3	4	2	4	2	4	3	3	3	2	4	4	2	3	3	3	4	5	3	4	3	4	2	3	4	3	3	3	4	3	1	2	4	3	5	2	4	5	1	5	4	1	0
10160088	4	4	5	5	4	2	4	4	2	4	2	4	4	2	4	5	4	4	2	3	2	3	1	4	5	2	4	4	3	4	5	2	4	3	3	1	3	5	3	4	2	3	5	4	5	4	4	4	4	4	3	4	3	3	3	3	4	5	4	2	4	4	2	4	5	4	3	5	5	3	2	3	4	2	2	3	2	5	2	4	2	3	4	3	4	3	4	3	5	5	4	3	2	3	5	4	4	4	5	5	5	2	3	5	1	4	5	4	5	5	5	2	4	1	0
10160090	4	3	4	3	4	4	4	2	4	2	5	3	4	2	3	2	4	1	4	2	4	3	4	3	5	4	3	4	2	5	2	5	4	4	2	4	2	4	1	4	3	3	3	3	3	5	2	3	2	2	3	4	5	4	5	4	4	4	5	3	3	4	2	4	5	4	2	5	4	5	2	3	4	5	2	5	4	4	3	1	3	2	4	4	3	3	5	3	4	5	3	4	3	4	3	4	3	4	4	2	5	4	3	3	4	3	5	4	4	4	5	4	4	1	0
10160091	3	4	4	2	4	3	4	2	3	3	3	4	4	2	4	3	4	3	3	3	4	3	4	3	4	3	3	4	3	3	2	3	3	4	2	2	2	3	2	3	2	3	2	3	4	4	2	3	4	3	2	3	3	4	3	3	5	3	2	3	4	3	2	4	3	3	2	5	3	3	3	4	4	4	3	4	2	4	3	2	3	2	4	3	2	3	3	4	4	4	4	4	2	3	3	3	2	3	3	2	4	2	3	4	2	3	4	4	3	3	3	3	4	1	0
10160092	5	5	5	3	5	3	5	1	5	5	5	1	5	1	5	1	5	1	5	5	5	1	5	5	5	5	5	5	1	5	3	5	3	5	1	5	1	5	1	3	5	5	3	1	3	3	1	5	5	5	3	5	1	5	1	5	5	5	5	3	5	5	1	5	1	3	1	5	5	5	1	5	5	5	1	5	5	5	1	5	1	1	5	5	5	5	5	5	5	5	5	5	1	5	2	5	1	5	5	5	5	1	1	1	1	1	5	5	5	5	3	5	1	1	0
10160095	1	3	5	5	5	5	5	1	5	1	1	1	3	1	5	5	5	1	1	1	5	2	1	3	5	5	1	4	5	3	1	3	5	5	5	1	1	1	2	5	5	5	1	5	1	5	1	1	1	1	1	1	1	1	1	5	5	3	5	5	5	1	1	5	5	3	3	5	5	5	1	1	5	1	1	5	1	5	3	5	5	3	5	5	5	1	5	5	5	5	3	5	5	5	5	3	5	5	1	1	5	5	5	5	1	3	5	2	3	1	1	5	5	1	0
10160096	3	3	4	2	4	3	3	2	3	2	2	2	3	2	4	3	3	3	3	3	2	3	2	3	4	4	3	4	3	3	3	3	3	4	2	2	2	3	2	3	2	3	3	4	2	2	2	4	3	3	3	3	3	4	3	3	4	2	4	3	4	3	2	4	3	3	2	4	4	3	3	2	4	4	2	4	2	3	3	2	2	2	3	3	2	3	4	4	4	4	4	4	3	2	3	3	3	4	3	4	4	2	4	2	3	3	5	3	3	3	3	4	4	1	0
10160097	3	3	4	5	3	5	4	2	3	4	3	2	3	4	1	3	4	4	2	5	5	5	4	4	2	2	1	2	5	2	3	2	5	2	2	1	3	2	4	1	3	4	3	2	2	2	5	1	5	5	4	2	2	4	2	2	2	2	4	2	5	2	2	2	4	2	4	5	4	2	4	3	5	2	4	4	4	2	4	4	3	4	2	2	2	4	2	4	2	2	4	2	4	2	4	4	4	3	4	2	3	4	1	4	2	3	5	4	3	4	2	4	4	1	0
10160098	2	2	3	3	3	3	3	2	2	2	3	2	3	3	2	2	3	3	3	2	3	2	2	2	4	3	4	2	3	3	2	3	3	4	3	3	1	3	1	3	2	2	2	2	2	3	2	2	3	3	2	3	2	4	2	3	3	2	3	2	3	4	2	2	2	3	3	3	3	4	2	2	3	4	2	4	3	3	2	2	2	2	3	3	2	2	4	3	4	5	2	3	2	3	3	4	2	4	3	2	3	3	2	2	5	3	3	2	3	3	2	2	2	1	0
10160100	4	5	5	2	5	3	5	1	5	1	4	2	5	1	5	1	5	3	5	1	4	1	3	1	5	5	5	3	2	5	2	5	2	5	3	5	1	4	1	5	4	4	1	5	1	3	1	5	1	2	1	4	1	4	4	4	5	5	3	4	2	5	1	4	1	4	1	5	3	5	1	2	2	5	1	5	1	5	3	2	1	1	5	4	2	3	5	2	5	5	1	4	2	5	2	4	2	5	3	3	5	1	4	1	4	3	3	2	4	4	5	5	5	1	0
10160101	3	3	5	4	4	2	4	1	4	4	3	2	3	3	3	2	3	1	2	3	3	3	4	4	4	3	4	4	2	4	3	2	3	2	3	3	2	4	3	3	4	3	3	4	4	3	3	3	3	3	4	3	1	5	3	4	4	3	4	3	3	2	2	4	4	2	2	4	4	4	3	3	4	2	3	4	3	3	3	4	3	2	4	3	3	3	4	4	4	4	3	4	2	4	3	4	3	4	3	3	3	3	2	3	3	3	4	3	4	3	3	4	4	1	0
10160102	3	2	2	3	4	3	4	2	4	3	3	3	4	2	3	2	5	2	4	2	3	2	3	2	5	4	4	2	3	4	2	4	3	4	3	2	2	2	3	4	3	3	3	4	3	2	2	3	4	4	3	3	2	4	3	3	4	3	3	3	3	3	2	3	2	3	2	5	2	4	2	2	3	3	2	4	3	4	3	2	2	2	4	3	2	3	3	4	4	5	2	4	2	4	3	2	4	4	3	2	3	2	3	3	4	3	4	2	2	3	3	4	4	1	0
10160103	4	3	4	2	4	1	4	1	5	1	3	2	2	2	3	2	5	3	4	4	5	1	4	2	4	4	4	4	1	4	1	4	1	5	3	3	3	4	3	4	2	4	2	4	2	4	2	3	2	2	1	5	1	5	4	4	5	3	3	1	1	3	1	4	1	3	2	5	4	3	1	3	3	4	1	3	2	3	2	4	2	2	5	4	2	3	4	2	4	5	3	4	4	4	4	4	1	4	4	5	4	1	2	3	3	2	1	5	3	2	3	5	5	1	0
10160105	4	3	5	3	5	4	4	1	5	2	4	3	4	2	4	2	4	1	3	2	4	2	3	3	5	4	3	4	2	4	4	3	3	5	4	4	2	1	2	3	3	5	4	4	2	4	2	2	3	2	4	3	2	5	3	4	5	4	3	3	2	3	4	4	4	5	2	5	5	4	2	3	3	4	2	4	2	4	3	3	3	2	3	4	3	4	4	3	5	5	4	2	3	3	3	3	2	5	4	3	4	3	3	4	3	3	3	2	4	3	3	4	4	1	0
10160106	2	4	3	4	3	3	2	2	3	3	2	2	2	2	3	3	4	3	4	2	3	2	3	2	2	4	4	3	3	3	3	2	4	3	2	2	2	2	3	3	3	4	3	4	3	2	3	3	4	4	3	3	3	3	2	2	4	3	3	2	4	3	2	3	4	3	2	4	4	2	4	2	3	2	3	3	3	2	4	3	3	2	4	3	3	3	2	5	3	3	4	3	2	2	4	2	4	3	4	4	3	4	2	4	3	2	4	4	3	3	2	4	4	1	0
10160107	2	4	5	4	4	4	4	2	4	2	2	3	3	3	4	2	5	3	2	3	2	3	2	3	4	3	3	3	3	3	2	3	3	4	2	3	2	2	2	3	3	5	4	5	4	4	2	3	3	2	2	3	2	3	2	3	5	3	3	2	3	2	3	4	4	3	3	4	4	2	3	2	3	2	2	3	2	3	3	3	3	3	3	3	2	3	3	4	3	4	4	3	2	3	3	3	3	3	2	3	4	3	4	2	3	3	3	3	3	2	3	3	4	1	0
10160108	3	3	5	2	5	1	5	1	4	1	3	5	5	2	3	3	5	4	3	3	4	2	4	1	5	5	4	5	2	5	4	3	1	5	1	3	1	3	2	4	5	4	3	5	3	1	1	4	3	2	3	5	1	5	4	5	5	3	3	4	3	5	1	4	2	4	3	5	5	4	2	4	2	4	2	5	2	4	3	4	3	3	4	4	4	4	4	4	5	5	3	4	3	5	3	5	4	5	5	5	5	2	3	4	2	4	3	3	2	2	3	3	5	1	0
10160110	3	3	3	3	3	3	3	3	3	3	3	3	3	3	3	4	4	3	3	3	3	3	3	4	4	4	4	3	4	3	4	4	4	4	4	3	3	4	4	4	4	4	4	4	4	4	4	4	4	4	4	4	4	4	4	4	4	3	5	3	2	2	1	4	3	3	3	3	5	3	3	3	3	3	3	3	3	3	3	3	3	2	3	3	3	3	3	3	3	3	4	2	3	3	3	4	1	3	3	3	5	3	3	5	1	2	4	3	3	3	3	3	3	1	0
10160114	4	2	4	2	3	3	3	4	3	3	2	3	3	2	4	3	3	4	3	3	2	3	3	2	3	3	3	4	3	4	2	3	3	4	3	3	2	2	3	4	2	3	3	3	4	2	2	3	2	3	2	3	2	3	2	2	4	4	4	2	2	4	2	4	2	3	2	4	4	4	2	2	3	3	2	3	2	3	4	3	3	2	4	4	2	2	3	4	4	4	3	2	4	3	2	3	3	4	3	2	3	3	3	3	3	2	4	2	2	4	3	4	4	1	0
10160117	3	4	4	5	3	3	4	2	5	5	2	2	3	3	3	4	4	3	4	4	3	2	3	3	4	3	2	4	3	4	3	3	4	5	3	2	3	4	3	2	3	4	3	4	4	3	2	2	3	5	2	3	3	4	2	3	5	3	4	2	5	2	3	3	4	3	2	3	4	4	3	4	3	2	2	3	5	2	4	4	3	4	3	3	3	4	3	4	2	5	4	3	4	3	2	4	3	3	4	2	4	3	1	5	2	3	5	3	4	3	3	4	4	1	0
10160118	3	4	4	3	3	3	4	3	3	3	4	3	4	3	3	2	4	3	3	3	3	3	3	4	3	3	3	3	3	3	3	3	4	4	3	3	3	3	3	3	3	3	3	3	3	3	3	3	3	3	3	3	4	4	3	3	3	2	4	3	3	3	3	3	3	3	3	4	3	3	3	3	3	3	4	3	3	3	3	3	3	3	3	2	3	3	3	4	3	4	3	4	2	3	3	2	3	3	3	3	4	3	2	3	3	3	3	4	3	3	3	4	4	1	0
10160120	2	4	3	5	3	3	4	3	3	3	3	2	3	3	2	3	3	3	3	3	3	3	3	3	4	2	3	3	4	3	2	3	3	3	3	2	2	3	3	3	1	3	3	4	3	3	2	1	3	3	4	3	4	3	3	3	3	1	2	2	4	4	3	4	5	2	2	4	4	3	3	2	4	2	3	3	3	3	2	3	3	4	3	2	3	3	4	4	3	4	4	4	3	4	3	2	3	3	3	4	3	3	1	5	3	2	3	5	3	4	2	3	3	1	0
10160124	3	4	5	1	3	2	3	2	2	3	3	1	1	1	1	1	5	3	3	2	3	1	3	2	5	4	3	2	3	3	2	4	2	4	1	3	2	2	2	4	2	3	2	5	1	5	1	2	1	1	2	2	2	2	3	3	5	3	3	3	3	2	2	3	3	3	1	5	2	5	2	2	3	2	2	2	2	3	2	3	3	2	5	3	2	3	3	2	3	4	2	4	2	3	1	3	1	4	3	1	5	2	1	3	4	2	2	2	2	2	3	2	3	1	0
10160126	3	2	3	2	2	3	3	2	3	3	3	2	4	3	2	3	2	2	3	2	3	3	3	3	3	3	3	2	3	3	3	3	2	3	3	3	2	2	3	3	2	3	3	3	3	2	3	3	2	2	2	2	2	3	3	2	2	3	3	2	3	3	2	3	3	3	3	2	3	2	3	2	3	2	2	3	3	3	3	3	2	2	3	3	3	2	3	2	3	3	3	3	3	3	2	2	2	3	2	2	5	2	2	2	3	2	2	2	3	2	3	1	3	1	0
10160128	3	3	3	3	3	2	4	4	3	2	4	2	1	2	3	4	4	4	4	3	3	4	4	4	4	4	3	3	3	3	3	3	3	3	3	3	3	3	3	3	3	3	3	3	3	3	3	3	3	3	3	3	3	3	3	3	3	3	3	2	3	3	2	3	3	3	3	3	3	3	3	3	3	3	2	4	3	3	3	3	3	3	3	3	3	3	4	3	4	5	2	4	3	3	2	3	2	4	3	3	4	3	3	2	4	4	2	3	3	2	4	3	3	1	0
10160129	4	3	5	3	5	4	5	1	4	2	4	3	4	1	3	2	4	1	3	4	3	3	3	4	5	4	4	5	3	4	2	4	3	5	3	4	2	4	2	4	2	3	2	5	2	5	2	4	1	2	1	4	1	3	4	3	5	3	4	3	3	4	2	4	2	3	1	5	3	4	1	4	3	5	2	4	1	4	3	2	2	2	4	4	3	3	4	3	4	5	3	3	2	4	3	4	1	4	4	3	5	2	4	1	4	2	5	2	3	3	3	1	4	1	0
10160130	4	3	4	3	3	3	3	3	3	2	3	4	3	3	3	3	4	3	4	3	3	4	2	4	3	3	3	4	2	4	4	4	2	4	3	3	4	3	4	4	4	4	4	4	4	4	2	4	2	2	2	2	3	2	4	3	2	4	4	3	3	4	4	3	2	4	3	4	4	3	5	5	3	3	3	4	4	4	4	3	4	5	3	3	3	4	3	4	3	2	3	3	3	2	2	4	3	3	3	3	3	2	3	3	3	3	3	3	3	3	3	3	3	1	0
10160131	4	2	4	3	5	4	5	1	3	2	5	3	4	2	3	2	4	2	4	2	4	1	4	3	4	4	3	3	3	4	2	5	3	5	3	3	2	3	2	3	3	4	2	4	2	5	2	3	2	2	1	4	3	4	2	4	4	4	4	2	4	3	2	4	2	3	3	4	5	3	3	2	3	4	2	4	2	4	2	4	2	2	4	3	2	2	3	4	4	5	3	3	3	3	4	3	2	4	3	2	4	2	2	2	4	3	3	3	4	3	2	3	3	1	0
10160135	3	4	5	2	5	4	5	2	4	2	3	3	4	3	3	3	3	2	3	3	3	4	4	2	4	4	2	4	2	5	3	5	4	4	2	3	2	4	2	4	3	2	2	4	3	4	2	3	2	3	2	3	2	4	4	4	4	4	4	3	2	4	2	3	3	3	3	4	2	4	2	2	3	5	2	4	1	4	1	3	2	2	5	4	3	4	4	3	5	5	1	4	2	4	3	5	1	5	3	2	5	1	3	1	5	2	2	2	4	3	4	4	3	1	0
10160136	3	3	3	3	3	3	3	3	4	3	3	4	3	4	3	2	3	3	3	4	4	2	4	3	3	3	3	3	3	4	4	4	3	3	3	3	4	3	4	4	3	4	3	4	4	4	4	4	3	3	3	2	2	3	4	3	2	3	3	2	4	2	2	4	1	3	3	5	4	3	3	3	3	4	3	3	3	4	3	4	3	4	3	3	3	3	3	3	3	5	4	5	3	5	3	4	4	3	4	4	3	3	3	3	3	4	3	4	3	3	3	3	3	1	0
10160137	5	3	2	3	4	3	3	2	3	2	5	4	3	3	3	2	3	4	3	2	5	3	4	3	3	3	5	3	3	4	2	4	3	3	2	3	2	2	2	3	2	3	2	3	3	3	2	3	3	2	2	3	2	4	3	3	4	3	3	3	3	3	3	4	3	3	3	4	3	4	2	3	3	3	3	4	2	4	3	3	3	3	3	4	4	4	3	3	4	4	3	3	4	3	3	3	3	4	3	2	4	4	3	3	3	2	3	3	3	2	3	2	3	1	0
10160138	3	4	5	5	3	3	3	3	3	3	3	3	3	3	3	3	3	3	3	3	3	3	3	3	5	3	3	1	4	3	3	5	4	3	3	3	2	2	3	3	3	3	4	3	4	2	2	3	3	3	3	3	3	5	3	3	4	4	3	4	3	2	1	2	2	3	3	5	3	3	3	3	2	4	3	3	2	3	2	3	4	3	3	3	2	2	3	3	3	4	3	3	3	3	2	3	3	4	3	2	3	2	4	2	3	3	3	1	4	2	3	3	2	1	0
10160140	3	2	5	2	4	4	4	1	2	3	3	3	4	2	3	2	4	2	4	2	4	2	3	2	4	4	4	4	2	4	2	5	2	4	1	5	3	4	1	4	4	4	3	4	2	3	1	4	2	2	3	3	3	4	3	4	4	5	4	3	3	3	2	4	2	4	2	4	4	5	1	1	3	5	1	5	2	3	2	3	2	2	4	4	3	3	4	2	4	4	2	3	2	3	2	5	3	5	4	2	3	2	2	4	3	4	3	3	4	4	3	3	3	1	0
10160142	2	3	4	4	3	3	4	3	3	3	3	3	3	3	2	3	3	3	3	3	3	3	3	3	4	3	3	3	3	3	3	2	3	3	2	2	4	3	3	3	4	3	3	3	3	3	2	3	4	4	4	3	1	3	3	3	3	2	3	2	3	3	3	3	3	3	4	4	5	3	3	2	3	3	3	4	3	3	3	3	3	3	4	2	2	3	3	4	3	4	4	3	3	3	3	2	3	4	3	3	3	3	2	3	3	2	3	3	3	3	2	4	3	1	0
10160146	4	3	4	3	4	3	4	2	4	2	2	2	3	2	3	2	3	2	3	2	4	2	2	3	4	3	2	4	2	3	2	3	2	4	2	2	2	3	2	3	3	4	4	4	4	4	2	3	2	2	3	2	1	3	3	3	4	4	2	2	2	4	2	3	3	2	2	4	5	3	2	2	2	3	2	4	2	3	3	3	2	2	3	3	2	4	3	2	3	4	3	4	4	4	3	3	2	4	3	3	4	3	3	4	3	3	4	4	2	2	4	3	3	1	0
10160148	3	4	5	2	4	4	4	2	3	2	4	2	4	2	4	3	4	3	4	3	3	2	4	2	4	4	4	4	2	4	3	4	2	4	2	3	2	4	2	4	3	4	4	4	3	4	2	4	3	2	2	4	2	4	3	4	4	4	3	3	3	3	2	3	2	4	3	4	4	4	3	3	3	3	2	4	2	4	2	4	2	3	4	4	3	4	3	4	4	4	2	4	3	4	2	4	2	4	4	3	4	2	3	2	2	3	3	2	4	3	3	2	4	1	0
10160149	4	2	4	3	4	3	4	2	4	2	4	3	4	2	3	2	5	3	3	2	4	2	3	2	4	4	4	4	2	4	2	4	3	5	3	3	2	4	3	3	2	4	4	5	3	4	2	4	2	2	3	4	4	4	3	4	4	4	4	3	2	3	3	4	3	4	3	4	4	4	2	3	3	3	2	4	3	3	3	3	3	2	3	4	4	4	4	4	4	4	3	4	3	4	4	4	2	4	3	4	4	3	4	2	3	4	5	4	4	2	3	4	4	1	0
10160150	3	3	3	4	3	2	3	2	3	3	3	2	2	2	2	3	4	2	3	4	3	4	2	3	4	4	3	4	4	4	2	4	3	3	2	2	3	3	2	2	3	4	3	3	3	3	4	3	3	4	3	3	3	3	2	4	4	3	3	2	4	3	3	3	5	3	2	3	3	3	2	3	4	3	2	3	3	3	4	4	2	3	3	4	4	4	4	4	3	4	2	4	2	3	2	3	4	4	4	3	3	3	4	3	2	3	3	3	4	2	3	4	3	1	0
10160151	3	5	5	5	5	3	5	1	5	3	3	1	5	1	5	1	4	1	3	5	3	1	3	3	5	4	2	3	3	4	1	3	5	5	3	2	1	1	1	3	3	5	3	5	3	1	3	1	5	5	1	1	1	3	3	3	5	3	3	1	5	4	3	5	5	2	3	5	5	3	3	2	5	4	3	4	3	3	3	5	3	3	5	3	3	3	5	5	3	5	5	5	5	4	2	2	5	4	3	5	5	2	2	5	5	2	5	3	3	4	3	5	5	1	0
10169001	4	4	5	3	5	3	5	1	3	1	4	1	5	1	4	1	5	1	4	1	4	1	3	1	2	3	3	4	5	5	1	4	2	5	2	5	2	4	1	2	3	5	1	5	2	3	1	5	1	2	1	4	4	5	3	3	5	5	3	3	2	2	1	4	2	4	1	5	1	4	1	3	1	5	1	4	1	4	3	3	1	5	4	4	3	4	5	2	4	5	3	4	2	4	3	4	1	5	2	2	5	1	3	1	3	3	3	1	4	3	3	5	4	1	0
10169002	3	3	3	3	3	3	3	3	3	3	3	3	5	1	1	3	3	3	3	3	3	3	3	3	5	4	3	3	3	3	3	3	3	3	3	3	3	2	2	4	1	4	3	3	3	3	3	3	3	3	3	3	3	3	3	3	5	4	4	5	3	3	3	3	3	3	3	3	3	3	3	3	3	3	3	3	3	3	3	3	3	3	3	3	3	3	3	1	4	4	1	4	2	4	3	3	3	3	3	3	3	3	3	2	2	4	3	2	4	4	4	4	4	1	0
10169003	2	3	5	4	4	5	4	2	3	3	3	4	5	2	3	2	5	3	5	5	5	4	2	3	4	3	4	4	1	4	5	4	5	4	2	2	1	2	2	3	4	3	1	2	1	1	3	3	3	3	2	3	2	3	2	4	4	2	5	4	5	2	5	4	4	3	4	4	4	4	3	1	4	2	3	4	4	3	3	3	4	3	3	2	3	3	3	3	5	5	3	3	3	4	2	3	4	3	3	1	4	3	2	4	4	3	5	2	3	2	2	2	1	1	0
10180008	3	3	4	3	3	3	3	2	2	2	3	2	3	2	4	2	3	2	3	2	3	3	2	2	4	3	3	2	4	3	2	3	2	3	2	3	2	2	2	3	3	5	3	2	2	3	2	3	2	2	3	3	3	4	3	3	4	3	2	2	2	4	2	3	2	4	2	3	5	4	2	1	2	4	2	4	2	4	3	2	2	2	3	3	4	3	5	5	5	5	3	5	2	3	2	2	3	4	3	3	3	2	4	2	3	2	2	2	3	3	3	2	3	1	0
10180009	4	3	4	5	4	5	1	2	1	1	2	4	4	2	1	5	2	3	3	4	3	2	2	3	3	3	5	1	1	3	5	3	3	5	1	3	3	3	1	1	1	1	1	1	3	3	1	3	1	4	1	2	5	1	5	3	5	3	3	3	3	4	5	3	3	1	2	1	1	3	2	1	5	1	3	5	5	4	3	2	5	3	4	1	2	4	4	1	4	4	3	4	2	4	3	3	4	4	4	4	3	3	2	1	1	2	5	4	2	2	3	1	1	1	0
10180010	3	2	4	2	4	4	4	2	3	2	4	3	4	2	4	2	4	2	4	2	4	2	4	2	4	4	2	3	2	4	2	4	2	4	2	4	2	2	2	4	3	4	2	4	2	2	2	4	2	2	2	4	3	4	4	4	4	4	4	4	2	4	2	4	2	4	2	4	3	4	2	2	2	4	2	4	2	4	2	2	2	2	4	4	2	4	4	2	4	4	3	4	2	4	2	4	2	4	4	2	4	2	4	2	4	4	2	2	4	3	4	3	4	1	0
10180014	3	2	4	3	4	3	4	2	2	3	3	1	4	1	1	2	4	3	3	2	5	3	5	2	4	4	5	1	4	5	2	4	4	4	1	3	3	3	1	4	2	4	2	2	2	3	1	4	3	1	2	3	3	3	3	5	4	4	3	2	3	4	2	5	3	2	3	4	3	4	3	3	4	4	2	4	2	4	3	4	3	2	4	2	2	5	4	1	5	4	2	5	1	4	2	5	3	4	5	2	4	2	1	2	4	4	4	3	4	2	4	2	4	1	0
10180020	3	2	3	2	4	4	3	2	2	1	4	3	4	1	3	1	3	1	4	2	3	2	3	2	4	3	3	3	2	3	3	2	2	4	2	3	2	4	2	4	4	3	2	2	2	3	2	2	3	3	2	3	3	4	2	4	2	3	4	2	2	3	2	2	4	4	2	3	3	4	3	2	3	4	2	4	2	4	2	2	2	2	3	2	1	4	4	1	4	4	2	5	2	4	2	4	3	4	3	2	2	2	2	5	4	3	4	3	4	3	4	3	3	1	0
10180024	4	2	4	1	4	3	4	1	2	3	5	4	4	3	4	2	4	3	4	4	3	4	4	2	4	4	4	3	4	4	3	4	1	5	2	4	1	3	3	4	3	4	2	2	4	1	2	2	4	3	4	2	1	4	2	4	4	3	4	2	3	3	4	3	4	3	2	4	5	4	3	1	1	3	3	3	1	4	3	1	1	3	3	3	2	2	2	4	4	5	4	5	3	4	1	3	3	4	3	4	5	4	5	3	4	3	3	3	3	2	2	4	3	1	0
10180025	5	5	4	1	5	2	5	1	3	1	4	1	1	1	5	1	5	2	4	1	2	1	4	1	5	5	5	5	1	4	1	4	1	5	1	5	1	5	1	5	3	4	1	1	1	1	1	5	1	1	1	1	3	3	5	4	5	5	2	3	1	5	1	5	1	4	1	3	2	4	1	1	1	5	1	5	1	5	1	3	1	1	5	3	2	5	3	1	4	5	1	5	1	5	1	5	1	5	5	1	4	1	4	1	1	5	1	1	4	5	1	1	4	1	0
10180027	5	1	2	3	2	2	2	3	3	3	3	1	3	2	2	1	3	3	3	4	5	2	3	3	4	2	3	5	3	3	5	3	3	4	2	2	5	3	2	4	5	3	3	2	5	4	2	3	4	5	2	4	5	5	3	5	3	5	5	2	3	3	4	3	3	4	3	4	1	4	4	4	4	5	3	5	5	2	2	5	4	3	4	3	2	3	5	2	2	5	3	2	4	3	2	3	3	5	3	2	2	4	2	4	3	4	4	1	3	3	2	3	2	1	0
10180032	3	3	4	1	5	3	4	2	2	2	3	2	4	1	4	2	5	2	4	1	4	2	3	2	5	2	2	4	2	4	2	3	2	5	2	4	2	2	2	4	2	4	2	4	2	4	1	4	2	2	3	3	3	3	4	3	4	5	3	4	1	2	2	4	1	4	2	4	2	4	1	2	1	4	2	4	1	4	3	4	1	1	4	3	3	4	5	3	5	5	1	4	2	5	1	5	3	5	3	1	3	1	4	1	2	4	3	1	5	3	5	1	4	1	0
10180033	5	4	4	3	5	2	5	2	5	2	5	1	5	1	3	1	4	1	4	1	5	1	4	1	5	5	4	5	2	5	2	5	2	5	2	4	2	5	4	3	2	4	2	4	2	4	1	4	3	2	1	4	3	4	3	4	4	5	3	3	2	4	1	4	2	4	2	5	3	4	2	4	3	4	2	4	1	5	3	2	2	2	5	4	3	4	5	2	4	4	2	4	2	4	3	4	2	4	4	2	4	2	4	2	3	4	3	2	4	2	4	4	5	1	0
10180036	4	3	4	4	4	2	4	2	4	3	3	3	3	3	3	2	3	2	3	3	4	2	3	2	4	4	3	5	4	4	2	3	3	4	2	3	3	4	2	3	2	3	3	4	3	3	2	4	3	2	2	3	3	3	3	4	4	4	3	4	2	5	2	3	3	4	2	5	4	4	2	3	4	4	2	4	3	4	3	3	3	2	4	3	2	3	4	5	4	3	3	3	4	4	3	4	3	4	2	2	3	4	3	3	3	3	4	3	4	3	2	3	4	1	0
10180038	3	2	3	2	4	3	4	2	2	1	4	2	4	1	4	2	5	2	3	2	3	1	3	1	5	5	5	5	1	5	2	4	1	5	3	3	2	4	3	3	2	4	1	1	2	5	1	3	2	2	1	5	4	5	3	5	5	5	4	3	2	4	2	5	2	4	1	5	2	3	2	4	3	5	1	4	2	4	2	1	2	1	3	3	2	3	4	5	4	4	1	3	3	4	2	5	1	4	2	3	3	1	5	2	3	2	2	2	5	2	3	2	3	1	0
10180039	2	3	4	5	3	3	3	3	3	3	3	4	4	1	4	3	3	3	3	2	2	2	3	1	5	3	2	2	2	4	2	3	5	4	3	4	2	2	2	2	2	4	3	3	2	2	1	2	3	2	3	2	2	3	3	3	2	5	4	2	3	1	3	3	2	2	1	2	3	3	4	1	3	3	4	4	3	2	4	4	4	3	3	1	5	3	3	4	2	3	3	4	4	3	3	4	4	1	3	1	3	3	1	5	2	3	5	2	4	4	3	1	1	1	0
10180040	3	3	2	3	4	2	4	2	3	2	3	2	4	2	4	2	4	3	3	3	4	2	3	2	4	4	4	4	3	4	3	3	3	4	2	3	2	3	2	4	2	3	2	4	3	4	2	4	3	2	2	3	2	4	3	4	3	4	4	2	3	4	3	3	2	3	2	4	3	4	3	4	3	4	2	4	2	4	3	3	2	3	3	3	3	4	3	4	4	4	3	5	3	3	2	4	3	4	3	2	3	2	4	2	4	3	3	4	3	3	4	3	4	1	0
10180041	3	4	3	3	3	3	3	1	3	3	3	3	4	2	3	2	2	3	2	3	3	2	2	2	4	3	4	2	1	3	2	4	3	4	3	3	2	3	3	5	3	3	2	3	2	2	2	3	3	3	2	3	3	3	3	3	3	4	4	3	3	3	2	3	3	2	2	3	3	4	3	2	3	3	3	3	3	3	2	3	3	3	3	3	2	3	3	3	3	4	3	4	3	3	2	3	3	3	3	2	3	3	3	3	3	3	4	2	3	4	3	2	2	1	0
10180043	4	2	4	3	4	4	4	2	3	1	4	3	4	2	3	2	4	3	3	2	3	2	2	2	4	4	4	3	2	4	2	4	2	4	2	3	2	3	2	4	3	4	2	4	1	4	2	4	2	3	2	3	2	3	3	3	4	4	4	3	3	3	2	4	3	4	3	3	2	4	2	3	3	4	2	4	2	4	2	3	2	2	4	3	3	3	4	2	4	4	2	3	2	3	2	4	2	4	3	2	3	2	3	2	4	3	3	1	4	3	3	3	3	1	0
10180047	4	4	4	3	3	3	4	2	2	2	3	2	4	1	3	1	4	2	3	2	3	3	2	2	4	4	3	4	3	3	2	4	2	4	3	3	2	3	3	4	3	4	2	1	3	2	2	3	3	3	2	3	3	3	3	3	4	4	3	3	3	3	2	3	3	4	2	4	3	3	2	2	3	5	2	3	2	4	2	3	2	2	3	3	5	3	4	3	3	4	3	4	2	3	2	3	2	4	3	2	3	2	3	3	4	3	3	3	3	3	3	1	1	1	0
10180049	4	4	4	4	4	3	4	2	5	3	4	2	4	2	3	2	5	3	3	3	4	3	3	3	4	3	4	4	1	4	3	4	3	3	2	3	3	4	2	3	3	4	2	4	2	3	2	3	4	4	2	3	4	4	3	4	3	4	4	4	3	3	3	3	3	3	3	3	2	4	3	3	3	3	3	4	3	3	3	4	3	2	4	3	4	4	4	4	4	4	3	4	3	3	3	3	3	3	3	3	3	3	4	4	3	3	3	3	4	3	3	3	3	1	0
10180052	2	1	4	5	4	3	4	1	2	3	3	1	5	3	5	3	5	1	5	1	4	1	4	1	5	4	3	4	2	5	1	4	2	5	2	3	2	3	3	4	2	4	1	2	1	1	1	5	2	2	3	4	1	5	3	3	4	5	3	1	3	4	3	4	2	2	1	4	5	4	1	1	2	4	1	4	1	3	2	4	3	1	4	3	5	4	3	3	4	4	2	5	4	3	2	4	3	4	5	1	4	2	1	4	4	3	2	2	3	3	5	3	4	1	0
10180053	2	3	3	1	4	3	4	4	4	3	2	1	3	1	5	1	5	3	4	1	4	1	4	1	5	3	2	2	2	5	2	4	2	5	1	3	2	3	1	2	4	5	2	2	2	2	2	4	2	2	2	2	3	3	3	5	4	4	3	2	3	3	2	3	1	2	1	2	2	3	2	3	2	3	4	3	2	4	2	4	2	1	3	3	4	4	4	2	4	2	2	3	3	4	2	5	2	4	4	2	4	2	2	3	2	3	2	2	4	4	3	2	4	1	0
10180058	5	2	5	5	4	4	5	1	4	2	3	1	4	1	5	1	5	3	4	2	5	2	1	2	5	5	4	3	1	5	3	4	1	5	3	3	1	4	1	5	5	5	3	4	2	4	2	4	3	2	4	5	1	4	4	4	5	2	5	5	2	4	1	5	4	5	3	5	5	5	2	4	2	4	2	5	2	5	3	5	2	2	4	3	5	4	5	3	5	5	3	5	2	5	1	5	2	4	3	1	4	1	5	2	4	4	5	1	4	4	5	3	4	1	0
12150078	3	3	3	3	3	3	3	3	3	3	3	3	3	3	3	3	3	3	3	3	3	3	3	3	3	3	3	3	3	3	3	3	3	3	3	3	3	3	3	3	3	3	3	3	3	3	3	3	3	3	3	3	3	3	3	3	3	3	4	2	1	4	1	4	2	3	1	4	5	3	1	2	2	4	2	3	2	5	3	3	2	2	4	4	3	3	3	4	4	4	3	3	3	3	4	1	3	5	3	2	3	4	4	2	4	3	3	2	4	2	3	3	3	1	0
