     4.000     4.000     3.000     3.000     1.000     1.507
     3.000     3.000     2.000     3.000     1.000     0.702
     2.000     2.000     2.000     2.000     0.000    -0.171
     4.000     4.000     2.000     3.000     0.000     1.397
     2.000     3.000     2.000     2.000     0.000    -0.027
     2.000     2.000     2.000     2.000     1.000    -0.133
     3.000     3.000     1.000     1.000     0.000     0.461
     2.000     2.000     2.000     2.000     1.000    -0.133
     2.000     2.000     0.000     0.000     0.000    -0.565
     1.000     1.000     0.000     2.000     1.000    -1.103
     1.000     2.000     3.000     3.000     0.000    -0.734
     2.000     4.000     1.000     2.000     1.000     0.079
     3.000     3.000     2.000     2.000     2.000     0.645
     4.000     3.000     3.000     1.000     2.000     1.186
     2.000     2.000     3.000     2.000     1.000    -0.058
     1.000     3.000     3.000     0.000     1.000    -0.844
     3.000     3.000     3.000     3.000     1.000     0.756
     2.000     3.000     4.000     1.000     2.000     0.081
     1.000     2.000     0.000     1.000     0.000    -1.103
     3.000     3.000     2.000     3.000     1.000     0.702
     3.000     4.000     3.000     4.000     3.000     1.006
     3.000     3.000     2.000     3.000     2.000     0.724
     3.000     3.000     0.000     0.000     0.000     0.318
     1.000     1.000     1.000     4.000     3.000    -0.805
     3.000     4.000     0.000     3.000     0.000     0.662
     2.000     3.000     0.000     2.000     0.000    -0.214
     2.000     2.000     1.000     0.000     2.000    -0.408
     3.000     3.000     2.000     3.000     1.000     0.702
     0.000     2.000     0.000     0.000     1.000    -1.821
     1.000     2.000     0.000     0.000     2.000    -1.149
     3.000     2.000     1.000     2.000     1.000     0.461
     2.000     2.000     1.000     1.000     1.000    -0.325
     1.000     1.000     2.000     3.000     0.000    -0.894
     4.000     4.000     2.000     4.000     4.000     1.674
     2.000     3.000     2.000     2.000     1.000     0.010
     2.000     3.000     2.000     2.000     2.000     0.038
     2.000     2.000     1.000     2.000     1.000    -0.219
     1.000     2.000     2.000     2.000     0.000    -0.871
     0.000     4.000     0.000     1.000     0.000    -1.524
     3.000     2.000     4.000     3.000     1.000     0.710
     1.000     2.000     1.000     1.000     1.000    -0.986
     3.000     4.000     1.000     2.000     0.000     0.654
     4.000     4.000     3.000     0.000     3.000     1.258
     4.000     3.000     2.000     4.000     3.000     1.440
     2.000     3.000     1.000     2.000     1.000    -0.073
     2.000     2.000     1.000     3.000     2.000    -0.078
     1.000     2.000     1.000     1.000     2.000    -0.963
     2.000     2.000     1.000     3.000     1.000    -0.108
     4.000     4.000     1.000     4.000     2.000     1.511
     2.000     3.000     1.000     2.000     1.000    -0.073
     3.000     3.000     3.000     3.000     1.000     0.756
     2.000     4.000     2.000     0.000     0.000    -0.086
     2.000     3.000     2.000     2.000     1.000     0.010
     2.000     1.000     1.000     2.000     0.000    -0.398
     4.000     2.000     0.000     3.000     2.000     1.050
     4.000     3.000     4.000     4.000     0.000     1.512
     2.000     3.000     2.000     1.000     0.000    -0.132
     4.000     2.000     1.000     2.000     3.000     1.059
     3.000     3.000     2.000     2.000     2.000     0.645
     0.000     1.000     1.000     0.000     0.000    -1.876
     1.000     3.000     0.000     0.000     0.000    -1.086
     2.000     2.000     1.000     1.000     1.000    -0.325
     2.000     2.000     0.000     1.000     1.000    -0.425
     2.000     2.000     2.000     2.000     2.000    -0.103
     2.000     4.000     4.000     1.000     1.000     0.195
     2.000     2.000     1.000     2.000     2.000    -0.189
     2.000     2.000     2.000     2.000     1.000    -0.133
     1.000     3.000     3.000     3.000     2.000    -0.588
     3.000     3.000     3.000     3.000     2.000     0.778
     2.000     2.000     1.000     2.000     2.000    -0.189
     3.000     4.000     1.000     4.000     0.000     0.824
     2.000     2.000     0.000     4.000     1.000    -0.093
     3.000     1.000     1.000     3.000     2.000     0.457
     4.000     3.000     1.000     2.000     2.000     1.149
     2.000     2.000     4.000     2.000     2.000     0.046
     2.000     2.000     1.000     1.000     1.000    -0.325
     2.000     4.000     0.000     3.000     2.000     0.114
     1.000     2.000     2.000     1.000     1.000    -0.920
     4.000     4.000     4.000     0.000     4.000     1.353
     1.000     3.000     0.000     2.000     1.000    -0.877
     1.000     1.000     1.000     3.000     4.000    -0.871
     2.000     1.000     0.000     1.000     1.000    -0.554
     2.000     1.000     0.000     4.000     4.000    -0.159
     2.000     2.000     2.000     3.000     0.000    -0.061
     3.000     3.000     0.000     3.000     1.000     0.571
     3.000     3.000     3.000     3.000     0.000     0.730
     2.000     2.000     1.000     2.000     1.000    -0.219
     2.000     3.000     3.000     3.000     2.000     0.201
     2.000     3.000     4.000     1.000     2.000     0.081
     2.000     2.000     1.000     0.000     1.000    -0.436
     3.000     2.000     2.000     3.000     3.000     0.636
     1.000     2.000     2.000     0.000     1.000    -1.015
     1.000     1.000     3.000     3.000     0.000    -0.837
     1.000     1.000     1.000     1.000     1.000    -1.099
     3.000     2.000     1.000     3.000     1.000     0.537
     2.000     1.000     2.000     3.000     2.000    -0.137
     1.000     1.000     2.000     1.000     1.000    -1.031
     3.000     3.000     3.000     3.000     3.000     0.795
     0.000     1.000     1.000     1.000     1.000    -1.734
     2.000     2.000     2.000     2.000     1.000    -0.133
     2.000     1.000     2.000     2.000     3.000    -0.223
     2.000     4.000     1.000     0.000     0.000    -0.172
     1.000     1.000     3.000     2.000     1.000    -0.891
     2.000     2.000     2.000     2.000     3.000    -0.079
     3.000     4.000     2.000     1.000     2.000     0.686
     2.000     2.000     1.000     2.000     1.000    -0.219
     3.000     2.000     2.000     2.000     0.000     0.494
     4.000     4.000     0.000     4.000     0.000     1.351
     2.000     1.000     1.000     0.000     2.000    -0.539
     2.000     3.000     2.000     0.000     3.000    -0.153
     3.000     2.000     4.000     2.000     2.000     0.652
     0.000     0.000     0.000     0.000     0.000    -2.168
     1.000     1.000     0.000     1.000     1.000    -1.188
     3.000     3.000     2.000     2.000     2.000     0.645
     2.000     3.000     2.000     2.000     0.000    -0.027
     2.000     1.000     0.000     1.000     2.000    -0.528
     2.000     2.000     1.000     4.000     2.000     0.034
     2.000     3.000     0.000     0.000     0.000    -0.433
     3.000     2.000     3.000     2.000     2.000     0.594
     0.000     2.000     1.000     1.000     2.000    -1.607
     3.000     3.000     2.000     1.000     2.000     0.568
     2.000     3.000     0.000     4.000     1.000     0.048
     4.000     2.000     3.000     3.000     0.000     1.189
     4.000     4.000     4.000     4.000     2.000     1.851
     3.000     3.000     4.000     4.000     1.000     0.906
     4.000     4.000     2.000     4.000     0.000     1.531
     1.000     1.000     3.000     0.000     0.000    -1.099
     4.000     4.000     1.000     4.000     0.000     1.442
     1.000     0.000     0.000     1.000     1.000    -1.315
     4.000     2.000     1.000     1.000     2.000     0.967
     2.000     2.000     0.000     1.000     2.000    -0.397
     2.000     2.000     1.000     2.000     2.000    -0.189
     3.000     3.000     0.000     3.000     2.000     0.592
     3.000     2.000     1.000     2.000     2.000     0.481
     4.000     3.000     1.000     2.000     1.000     1.126
     2.000     2.000     2.000     2.000     2.000    -0.103
     3.000     2.000     2.000     2.000     2.000     0.541
     2.000     2.000     3.000     3.000     1.000     0.047
     3.000     3.000     0.000     4.000     2.000     0.680
     1.000     1.000     1.000     2.000     1.000    -1.016
     2.000     2.000     1.000     3.000     1.000    -0.108
     3.000     2.000     2.000     3.000     2.000     0.619
     2.000     3.000     2.000     2.000     1.000     0.010
     3.000     4.000     4.000     4.000     2.000     1.048
     2.000     2.000     3.000     2.000     1.000    -0.058
     3.000     2.000     1.000     1.000     2.000     0.407
     3.000     2.000     1.000     1.000     1.000     0.386
     3.000     2.000     3.000     3.000     3.000     0.690
     2.000     2.000     0.000     0.000     1.000    -0.531
     1.000     1.000     2.000     0.000     2.000    -1.106
     1.000     1.000     0.000     2.000     0.000    -1.135
     2.000     2.000     1.000     1.000     1.000    -0.325
     3.000     3.000     2.000     3.000     1.000     0.702
     2.000     2.000     1.000     1.000     1.000    -0.325
     4.000     4.000     2.000     2.000     2.000     1.358
     2.000     1.000     4.000     2.000     2.000    -0.093
     1.000     2.000     1.000     2.000     1.000    -0.906
     2.000     2.000     3.000     1.000     1.000    -0.163
     4.000     3.000     1.000     2.000     0.000     1.100
     2.000     4.000     1.000     4.000     1.000     0.274
     1.000     1.000     2.000     2.000     2.000    -0.927
     2.000     2.000     1.000     4.000     1.000     0.006
     4.000     1.000     3.000     4.000     4.000     1.267
     2.000     3.000     1.000     2.000     0.000    -0.110
     3.000     4.000     4.000     4.000     0.000     1.000
     1.000     2.000     0.000     1.000     0.000    -1.103
     3.000     2.000     2.000     2.000     1.000     0.520
     3.000     2.000     3.000     3.000     2.000     0.672
     2.000     2.000     4.000     2.000     2.000     0.046
     2.000     3.000     1.000     2.000     1.000    -0.073
     4.000     4.000     1.000     3.000     0.000     1.321
     4.000     3.000     1.000     3.000     2.000     1.232
     2.000     2.000     1.000     2.000     1.000    -0.219
     4.000     3.000     2.000     2.000     3.000     1.232
     3.000     4.000     1.000     1.000     0.000     0.577
     3.000     3.000     3.000     2.000     1.000     0.678
     2.000     0.000     0.000     0.000     0.000    -0.800
     4.000     0.000     4.000     4.000     4.000     1.215
     4.000     4.000     0.000     1.000     0.000     1.073
     4.000     4.000     3.000     4.000     4.000     1.785
     0.000     4.000     1.000     3.000     4.000    -1.236
     1.000     1.000     1.000     4.000     1.000    -0.845
     2.000     3.000     1.000     0.000     1.000    -0.295
     2.000     1.000     2.000     2.000     3.000    -0.223
     2.000     3.000     2.000     2.000     0.000    -0.027
     3.000     2.000     1.000     2.000     1.000     0.461
     3.000     3.000     2.000     3.000     2.000     0.724
     2.000     2.000     1.000     3.000     3.000    -0.054
     2.000     2.000     2.000     4.000     0.000     0.051
     2.000     3.000     1.000     1.000     2.000    -0.149
     2.000     3.000     2.000     0.000     0.000    -0.247
     0.000     0.000     0.000     2.000     2.000    -1.849
     2.000     1.000     1.000     1.000     1.000    -0.461
     0.000     0.000     1.000     3.000     4.000    -1.633
     2.000     3.000     0.000     0.000     2.000    -0.368
     3.000     2.000     2.000     2.000     2.000     0.541
     1.000     2.000     2.000     2.000     1.000    -0.842
     4.000     4.000     4.000     4.000     4.000     1.949
     1.000     1.000     1.000     1.000     1.000    -1.099
     2.000     2.000     1.000     1.000     1.000    -0.325
     1.000     2.000     0.000     2.000     3.000    -0.947
     4.000     4.000     2.000     2.000     1.000     1.332
     2.000     3.000     1.000     1.000     1.000    -0.179
     2.000     2.000     0.000     3.000     4.000    -0.131
     1.000     1.000     1.000     3.000     2.000    -0.907
     1.000     2.000     0.000     2.000     1.000    -0.989
     2.000     3.000     2.000     3.000     2.000     0.137
     2.000     2.000     3.000     2.000     1.000    -0.058
     3.000     1.000     2.000     3.000     2.000     0.516
     2.000     2.000     2.000     0.000     1.000    -0.354
     2.000     3.000     1.000     2.000     1.000    -0.073
     4.000     2.000     2.000     2.000     0.000     1.055
     3.000     3.000     1.000     3.000     3.000     0.680
     0.000     2.000     0.000     0.000     0.000    -1.854
     4.000     4.000     4.000     4.000     2.000     1.851
     3.000     2.000     1.000     2.000     1.000     0.461
     1.000     2.000     1.000     2.000     1.000    -0.906
     3.000     3.000     2.000     3.000     4.000     0.759
     1.000     0.000     0.000     1.000     0.000    -1.347
     1.000     2.000     4.000     1.000     4.000    -0.751
     2.000     3.000     1.000     2.000     1.000    -0.073
     2.000     2.000     0.000     3.000     1.000    -0.211
     1.000     1.000     0.000     4.000     0.000    -0.956
     2.000     1.000     0.000     0.000     2.000    -0.628
     2.000     1.000     3.000     3.000     2.000    -0.062
     4.000     4.000     1.000     2.000     1.000     1.260
     4.000     2.000     3.000     3.000     4.000     1.282
     2.000     0.000     0.000     1.000     3.000    -0.635
     2.000     3.000     2.000     1.000     1.000    -0.094
     1.000     2.000     2.000     4.000     0.000    -0.708
     1.000     1.000     1.000     1.000     1.000    -1.099
     2.000     3.000     1.000     3.000     1.000     0.033
     2.000     3.000     1.000     3.000     0.000    -0.003
     3.000     3.000     3.000     3.000     3.000     0.795
     2.000     3.000     2.000     2.000     0.000    -0.027
     1.000     3.000     0.000     2.000     0.000    -0.906
     3.000     2.000     2.000     2.000     3.000     0.558
     2.000     2.000     1.000     2.000     0.000    -0.257
     3.000     3.000     3.000     2.000     0.000     0.651
     1.000     3.000     2.000     0.000     0.000    -0.931
     3.000     4.000     4.000     1.000     3.000     0.818
     0.000     2.000     0.000     0.000     0.000    -1.854
     0.000     2.000     0.000     1.000     3.000    -1.672
     2.000     2.000     1.000     2.000     1.000    -0.219
     3.000     3.000     3.000     3.000     1.000     0.756
     2.000     3.000     2.000     2.000     1.000     0.010
     1.000     3.000     1.000     2.000     1.000    -0.798
     2.000     1.000     0.000     1.000     2.000    -0.528
     2.000     2.000     3.000     3.000     1.000     0.047
     1.000     1.000     1.000     1.000     1.000    -1.099
     2.000     3.000     0.000     0.000     4.000    -0.319
     2.000     2.000     2.000     2.000     1.000    -0.133
     2.000     2.000     1.000     2.000     0.000    -0.257
     2.000     3.000     2.000     1.000     0.000    -0.132
     2.000     3.000     2.000     1.000     1.000    -0.094
     2.000     2.000     1.000     2.000     1.000    -0.219
     2.000     1.000     1.000     3.000     4.000    -0.173
     4.000     4.000     1.000     3.000     2.000     1.380
     2.000     2.000     1.000     0.000     0.000    -0.472
     4.000     3.000     1.000     3.000     3.000     1.251
     1.000     1.000     0.000     1.000     0.000    -1.220
     3.000     4.000     2.000     3.000     2.000     0.844
     3.000     3.000     2.000     2.000     1.000     0.624
     2.000     1.000     0.000     0.000     0.000    -0.683
     3.000     3.000     2.000     2.000     1.000     0.624
     2.000     3.000     2.000     2.000     2.000     0.038
     2.000     1.000     1.000     1.000     1.000    -0.461
     2.000     3.000     2.000     2.000     0.000    -0.027
     3.000     3.000     1.000     2.000     1.000     0.563
     1.000     3.000     0.000     0.000     0.000    -1.086
     2.000     3.000     1.000     2.000     1.000    -0.073
     1.000     1.000     1.000     1.000     1.000    -1.099
     3.000     3.000     1.000     1.000     2.000     0.508
     0.000     1.000     2.000     1.000     2.000    -1.647
     3.000     2.000     0.000     2.000     2.000     0.412
     3.000     4.000     1.000     2.000     1.000     0.681
     3.000     3.000     2.000     1.000     1.000     0.547
     2.000     3.000     2.000     2.000     0.000    -0.027
     0.000     1.000     1.000     0.000     2.000    -1.817
     0.000     1.000     2.000     1.000     4.000    -1.612
     2.000     2.000     2.000     2.000     2.000    -0.103
     2.000     2.000     3.000     1.000     1.000    -0.163
     2.000     3.000     0.000     2.000     2.000    -0.145
     2.000     2.000     1.000     2.000     3.000    -0.164
     3.000     4.000     1.000     1.000     0.000     0.577
     2.000     4.000     3.000     2.000     3.000     0.263
     2.000     2.000     2.000     2.000     1.000    -0.133
     3.000     3.000     2.000     2.000     3.000     0.663
     2.000     2.000     1.000     2.000     1.000    -0.219
     1.000     3.000     2.000     3.000     1.000    -0.660
     2.000     2.000     3.000     1.000     1.000    -0.163
     1.000     2.000     1.000     1.000     2.000    -0.963
     2.000     2.000     2.000     3.000     0.000    -0.061
     2.000     1.000     1.000     1.000     2.000    -0.434
     1.000     2.000     0.000     1.000     1.000    -1.072
     2.000     2.000     2.000     1.000     0.000    -0.278
     3.000     3.000     0.000     0.000     3.000     0.380
     3.000     4.000     0.000     4.000     0.000     0.752
     1.000     3.000     2.000     1.000     2.000    -0.791
     3.000     2.000     2.000     3.000     0.000     0.571
     2.000     2.000     3.000     2.000     1.000    -0.058
     4.000     0.000     4.000     4.000     0.000     1.126
     4.000     4.000     0.000     4.000     1.000     1.384
     2.000     3.000     1.000     3.000     1.000     0.033
     2.000     1.000     2.000     3.000     3.000    -0.113
     1.000     1.000     1.000     1.000     0.000    -1.130
     4.000     4.000     1.000     4.000     0.000     1.442
     3.000     3.000     2.000     3.000     2.000     0.724
     3.000     3.000     1.000     3.000     2.000     0.663
     4.000     3.000     2.000     4.000     2.000     1.417
     4.000     3.000     2.000     3.000     1.000     1.276
     2.000     3.000     1.000     3.000     2.000     0.061
     3.000     4.000     1.000     2.000     1.000     0.681
     3.000     4.000     3.000     2.000     1.000     0.798
     2.000     3.000     2.000     2.000     3.000     0.060
     2.000     2.000     1.000     3.000     2.000    -0.078
     4.000     3.000     3.000     3.000     2.000     1.365
     2.000     2.000     2.000     3.000     2.000     0.004
     2.000     3.000     1.000     2.000     2.000    -0.044
     1.000     4.000     1.000     1.000     1.000    -0.761
     2.000     2.000     1.000     0.000     2.000    -0.408
     2.000     2.000     2.000     2.000     2.000    -0.103
     3.000     4.000     3.000     0.000     1.000     0.641
     2.000     3.000     4.000     2.000     3.000     0.196
     2.000     3.000     1.000     2.000     1.000    -0.073
     3.000     3.000     1.000     3.000     1.000     0.641
     3.000     3.000     2.000     2.000     3.000     0.663
     2.000     2.000     2.000     1.000     1.000    -0.240
     2.000     2.000     2.000     2.000     2.000    -0.103
     1.000     3.000     0.000     2.000     0.000    -0.906
     2.000     2.000     1.000     3.000     2.000    -0.078
     3.000     3.000     1.000     2.000     1.000     0.563
     2.000     3.000     2.000     1.000     1.000    -0.094
     3.000     4.000     2.000     3.000     2.000     0.844
     2.000     2.000     2.000     3.000     1.000    -0.025
     4.000     4.000     1.000     4.000     0.000     1.442
     2.000     4.000     2.000     4.000     0.000     0.312
     2.000     2.000     2.000     3.000     1.000    -0.025
     2.000     1.000     0.000     1.000     1.000    -0.554
     1.000     1.000     0.000     1.000     1.000    -1.188
     0.000     0.000     0.000     0.000     0.000    -2.168
     2.000     3.000     1.000     2.000     1.000    -0.073
     1.000     1.000     2.000     1.000     0.000    -1.061
     1.000     1.000     1.000     2.000     1.000    -1.016
     1.000     1.000     0.000     3.000     2.000    -0.990
     2.000     0.000     0.000     0.000     0.000    -0.800
     2.000     1.000     3.000     2.000     1.000    -0.201
     1.000     3.000     1.000     0.000     1.000    -0.968
     4.000     3.000     3.000     3.000     3.000     1.387
     3.000     3.000     2.000     2.000     1.000     0.624
     1.000     0.000     3.000     1.000     2.000    -1.067
     2.000     2.000     0.000     0.000     1.000    -0.531
     2.000     3.000     3.000     2.000     1.000     0.080
     2.000     2.000     1.000     1.000     2.000    -0.296
     2.000     3.000     2.000     2.000     1.000     0.010
     1.000     0.000     1.000     0.000     2.000    -1.304
     4.000     3.000     2.000     2.000     1.000     1.190
     1.000     1.000     0.000     2.000     2.000    -1.079
     3.000     1.000     2.000     1.000     0.000     0.321
     3.000     3.000     3.000     2.000     0.000     0.651
     2.000     2.000     1.000     2.000     2.000    -0.189
