     1.000     3.000     1.000     2.000     1.000    -0.075
     0.000     4.000     0.000     3.000     1.000    -1.264
     1.000     2.000     2.000     2.000     1.000     0.246
     0.000     4.000     0.000     3.000     1.000    -1.264
     3.000     3.000     2.000     3.000     1.000     1.413
     1.000     3.000     1.000     2.000     1.000    -0.075
     1.000     2.000     1.000     2.000     2.000     0.166
     1.000     2.000     1.000     3.000     1.000     0.072
     0.000     4.000     2.000     4.000     2.000    -0.830
     1.000     3.000     1.000     2.000     1.000    -0.075
     1.000     3.000     2.000     3.000     1.000     0.056
     0.000     4.000     2.000     2.000     1.000    -0.839
     2.000     3.000     1.000     2.000     2.000     0.752
     1.000     2.000     2.000     2.000     3.000     0.346
     1.000     1.000     2.000     3.000     2.000     0.408
     3.000     2.000     3.000     4.000     4.000     1.637
     1.000     3.000     1.000     2.000     2.000    -0.006
     1.000     2.000     3.000     1.000     4.000     0.497
     1.000     4.000     1.000     1.000     1.000    -0.231
     3.000     1.000     2.000     2.000     1.000     1.594
     1.000     3.000     1.000     3.000     3.000     0.024
     1.000     4.000     1.000     3.000     1.000    -0.276
     1.000     3.000     1.000     4.000     3.000    -0.008
     1.000     3.000     1.000     2.000     3.000     0.052
     0.000     4.000     0.000     4.000     0.000    -1.521
     1.000     3.000     2.000     3.000     1.000     0.056
     2.000     2.000     2.000     2.000     2.000     0.947
     1.000     3.000     1.000     3.000     1.000    -0.101
     1.000     1.000     1.000     2.000     1.000     0.257
     1.000     2.000     0.000     4.000     2.000    -0.069
     0.000     4.000     1.000     2.000     1.000    -0.982
     1.000     3.000     1.000     2.000     1.000    -0.075
     3.000     1.000     2.000     3.000     4.000     1.675
     0.000     4.000     0.000     0.000     1.000    -1.127
     1.000     3.000     1.000     3.000     2.000    -0.034
     1.000     3.000     1.000     4.000     3.000    -0.008
     1.000     2.000     1.000     3.000     2.000     0.140
     1.000     3.000     3.000     3.000     2.000     0.248
     0.000     4.000     0.000     4.000     4.000    -1.041
     2.000     1.000     3.000     4.000     3.000     1.135
     2.000     3.000     1.000     2.000     2.000     0.752
     0.000     4.000     1.000     3.000     2.000    -0.940
     4.000     2.000     4.000     4.000     4.000     2.238
     1.000     3.000     1.000     4.000     1.000    -0.130
     0.000     4.000     0.000     4.000     1.000    -1.326
     2.000     2.000     2.000     2.000     2.000     0.947
     2.000     2.000     2.000     2.000     1.000     0.905
     1.000     3.000     1.000     2.000     2.000    -0.006
     0.000     4.000     1.000     4.000     3.000    -0.917
     0.000     4.000     1.000     2.000     1.000    -0.982
     1.000     2.000     3.000     2.000     2.000     0.401
     1.000     3.000     1.000     4.000     1.000    -0.130
     0.000     4.000     1.000     2.000     1.000    -0.982
     1.000     3.000     2.000     3.000     1.000     0.056
     4.000     4.000     2.000     2.000     4.000     1.942
     1.000     3.000     1.000     4.000     2.000    -0.065
     1.000     3.000     2.000     3.000     2.000     0.125
     2.000     0.000     2.000     1.000     2.000     1.188
     1.000     3.000     1.000     3.000     2.000    -0.034
     1.000     2.000     2.000     3.000     1.000     0.222
     0.000     4.000     1.000     2.000     1.000    -0.982
     1.000     3.000     1.000     3.000     2.000    -0.034
     2.000     2.000     1.000     3.000     0.000     0.747
     2.000     1.000     2.000     2.000     1.000     1.011
     0.000     4.000     0.000     4.000     1.000    -1.326
     2.000     2.000     2.000     2.000     0.000     0.853
     1.000     3.000     1.000     3.000     1.000    -0.101
     2.000     0.000     0.000     4.000     2.000     0.922
     1.000     3.000     2.000     3.000     4.000     0.233
     1.000     2.000     1.000     3.000     2.000     0.140
     0.000     4.000     0.000     4.000     2.000    -1.197
     0.000     3.000     0.000     4.000     1.000    -0.997
     3.000     0.000     0.000     2.000     1.000     1.520
     0.000     4.000     1.000     2.000     1.000    -0.982
     2.000     3.000     0.000     2.000     4.000     0.718
     1.000     3.000     1.000     3.000     3.000     0.024
     2.000     2.000     3.000     4.000     2.000     0.992
     0.000     2.000     2.000     4.000     2.000    -0.581
     0.000     4.000     0.000     4.000     0.000    -1.521
     1.000     3.000     1.000     1.000     2.000     0.023
     1.000     3.000     1.000     1.000     3.000     0.081
     0.000     3.000     1.000     2.000     1.000    -0.796
     0.000     4.000     1.000     4.000     1.000    -1.046
     0.000     4.000     2.000     4.000     2.000    -0.830
     1.000     3.000     2.000     3.000     2.000     0.125
     0.000     4.000     1.000     2.000     1.000    -0.982
     2.000     1.000     1.000     2.000     2.000     0.957
     2.000     4.000     3.000     3.000     2.000     0.790
     0.000     4.000     0.000     3.000     1.000    -1.264
     0.000     4.000     0.000     4.000     1.000    -1.326
     1.000     3.000     1.000     3.000     1.000    -0.101
     1.000     3.000     2.000     2.000     1.000     0.084
     2.000     2.000     2.000     3.000     2.000     0.930
     1.000     3.000     1.000     1.000     3.000     0.081
     0.000     3.000     1.000     3.000     1.000    -0.816
     2.000     3.000     2.000     2.000     1.000     0.802
     1.000     3.000     2.000     2.000     2.000     0.151
     3.000     4.000     2.000     3.000     3.000     1.382
     0.000     4.000     1.000     3.000     1.000    -1.010
     1.000     2.000     2.000     3.000     3.000     0.325
     0.000     2.000     2.000     2.000     1.000    -0.587
     2.000     1.000     1.000     0.000     1.000     0.951
     1.000     2.000     1.000     2.000     1.000     0.099
     2.000     2.000     3.000     2.000     1.000     0.986
     1.000     3.000     2.000     4.000     1.000     0.024
     1.000     2.000     1.000     3.000     2.000     0.140
     2.000     3.000     1.000     3.000     2.000     0.736
     0.000     3.000     0.000     1.000     3.000    -0.814
     2.000     2.000     2.000     3.000     4.000     1.005
     0.000     4.000     1.000     4.000     2.000    -0.971
     4.000     1.000     3.000     3.000     2.000     2.206
     3.000     1.000     0.000     4.000     3.000     1.461
     1.000     3.000     2.000     3.000     1.000     0.056
     2.000     1.000     3.000     2.000     3.000     1.171
     1.000     1.000     0.000     3.000     0.000    -0.022
     2.000     2.000     2.000     2.000     2.000     0.947
     0.000     0.000     0.000     4.000     4.000    -0.513
     0.000     4.000     0.000     2.000     0.000    -1.380
     1.000     2.000     0.000     3.000     1.000    -0.105
     1.000     2.000     1.000     4.000     1.000     0.040
     1.000     4.000     1.000     2.000     3.000    -0.146
     1.000     4.000     1.000     4.000     1.000    -0.300
     0.000     3.000     1.000     4.000     1.000    -0.840
     0.000     4.000     1.000     2.000     3.000    -0.867
     0.000     4.000     2.000     4.000     2.000    -0.830
     2.000     3.000     4.000     1.000     3.000     1.050
     2.000     2.000     2.000     3.000     1.000     0.888
     0.000     4.000     1.000     3.000     0.000    -1.111
     1.000     2.000     1.000     2.000     1.000     0.099
     3.000     2.000     1.000     3.000     1.000     1.422
     2.000     2.000     2.000     2.000     2.000     0.947
     1.000     2.000     2.000     2.000     3.000     0.346
     0.000     4.000     1.000     3.000     3.000    -0.890
     3.000     2.000     2.000     2.000     2.000     1.543
     0.000     4.000     1.000     3.000     1.000    -1.010
     1.000     2.000     2.000     2.000     2.000     0.303
     2.000     2.000     2.000     2.000     2.000     0.947
     1.000     3.000     2.000     3.000     2.000     0.125
     0.000     4.000     0.000     4.000     0.000    -1.521
     1.000     1.000     1.000     1.000     1.000     0.281
     2.000     3.000     2.000     2.000     1.000     0.802
     1.000     3.000     1.000     2.000     2.000    -0.006
     1.000     3.000     1.000     3.000     1.000    -0.101
     0.000     4.000     2.000     4.000     3.000    -0.788
     2.000     1.000     2.000     2.000     2.000     1.054
     1.000     3.000     1.000     2.000     0.000    -0.154
     1.000     2.000     1.000     3.000     2.000     0.140
     3.000     3.000     1.000     2.000     3.000     1.412
     1.000     2.000     1.000     2.000     2.000     0.166
     1.000     3.000     0.000     3.000     1.000    -0.255
     2.000     2.000     2.000     2.000     1.000     0.905
     1.000     3.000     1.000     2.000     1.000    -0.075
     0.000     4.000     0.000     2.000     0.000    -1.380
     0.000     4.000     0.000     2.000     0.000    -1.380
     0.000     4.000     2.000     3.000     2.000    -0.806
     1.000     3.000     3.000     1.000     2.000     0.294
     1.000     0.000     1.000     4.000     3.000     0.441
     2.000     2.000     2.000     2.000     4.000     1.022
     1.000     3.000     1.000     4.000     1.000    -0.130
     0.000     4.000     0.000     1.000     0.000    -1.319
     2.000     2.000     2.000     1.000     2.000     0.965
     3.000     1.000     3.000     3.000     2.000     1.678
     0.000     4.000     1.000     4.000     1.000    -1.046
     1.000     3.000     1.000     3.000     1.000    -0.101
     1.000     3.000     2.000     4.000     3.000     0.149
     0.000     4.000     0.000     4.000     1.000    -1.326
     2.000     2.000     2.000     4.000     0.000     0.818
     0.000     4.000     1.000     3.000     1.000    -1.010
     2.000     2.000     1.000     1.000     2.000     0.870
     0.000     4.000     1.000     2.000     2.000    -0.915
     0.000     4.000     4.000     3.000     3.000    -0.610
     1.000     4.000     1.000     2.000     1.000    -0.254
     1.000     2.000     1.000     2.000     2.000     0.166
     0.000     4.000     4.000     3.000     3.000    -0.610
     0.000     4.000     2.000     4.000     2.000    -0.830
     1.000     3.000     2.000     1.000     2.000     0.179
     0.000     2.000     4.000     1.000     0.000    -0.484
     4.000     4.000     4.000     4.000     4.000     2.040
     0.000     4.000     0.000     4.000     0.000    -1.521
     0.000     0.000     1.000     2.000     4.000    -0.393
     0.000     4.000     0.000     1.000     4.000    -0.949
     1.000     3.000     1.000     2.000     3.000     0.052
     1.000     3.000     1.000     4.000     3.000    -0.008
     0.000     3.000     1.000     3.000     1.000    -0.816
     0.000     3.000     1.000     3.000     1.000    -0.816
     1.000     2.000     2.000     3.000     1.000     0.222
     3.000     1.000     2.000     3.000     4.000     1.675
     2.000     1.000     2.000     3.000     2.000     1.037
     1.000     4.000     1.000     3.000     1.000    -0.276
     1.000     3.000     1.000     3.000     2.000    -0.034
     0.000     3.000     1.000     4.000     4.000    -0.712
     0.000     4.000     0.000     4.000     2.000    -1.197
     2.000     2.000     2.000     2.000     2.000     0.947
     3.000     2.000     2.000     4.000     3.000     1.542
     0.000     4.000     1.000     2.000     2.000    -0.915
     2.000     3.000     2.000     3.000     2.000     0.826
     1.000     3.000     1.000     2.000     0.000    -0.154
     0.000     4.000     1.000     3.000     3.000    -0.890
     0.000     3.000     0.000     4.000     1.000    -0.997
     1.000     3.000     1.000     3.000     1.000    -0.101
     2.000     3.000     2.000     2.000     3.000     0.876
     2.000     3.000     3.000     4.000     2.000     0.885
     1.000     3.000     1.000     3.000     1.000    -0.101
     1.000     3.000     1.000     1.000     2.000     0.023
     0.000     4.000     3.000     4.000     2.000    -0.732
     1.000     3.000     1.000     1.000     3.000     0.081
     2.000     4.000     1.000     4.000     3.000     0.645
     1.000     3.000     0.000     4.000     1.000    -0.279
     1.000     3.000     1.000     3.000     1.000    -0.101
     1.000     2.000     1.000     3.000     3.000     0.193
     1.000     3.000     1.000     3.000     2.000    -0.034
     0.000     3.000     0.000     2.000     0.000    -1.024
     1.000     1.000     2.000     3.000     1.000     0.359
     0.000     2.000     0.000     2.000     0.000    -0.864
     0.000     4.000     3.000     2.000     4.000    -0.624
     1.000     4.000     0.000     3.000     2.000    -0.355
     1.000     2.000     1.000     3.000     2.000     0.140
     3.000     1.000     3.000     3.000     2.000     1.678
     1.000     2.000     1.000     4.000     2.000     0.109
     0.000     4.000     0.000     4.000     4.000    -1.041
     1.000     1.000     1.000     3.000     1.000     0.233
     0.000     4.000     1.000     4.000     2.000    -0.971
     0.000     4.000     0.000     2.000     1.000    -1.216
     1.000     2.000     1.000     4.000     2.000     0.109
     1.000     2.000     3.000     3.000     3.000     0.421
     1.000     4.000     1.000     2.000     4.000    -0.090
     1.000     4.000     0.000     4.000     2.000    -0.377
     0.000     4.000     0.000     4.000     1.000    -1.326
     1.000     1.000     1.000     3.000     1.000     0.233
     0.000     4.000     2.000     3.000     0.000    -0.933
     2.000     2.000     2.000     2.000     2.000     0.947
     1.000     3.000     2.000     1.000     2.000     0.179
     1.000     2.000     1.000     3.000     1.000     0.072
     0.000     3.000     2.000     3.000     1.000    -0.706
     1.000     3.000     2.000     3.000     1.000     0.056
     1.000     2.000     1.000     4.000     2.000     0.109
     2.000     2.000     1.000     4.000     3.000     0.851
     2.000     1.000     2.000     1.000     2.000     1.073
     2.000     3.000     2.000     2.000     2.000     0.842
     1.000     3.000     2.000     3.000     1.000     0.056
     1.000     3.000     1.000     3.000     0.000    -0.178
     0.000     3.000     2.000     2.000     2.000    -0.647
     1.000     3.000     1.000     1.000     1.000    -0.046
     1.000     3.000     1.000     3.000     1.000    -0.101
     1.000     2.000     2.000     1.000     1.000     0.270
     2.000     2.000     1.000     3.000     2.000     0.836
     1.000     3.000     1.000     3.000     2.000    -0.034
     1.000     2.000     1.000     3.000     1.000     0.072
     1.000     3.000     2.000     2.000     3.000     0.204
     3.000     1.000     3.000     1.000     1.000     1.673
     2.000     3.000     4.000     4.000     0.000     0.864
     1.000     3.000     1.000     3.000     1.000    -0.101
     1.000     2.000     3.000     3.000     2.000     0.382
     1.000     3.000     1.000     4.000     0.000    -0.205
     1.000     3.000     1.000     3.000     1.000    -0.101
     1.000     3.000     2.000     4.000     3.000     0.149
     2.000     2.000     2.000     2.000     0.000     0.853
     0.000     3.000     2.000     2.000     3.000    -0.614
     2.000     4.000     3.000     3.000     1.000     0.751
     1.000     2.000     2.000     2.000     1.000     0.246
     1.000     2.000     0.000     3.000     1.000    -0.105
     2.000     4.000     3.000     3.000     2.000     0.790
     2.000     1.000     2.000     3.000     3.000     1.072
     0.000     4.000     2.000     2.000     1.000    -0.839
     1.000     2.000     1.000     3.000     2.000     0.140
     1.000     2.000     2.000     4.000     2.000     0.254
     1.000     2.000     2.000     3.000     3.000     0.325
     0.000     4.000     2.000     2.000     2.000    -0.787
     2.000     2.000     2.000     3.000     3.000     0.965
     0.000     4.000     1.000     4.000     1.000    -1.046
     0.000     4.000     1.000     4.000     2.000    -0.971
     0.000     3.000     2.000     3.000     1.000    -0.706
     1.000     3.000     2.000     1.000     1.000     0.113
     4.000     2.000     0.000     3.000     2.000     1.884
     2.000     3.000     4.000     3.000     3.000     1.014
     0.000     2.000     0.000     4.000     2.000    -0.792
     0.000     4.000     0.000     4.000     1.000    -1.326
     2.000     4.000     0.000     3.000     1.000     0.505
     0.000     4.000     1.000     3.000     1.000    -1.010
     2.000     1.000     2.000     4.000     0.000     0.921
     4.000     3.000     3.000     3.000     3.000     2.051
     1.000     1.000     0.000     3.000     1.000     0.064
     2.000     1.000     3.000     1.000     3.000     1.189
     1.000     4.000     1.000     3.000     2.000    -0.220
     1.000     2.000     1.000     2.000     2.000     0.166
     1.000     4.000     0.000     2.000     1.000    -0.384
     0.000     3.000     1.000     3.000     2.000    -0.767
     2.000     2.000     2.000     4.000     1.000     0.869
     1.000     2.000     1.000     2.000     1.000     0.099
     0.000     4.000     1.000     0.000     1.000    -0.926
     1.000     4.000     3.000     3.000     1.000    -0.010
     2.000     1.000     2.000     4.000     2.000     1.017
     2.000     2.000     2.000     2.000     1.000     0.905
     1.000     3.000     1.000     2.000     2.000    -0.006
     2.000     1.000     2.000     3.000     2.000     1.037
     1.000     3.000     0.000     2.000     1.000    -0.233
     0.000     4.000     1.000     1.000     3.000    -0.844
     1.000     4.000     1.000     3.000     2.000    -0.220
     3.000     4.000     2.000     3.000     1.000     1.324
     1.000     3.000     1.000     4.000     2.000    -0.065
     1.000     3.000     1.000     1.000     1.000    -0.046
     0.000     4.000     0.000     4.000     0.000    -1.521
     0.000     4.000     0.000     4.000     4.000    -1.041
     1.000     3.000     1.000     3.000     2.000    -0.034
     1.000     3.000     2.000     3.000     3.000     0.179
     1.000     2.000     0.000     2.000     1.000    -0.079
     0.000     4.000     0.000     2.000     1.000    -1.216
     0.000     4.000     1.000     3.000     1.000    -1.010
     1.000     1.000     1.000     2.000     1.000     0.257
     0.000     3.000     2.000     2.000     3.000    -0.614
     0.000     4.000     1.000     2.000     2.000    -0.915
     1.000     2.000     1.000     2.000     1.000     0.099
     1.000     4.000     1.000     2.000     1.000    -0.254
     0.000     4.000     0.000     2.000     2.000    -1.110
     2.000     2.000     2.000     4.000     2.000     0.911
     3.000     3.000     1.000     3.000     3.000     1.399
     1.000     3.000     2.000     3.000     3.000     0.179
     2.000     3.000     2.000     3.000     1.000     0.786
     2.000     2.000     1.000     1.000     2.000     0.870
     1.000     4.000     1.000     2.000     1.000    -0.254
     1.000     2.000     1.000     2.000     2.000     0.166
     3.000     2.000     2.000     2.000     2.000     1.543
     0.000     4.000     1.000     3.000     1.000    -1.010
     2.000     3.000     3.000     3.000     2.000     0.904
     0.000     3.000     1.000     3.000     2.000    -0.767
     1.000     4.000     1.000     3.000     1.000    -0.276
     2.000     2.000     3.000     2.000     2.000     1.029
     1.000     1.000     1.000     2.000     3.000     0.356
     2.000     4.000     1.000     2.000     2.000     0.646
     0.000     4.000     2.000     3.000     1.000    -0.860
     2.000     3.000     3.000     2.000     2.000     0.921
     1.000     3.000     1.000     1.000     3.000     0.081
     1.000     4.000     1.000     2.000     2.000    -0.197
     1.000     3.000     1.000     3.000     2.000    -0.034
     1.000     2.000     2.000     2.000     1.000     0.246
     0.000     4.000     0.000     2.000     4.000    -0.977
     0.000     4.000     1.000     2.000     1.000    -0.982
     2.000     2.000     2.000     3.000     1.000     0.888
     1.000     4.000     0.000     4.000     2.000    -0.377
     1.000     3.000     1.000     1.000     1.000    -0.046
     1.000     3.000     2.000     2.000     1.000     0.084
     1.000     3.000     1.000     3.000     1.000    -0.101
     1.000     3.000     2.000     2.000     0.000    -0.002
     1.000     2.000     1.000     3.000     1.000     0.072
     0.000     3.000     0.000     3.000     2.000    -0.903
     0.000     3.000     0.000     1.000     0.000    -0.994
     2.000     1.000     4.000     4.000     3.000     1.210
     1.000     3.000     1.000     2.000     1.000    -0.075
     1.000     3.000     1.000     2.000     1.000    -0.075
     1.000     3.000     2.000     2.000     3.000     0.204
     1.000     2.000     1.000     3.000     2.000     0.140
     2.000     3.000     1.000     3.000     3.000     0.769
     1.000     1.000     1.000     3.000     2.000     0.291
     0.000     2.000     1.000     3.000     2.000    -0.656
     1.000     3.000     1.000     3.000     1.000    -0.101
     1.000     3.000     1.000     2.000     1.000    -0.075
     1.000     3.000     2.000     3.000     2.000     0.125
     0.000     3.000     1.000     2.000     3.000    -0.711
     3.000     2.000     1.000     2.000     2.000     1.468
     0.000     4.000     0.000     4.000     1.000    -1.326
     2.000     2.000     2.000     3.000     2.000     0.930
