     3.000     1.000     1.000     2.000     2.000    -0.113
     0.000     0.000     0.000     1.000     1.000    -0.928
     2.000     3.000     3.000     3.000     3.000     0.555
     0.000     3.000     3.000     3.000     0.000     0.122
     2.000     1.000     1.000     2.000     0.000    -0.407
     2.000     1.000     1.000     2.000     0.000    -0.407
     1.000     0.000     1.000     2.000     1.000    -0.516
     2.000     1.000     1.000     2.000     2.000    -0.190
     0.000     2.000     4.000     3.000     0.000     0.130
     1.000     1.000     1.000     2.000     0.000    -0.487
     1.000     1.000     1.000     1.000     0.000    -0.573
     2.000     3.000     2.000     2.000     2.000     0.258
     3.000     2.000     2.000     1.000     3.000     0.198
     2.000     3.000     3.000     3.000     1.000     0.394
     2.000     1.000     2.000     2.000     1.000    -0.109
     3.000     2.000     3.000     3.000     3.000     0.503
     2.000     2.000     2.000     3.000     2.000     0.203
     4.000     2.000     2.000     4.000     1.000     0.370
     0.000     2.000     2.000     4.000     0.000    -0.081
     3.000     2.000     3.000     1.000     3.000     0.348
     3.000     3.000     2.000     4.000     3.000     0.585
     2.000     3.000     3.000     1.000     1.000     0.239
     2.000     3.000     1.000     0.000     0.000    -0.303
     4.000     4.000     4.000     4.000     4.000     1.317
     0.000     3.000     0.000     4.000     0.000    -0.319
     2.000     1.000     1.000     1.000     1.000    -0.370
     2.000     1.000     1.000     1.000     1.000    -0.370
     3.000     1.000     2.000     3.000     0.000    -0.071
     2.000     1.000     2.000     2.000     1.000    -0.109
     3.000     0.000     1.000     2.000     1.000    -0.360
     1.000     2.000     2.000     2.000     1.000    -0.044
     2.000     2.000     1.000     2.000     1.000    -0.143
     2.000     3.000     3.000     3.000     2.000     0.480
     1.000     2.000     4.000     3.000     4.000     0.601
     2.000     1.000     2.000     3.000     1.000    -0.032
     3.000     3.000     2.000     2.000     1.000     0.244
     3.000     3.000     3.000     3.000     1.000     0.468
     3.000     3.000     4.000     3.000     0.000     0.509
     0.000     0.000     2.000     2.000     1.000    -0.430
     0.000     2.000     4.000     1.000     0.000    -0.032
     1.000     2.000     2.000     2.000     1.000    -0.044
     1.000     1.000     1.000     1.000     1.000    -0.448
     2.000     4.000     2.000     3.000     2.000     0.462
     4.000     2.000     1.000     3.000     3.000     0.268
     1.000     2.000     1.000     2.000     0.000    -0.341
     2.000     2.000     2.000     2.000     2.000     0.125
     1.000     2.000     2.000     3.000     1.000     0.034
     1.000     2.000     1.000     2.000     1.000    -0.221
     4.000     4.000     3.000     4.000     2.000     0.876
     1.000     1.000     1.000     1.000     1.000    -0.448
     2.000     3.000     2.000     3.000     1.000     0.245
     1.000     1.000     1.000     1.000     0.000    -0.573
     0.000     2.000     2.000     2.000     1.000    -0.135
     0.000     2.000     1.000     3.000     1.000    -0.235
     2.000     1.000     2.000     0.000     3.000    -0.118
     0.000     2.000     1.000     3.000     1.000    -0.235
     3.000     0.000     1.000     3.000     1.000    -0.281
     2.000     3.000     1.000     2.000     3.000     0.164
     2.000     3.000     2.000     3.000     1.000     0.245
     3.000     1.000     1.000     3.000     0.000    -0.248
     1.000     1.000     1.000     2.000     0.000    -0.487
     2.000     1.000     2.000     2.000     2.000    -0.016
     2.000     2.000     1.000     1.000     2.000    -0.130
     2.000     4.000     3.000     0.000     3.000     0.433
     1.000     2.000     2.000     4.000     0.000     0.010
     2.000     2.000     0.000     2.000     2.000    -0.243
     0.000     1.000     0.000     0.000     1.000    -0.873
     1.000     2.000     2.000     2.000     1.000    -0.044
     2.000     3.000     2.000     3.000     2.000     0.335
     1.000     1.000     2.000     3.000     1.000    -0.109
     4.000     2.000     3.000     4.000     1.000     0.521
     1.000     1.000     2.000     4.000     1.000    -0.017
     3.000     1.000     1.000     3.000     1.000    -0.130
     2.000     3.000     2.000     1.000     1.000     0.088
     1.000     2.000     4.000     4.000     4.000     0.709
     2.000     1.000     1.000     2.000     1.000    -0.286
     3.000     2.000     2.000     4.000     4.000     0.548
     1.000     2.000     2.000     1.000     1.000    -0.126
     0.000     4.000     4.000     0.000     4.000     0.518
     2.000     1.000     2.000     2.000     2.000    -0.016
     1.000     1.000     2.000     1.000     1.000    -0.269
     1.000     2.000     0.000     4.000     1.000    -0.248
     0.000     2.000     0.000     2.000     1.000    -0.516
     3.000     2.000     2.000     2.000     2.000     0.201
     3.000     2.000     3.000     4.000     3.000     0.601
     1.000     1.000     1.000     2.000     2.000    -0.267
     3.000     2.000     2.000     2.000     3.000     0.278
     2.000     2.000     2.000     3.000     3.000     0.280
     0.000     2.000     1.000     0.000     1.000    -0.504
     0.000     2.000     2.000     1.000     0.000    -0.339
     1.000     2.000     2.000     1.000     2.000    -0.033
     1.000     2.000     1.000     2.000     2.000    -0.125
     3.000     2.000     3.000     3.000     3.000     0.503
     3.000     3.000     2.000     4.000     1.000     0.417
     1.000     1.000     2.000     1.000     1.000    -0.269
     2.000     2.000     1.000     2.000     2.000    -0.048
     1.000     1.000     1.000     2.000     1.000    -0.364
     1.000     2.000     3.000     0.000     3.000     0.102
     1.000     2.000     2.000     3.000     1.000     0.034
     1.000     2.000     2.000     1.000     1.000    -0.126
     2.000     0.000     1.000     0.000     0.000    -0.758
     2.000     2.000     2.000     4.000     3.000     0.376
     0.000     1.000     1.000     3.000     0.000    -0.506
     2.000     3.000     2.000     1.000     2.000     0.178
     1.000     1.000     2.000     2.000     2.000    -0.093
     2.000     2.000     1.000     2.000     2.000    -0.048
     3.000     3.000     2.000     2.000     1.000     0.244
     0.000     3.000     0.000     2.000     0.000    -0.492
     0.000     3.000     3.000     1.000     3.000     0.244
     3.000     1.000     1.000     3.000     1.000    -0.130
     1.000     2.000     3.000     4.000     3.000     0.448
     4.000     3.000     3.000     3.000     0.000     0.441
     2.000     2.000     2.000     2.000     1.000     0.033
     2.000     3.000     2.000     2.000     2.000     0.258
     0.000     1.000     0.000     1.000     1.000    -0.758
     1.000     2.000     1.000     2.000     1.000    -0.221
     1.000     2.000     0.000     4.000     0.000    -0.369
     0.000     0.000     0.000     2.000     0.000    -0.983
     2.000     0.000     0.000     0.000     3.000    -0.649
     2.000     2.000     3.000     4.000     1.000     0.358
     0.000     1.000     2.000     2.000     0.000    -0.399
     0.000     1.000     1.000     3.000     1.000    -0.380
     1.000     2.000     1.000     2.000     2.000    -0.125
     2.000     3.000     4.000     2.000     2.000     0.556
     3.000     4.000     3.000     3.000     0.000     0.484
     4.000     3.000     4.000     4.000     4.000     1.128
     1.000     0.000     2.000     1.000     2.000    -0.323
     0.000     2.000     1.000     2.000     0.000    -0.438
     0.000     1.000     1.000     2.000     2.000    -0.361
     2.000     3.000     2.000     3.000     2.000     0.335
     1.000     1.000     3.000     1.000     1.000    -0.109
     1.000     2.000     3.000     2.000     2.000     0.201
     2.000     3.000     3.000     3.000     1.000     0.394
     3.000     3.000     1.000     4.000     3.000     0.412
     1.000     1.000     1.000     0.000     1.000    -0.551
     3.000     2.000     2.000     3.000     3.000     0.356
     2.000     3.000     3.000     3.000     4.000     0.648
     3.000     2.000     1.000     4.000     2.000     0.200
     2.000     1.000     0.000     1.000     0.000    -0.701
     3.000     2.000     2.000     3.000     1.000     0.188
     1.000     1.000     1.000     2.000     1.000    -0.364
     1.000     1.000     2.000     2.000     2.000    -0.093
     1.000     1.000     0.000     2.000     0.000    -0.694
     2.000     4.000     4.000     3.000     4.000     0.968
     2.000     2.000     2.000     2.000     2.000     0.125
     1.000     1.000     1.000     1.000     1.000    -0.448
     2.000     2.000     2.000     2.000     1.000     0.033
     1.000     2.000     1.000     1.000     1.000    -0.304
     2.000     2.000     1.000     2.000     0.000    -0.262
     1.000     1.000     3.000     1.000     4.000     0.145
     2.000     2.000     2.000     1.000     1.000    -0.049
     3.000     2.000     1.000     2.000     1.000    -0.065
     2.000     2.000     1.000     2.000     0.000    -0.262
     1.000     1.000     0.000     1.000     0.000    -0.786
     3.000     3.000     4.000     4.000     1.000     0.731
     2.000     3.000     1.000     3.000     1.000     0.074
     1.000     2.000     2.000     2.000     2.000     0.048
     3.000     3.000     1.000     2.000     1.000     0.072
     0.000     2.000     4.000     2.000     1.000     0.167
     0.000     0.000     0.000     0.000     0.000    -1.231
     2.000     2.000     3.000     2.000     2.000     0.276
     2.000     2.000     2.000     3.000     1.000     0.111
     1.000     4.000     3.000     1.000     4.000     0.544
     1.000     2.000     1.000     1.000     1.000    -0.304
     2.000     4.000     4.000     2.000     1.000     0.600
     1.000     1.000     0.000     3.000     1.000    -0.484
     2.000     2.000     2.000     3.000     1.000     0.111
     1.000     1.000     1.000     1.000     1.000    -0.448
     2.000     1.000     3.000     1.000     1.000    -0.033
     0.000     1.000     2.000     1.000     1.000    -0.362
     0.000     2.000     0.000     1.000     1.000    -0.604
     1.000     1.000     1.000     3.000     2.000    -0.190
     2.000     2.000     2.000     1.000     2.000     0.044
     3.000     3.000     2.000     3.000     3.000     0.486
     0.000     2.000     2.000     2.000     2.000    -0.040
     2.000     3.000     3.000     2.000     0.000     0.207
     0.000     2.000     0.000     1.000     2.000    -0.501
     4.000     4.000     0.000     3.000     2.000     0.253
     1.000     3.000     2.000     2.000     2.000     0.182
     0.000     4.000     0.000     4.000     4.000     0.190
     4.000     3.000     4.000     4.000     4.000     1.128
     3.000     2.000     1.000     2.000     1.000    -0.065
     1.000     2.000     1.000     1.000     0.000    -0.426
     1.000     2.000     1.000     1.000     2.000    -0.208
     1.000     2.000     2.000     2.000     2.000     0.048
     2.000     1.000     1.000     4.000     2.000    -0.021
     2.000     2.000     4.000     4.000     2.000     0.606
     2.000     1.000     2.000     2.000     2.000    -0.016
     0.000     1.000     2.000     2.000     1.000    -0.278
     3.000     3.000     1.000     2.000     1.000     0.072
     0.000     2.000     1.000     2.000     1.000    -0.314
     2.000     2.000     1.000     3.000     2.000     0.030
     2.000     1.000     2.000     3.000     1.000    -0.032
     0.000     4.000     4.000     3.000     2.000     0.605
     3.000     2.000     3.000     3.000     3.000     0.503
     1.000     3.000     2.000     3.000     3.000     0.335
     1.000     1.000     1.000     3.000     1.000    -0.285
     2.000     4.000     4.000     2.000     4.000     0.879
     0.000     0.000     0.000     1.000     0.000    -1.088
     2.000     2.000     1.000     2.000     1.000    -0.143
     4.000     4.000     3.000     4.000     1.000     0.787
     1.000     3.000     4.000     4.000     3.000     0.743
     3.000     2.000     1.000     3.000     0.000    -0.104
     2.000     3.000     4.000     3.000     3.000     0.716
     0.000     2.000     1.000     1.000     4.000    -0.134
     1.000     2.000     2.000     3.000     2.000     0.126
     2.000     2.000     2.000     4.000     1.000     0.205
     2.000     3.000     2.000     3.000     1.000     0.245
     2.000     3.000     1.000     3.000     3.000     0.241
     2.000     2.000     2.000     3.000     2.000     0.203
     1.000     1.000     1.000     3.000     1.000    -0.285
     0.000     0.000     0.000     0.000     0.000    -1.231
     0.000     1.000     0.000     1.000     1.000    -0.758
     0.000     2.000     2.000     1.000     0.000    -0.339
     1.000     4.000     2.000     4.000     4.000     0.659
     2.000     0.000     1.000     1.000     0.000    -0.649
     1.000     1.000     2.000     3.000     1.000    -0.109
     2.000     3.000     3.000     3.000     3.000     0.555
     2.000     1.000     2.000     3.000     2.000     0.061
     0.000     3.000     4.000     4.000     3.000     0.655
     1.000     1.000     1.000     1.000     1.000    -0.448
     3.000     1.000     2.000     2.000     1.000    -0.033
     4.000     2.000     4.000     1.000     1.000     0.416
     0.000     2.000     2.000     4.000     0.000    -0.081
     2.000     1.000     1.000     4.000     2.000    -0.021
     1.000     1.000     2.000     2.000     1.000    -0.186
     0.000     0.000     4.000     3.000     3.000     0.120
     0.000     0.000     0.000     2.000     2.000    -0.722
     1.000     2.000     1.000     1.000     1.000    -0.304
     0.000     2.000     4.000     1.000     0.000    -0.032
     2.000     3.000     3.000     3.000     3.000     0.555
     2.000     1.000     2.000     3.000     0.000    -0.148
     2.000     2.000     3.000     3.000     2.000     0.352
     3.000     1.000     1.000     1.000     1.000    -0.291
     3.000     1.000     2.000     2.000     2.000     0.059
     4.000     1.000     3.000     2.000     2.000     0.293
     1.000     3.000     3.000     2.000     3.000     0.405
     1.000     3.000     2.000     4.000     2.000     0.354
     1.000     2.000     1.000     3.000     0.000    -0.261
     1.000     1.000     0.000     1.000     1.000    -0.651
     0.000     4.000     2.000     2.000     0.000     0.015
     0.000     0.000     0.000     1.000     0.000    -1.088
     1.000     1.000     1.000     3.000     1.000    -0.285
     3.000     3.000     2.000     3.000     1.000     0.321
     1.000     3.000     3.000     4.000     3.000     0.578
     2.000     1.000     1.000     3.000     1.000    -0.207
     1.000     2.000     1.000     3.000     1.000    -0.142
     2.000     2.000     4.000     4.000     4.000     0.793
     3.000     3.000     4.000     3.000     4.000     0.900
     3.000     3.000     2.000     3.000     4.000     0.579
     0.000     4.000     3.000     4.000     0.000     0.343
     1.000     1.000     1.000     1.000     2.000    -0.350
     1.000     3.000     2.000     3.000     1.000     0.169
     2.000     2.000     1.000     1.000     0.000    -0.346
     1.000     2.000     1.000     2.000     1.000    -0.221
     3.000     3.000     3.000     2.000     2.000     0.478
     1.000     1.000     0.000     2.000     1.000    -0.563
     2.000     3.000     4.000     3.000     4.000     0.818
     3.000     2.000     4.000     3.000     2.000     0.582
     1.000     3.000     4.000     2.000     4.000     0.654
     1.000     1.000     1.000     3.000     2.000    -0.190
     2.000     2.000     2.000     4.000     3.000     0.376
     4.000     3.000     4.000     3.000     3.000     0.888
     0.000     2.000     1.000     2.000     0.000    -0.438
     0.000     1.000     2.000     3.000     1.000    -0.200
     3.000     3.000     3.000     4.000     2.000     0.652
     3.000     2.000     3.000     3.000     2.000     0.427
     2.000     2.000     2.000     2.000     0.000    -0.083
     3.000     2.000     1.000     3.000     3.000     0.184
     1.000     1.000     1.000     2.000     2.000    -0.267
     2.000     2.000     2.000     3.000     1.000     0.111
     0.000     2.000     2.000     1.000     1.000    -0.218
     1.000     3.000     1.000     1.000     3.000     0.008
     2.000     4.000     2.000     2.000     2.000     0.384
     2.000     1.000     3.000     3.000     2.000     0.212
     1.000     2.000     0.000     2.000     3.000    -0.242
     1.000     1.000     0.000     1.000     1.000    -0.651
     0.000     0.000     1.000     0.000     0.000    -0.956
     1.000     0.000     0.000     0.000     0.000    -1.086
     2.000     1.000     3.000     4.000     2.000     0.305
     1.000     2.000     2.000     1.000     2.000    -0.033
     1.000     1.000     1.000     1.000     0.000    -0.573
     1.000     2.000     2.000     2.000     2.000     0.048
     3.000     2.000     3.000     1.000     3.000     0.348
     4.000     1.000     4.000     4.000     3.000     0.706
     4.000     4.000     4.000     3.000     3.000     1.041
     2.000     2.000     2.000     2.000     2.000     0.125
     0.000     2.000     2.000     3.000     2.000     0.038
     3.000     2.000     1.000     3.000     1.000     0.014
     0.000     3.000     3.000     1.000     1.000     0.079
     3.000     2.000     3.000     3.000     3.000     0.503
     1.000     4.000     2.000     3.000     1.000     0.296
     1.000     1.000     2.000     2.000     1.000    -0.186
     2.000     2.000     2.000     1.000     2.000     0.044
     3.000     2.000     2.000     4.000     2.000     0.375
     2.000     2.000     1.000     1.000     3.000    -0.052
     4.000     2.000     3.000     4.000     1.000     0.521
     3.000     2.000     1.000     1.000     1.000    -0.148
     2.000     1.000     4.000     4.000     3.000     0.535
     2.000     2.000     2.000     2.000     3.000     0.202
     1.000     2.000     3.000     3.000     3.000     0.353
     2.000     0.000     2.000     0.000     4.000    -0.182
     0.000     2.000     0.000     4.000     1.000    -0.343
     2.000     2.000     1.000     1.000     2.000    -0.130
     3.000     3.000     1.000     3.000     3.000     0.317
     1.000     1.000     1.000     1.000     1.000    -0.448
     0.000     2.000     0.000     0.000     1.000    -0.714
     3.000     2.000     3.000     2.000     2.000     0.351
     2.000     2.000     2.000     2.000     1.000     0.033
     0.000     1.000     1.000     2.000     4.000    -0.195
     3.000     2.000     1.000     3.000     1.000     0.014
     2.000     3.000     2.000     3.000     3.000     0.411
     1.000     2.000     3.000     1.000     2.000     0.122
     2.000     2.000     2.000     3.000     2.000     0.203
     3.000     2.000     3.000     4.000     2.000     0.524
     1.000     3.000     3.000     2.000     1.000     0.243
     1.000     3.000     3.000     4.000     2.000     0.501
     2.000     2.000     2.000     2.000     3.000     0.202
     3.000     1.000     2.000     4.000     4.000     0.400
     1.000     1.000     0.000     2.000     1.000    -0.563
     1.000     2.000     2.000     1.000     1.000    -0.126
     2.000     2.000     2.000     1.000     2.000     0.044
     0.000     2.000     1.000     0.000     1.000    -0.504
     1.000     3.000     3.000     2.000     2.000     0.330
     0.000     1.000     1.000     1.000     2.000    -0.446
     1.000     0.000     2.000     0.000     1.000    -0.520
     2.000     2.000     3.000     2.000     3.000     0.352
     1.000     2.000     2.000     2.000     2.000     0.048
     2.000     1.000     3.000     1.000     0.000    -0.147
     2.000     1.000     1.000     3.000     2.000    -0.112
     3.000     2.000     2.000     2.000     2.000     0.201
     2.000     2.000     3.000     3.000     3.000     0.428
     1.000     1.000     2.000     1.000     1.000    -0.269
     2.000     2.000     2.000     1.000     3.000     0.122
     2.000     3.000     2.000     2.000     2.000     0.258
     0.000     2.000     2.000     4.000     2.000     0.132
     0.000     2.000     1.000     0.000     0.000    -0.633
     2.000     2.000     2.000     1.000     1.000    -0.049
     1.000     2.000     0.000     3.000     1.000    -0.339
     2.000     2.000     1.000     1.000     1.000    -0.226
     0.000     2.000     2.000     0.000     3.000    -0.143
     1.000     1.000     1.000     1.000     1.000    -0.448
     1.000     2.000     1.000     1.000     2.000    -0.208
     1.000     1.000     1.000     4.000     2.000    -0.099
     3.000     2.000     3.000     2.000     2.000     0.351
     0.000     0.000     0.000     0.000     0.000    -1.231
     1.000     1.000     4.000     3.000     0.000     0.075
     2.000     2.000     1.000     0.000     0.000    -0.450
     0.000     2.000     1.000     1.000     1.000    -0.400
     1.000     2.000     2.000     2.000     2.000     0.048
     0.000     1.000     1.000     1.000     1.000    -0.547
     2.000     3.000     1.000     4.000     1.000     0.167
     1.000     2.000     2.000     1.000     3.000     0.045
     1.000     1.000     1.000     2.000     1.000    -0.364
     1.000     1.000     0.000     1.000     0.000    -0.786
     1.000     1.000     2.000     2.000     2.000    -0.093
     1.000     2.000     1.000     3.000     2.000    -0.047
     2.000     1.000     0.000     3.000     1.000    -0.404
     1.000     1.000     1.000     2.000     1.000    -0.364
     3.000     2.000     1.000     1.000     0.000    -0.267
     2.000     2.000     2.000     1.000     1.000    -0.049
