     3.000     3.000     3.000     4.000     3.000     0.743
     3.000     3.000     4.000     2.000     3.000     0.534
     2.000     0.000     2.000     2.000     1.000    -1.039
     2.000     1.000     2.000     2.000     1.000    -0.881
     4.000     4.000     3.000     4.000     3.000     1.362
     3.000     3.000     3.000     2.000     3.000     0.383
     3.000     3.000     3.000     3.000     3.000     0.556
     1.000     2.000     1.000     2.000     2.000    -1.029
     4.000     4.000     4.000     4.000     3.000     1.567
     4.000     3.000     4.000     4.000     3.000     1.289
     3.000     4.000     3.000     3.000     3.000     0.769
     3.000     2.000     2.000     2.000     2.000    -0.132
     3.000     3.000     3.000     3.000     2.000     0.386
     2.000     2.000     1.000     3.000     1.000    -0.646
     3.000     3.000     3.000     3.000     3.000     0.556
     2.000     3.000     2.000     3.000     1.000    -0.283
     3.000     3.000     2.000     3.000     2.000     0.247
     2.000     1.000     3.000     3.000     3.000    -0.210
     2.000     2.000     2.000     4.000     2.000    -0.142
     3.000     4.000     2.000     3.000     4.000     0.809
     2.000     0.000     2.000     3.000     1.000    -0.850
     3.000     2.000     2.000     4.000     3.000     0.392
     1.000     2.000     1.000     1.000     1.000    -1.370
     1.000     1.000     2.000     1.000     1.000    -1.404
     2.000     0.000     2.000     0.000     2.000    -1.240
     4.000     4.000     3.000     4.000     3.000     1.362
     2.000     3.000     2.000     2.000     3.000    -0.113
     3.000     3.000     4.000     3.000     3.000     0.708
     2.000     3.000     2.000     2.000     1.000    -0.466
     2.000     2.000     4.000     3.000     3.000     0.148
     2.000     2.000     2.000     2.000     3.000    -0.331
     2.000     2.000     2.000     2.000     2.000    -0.512
     2.000     3.000     2.000     3.000     1.000    -0.283
     4.000     4.000     4.000     4.000     4.000     1.828
     2.000     1.000     2.000     2.000     2.000    -0.711
     2.000     3.000     3.000     3.000     2.000     0.035
     1.000     1.000     1.000     1.000     2.000    -1.378
     3.000     3.000     2.000     2.000     2.000     0.074
     4.000     1.000     2.000     1.000     2.000    -0.142
     0.000     0.000     0.000     3.000     0.000    -1.990
     2.000     2.000     3.000     2.000     2.000    -0.362
     3.000     4.000     3.000     3.000     3.000     0.769
     1.000     4.000     4.000     4.000     2.000     0.129
     1.000     2.000     2.000     2.000     1.000    -1.056
     2.000     2.000     4.000     2.000     4.000     0.155
     2.000     2.000     2.000     2.000     2.000    -0.512
     2.000     2.000     2.000     2.000     1.000    -0.688
     3.000     3.000     3.000     3.000     3.000     0.556
     1.000     1.000     1.000     1.000     0.000    -1.696
     2.000     3.000     3.000     2.000     3.000     0.031
     2.000     3.000     2.000     2.000     2.000    -0.290
     2.000     2.000     1.000     2.000     2.000    -0.661
     2.000     2.000     2.000     4.000     3.000     0.035
     3.000     4.000     2.000     3.000     3.000     0.627
     1.000     2.000     4.000     2.000     4.000    -0.266
     4.000     4.000     4.000     4.000     4.000     1.828
     2.000     1.000     4.000     3.000     3.000    -0.063
     3.000     2.000     1.000     2.000     3.000    -0.106
     1.000     2.000     2.000     1.000     2.000    -1.075
     1.000     2.000     2.000     3.000     2.000    -0.713
     3.000     3.000     3.000     4.000     3.000     0.743
     2.000     2.000     3.000     2.000     2.000    -0.362
     1.000     1.000     3.000     1.000     2.000    -1.108
     3.000     3.000     3.000     3.000     3.000     0.556
     2.000     2.000     1.000     2.000     2.000    -0.661
     2.000     2.000     3.000     3.000     3.000    -0.002
     4.000     2.000     2.000     4.000     2.000     0.584
     4.000     4.000     4.000     4.000     4.000     1.828
     2.000     2.000     2.000     2.000     2.000    -0.512
     1.000     1.000     3.000     2.000     2.000    -0.931
     4.000     4.000     3.000     0.000     3.000     0.568
     2.000     2.000     3.000     3.000     3.000    -0.002
     4.000     2.000     3.000     4.000     0.000     0.383
     4.000     4.000     3.000     4.000     3.000     1.362
     2.000     3.000     0.000     2.000     2.000    -0.573
     3.000     1.000     3.000     2.000     1.000    -0.356
     2.000     2.000     1.000     3.000     1.000    -0.646
     3.000     3.000     4.000     3.000     4.000     0.890
     4.000     2.000     4.000     4.000     4.000     1.261
     2.000     2.000     3.000     2.000     1.000    -0.539
     3.000     2.000     3.000     3.000     3.000     0.351
     2.000     2.000     2.000     1.000     2.000    -0.711
     4.000     4.000     3.000     4.000     1.000     0.969
     3.000     2.000     2.000     3.000     1.000    -0.127
     3.000     3.000     2.000     2.000     3.000     0.243
     3.000     2.000     3.000     3.000     3.000     0.351
     2.000     2.000     2.000     2.000     1.000    -0.688
     2.000     2.000     3.000     2.000     2.000    -0.362
     4.000     4.000     4.000     4.000     2.000     1.350
     3.000     4.000     3.000     2.000     3.000     0.595
     3.000     3.000     3.000     4.000     3.000     0.743
     2.000     0.000     3.000     3.000     2.000    -0.533
     3.000     0.000     3.000     3.000     2.000    -0.162
     1.000     1.000     2.000     2.000     1.000    -1.229
     3.000     2.000     3.000     3.000     2.000     0.182
     2.000     3.000     2.000     2.000     2.000    -0.290
     3.000     3.000     2.000     3.000     2.000     0.247
     1.000     3.000     4.000     3.000     0.000    -0.552
     2.000     2.000     3.000     1.000     3.000    -0.384
     2.000     2.000     2.000     2.000     2.000    -0.512
     3.000     3.000     1.000     4.000     3.000     0.449
     3.000     2.000     1.000     0.000     3.000    -0.467
     1.000     3.000     3.000     3.000     2.000    -0.374
     2.000     2.000     1.000     3.000     2.000    -0.473
     2.000     2.000     3.000     3.000     2.000    -0.177
     3.000     2.000     2.000     2.000     2.000    -0.132
     2.000     2.000     3.000     2.000     2.000    -0.362
     3.000     4.000     2.000     3.000     4.000     0.809
     2.000     3.000     4.000     2.000     2.000     0.006
     2.000     1.000     2.000     2.000     2.000    -0.711
     3.000     4.000     2.000     4.000     3.000     0.818
     0.000     0.000     0.000     2.000     2.000    -1.851
     2.000     2.000     1.000     2.000     2.000    -0.661
     1.000     2.000     2.000     3.000     2.000    -0.713
     3.000     3.000     3.000     3.000     3.000     0.556
     1.000     2.000     3.000     2.000     2.000    -0.752
     4.000     4.000     2.000     4.000     4.000     1.412
     1.000     2.000     2.000     1.000     2.000    -1.075
     2.000     1.000     2.000     1.000     2.000    -0.902
     2.000     2.000     3.000     2.000     2.000    -0.362
     3.000     3.000     3.000     3.000     3.000     0.556
     3.000     1.000     4.000     3.000     2.000     0.118
     3.000     3.000     3.000     4.000     3.000     0.743
     4.000     2.000     4.000     3.000     3.000     0.861
     2.000     2.000     2.000     2.000     2.000    -0.512
     1.000     3.000     2.000     4.000     2.000    -0.342
     3.000     1.000     3.000     3.000     3.000     0.141
     4.000     2.000     4.000     4.000     4.000     1.261
     2.000     1.000     2.000     2.000     1.000    -0.881
     4.000     4.000     4.000     4.000     1.000     1.138
     2.000     2.000     1.000     2.000     3.000    -0.480
     3.000     2.000     2.000     3.000     2.000     0.042
     3.000     3.000     4.000     3.000     2.000     0.536
     2.000     3.000     2.000     2.000     0.000    -0.638
     3.000     4.000     3.000     4.000     4.000     1.155
     2.000     1.000     3.000     2.000     1.000    -0.736
     2.000     1.000     3.000     3.000     1.000    -0.553
     3.000     3.000     3.000     2.000     3.000     0.383
     4.000     4.000     4.000     3.000     3.000     1.311
     2.000     2.000     2.000     2.000     2.000    -0.512
     3.000     3.000     3.000     3.000     2.000     0.386
     3.000     2.000     3.000     3.000     3.000     0.351
     4.000     4.000     3.000     4.000     3.000     1.362
     3.000     2.000     3.000     3.000     1.000     0.011
     3.000     2.000     2.000     3.000     3.000     0.211
     2.000     3.000     3.000     3.000     3.000     0.206
     2.000     3.000     2.000     3.000     2.000    -0.108
     3.000     3.000     3.000     3.000     3.000     0.556
     0.000     1.000     2.000     1.000     1.000    -1.740
     2.000     4.000     3.000     3.000     3.000     0.415
     2.000     2.000     1.000     2.000     1.000    -0.835
     3.000     2.000     2.000     2.000     2.000    -0.132
     3.000     3.000     3.000     3.000     2.000     0.386
     3.000     2.000     3.000     3.000     3.000     0.351
     2.000     3.000     2.000     4.000     3.000     0.245
     2.000     4.000     2.000     1.000     2.000    -0.272
     2.000     2.000     4.000     2.000     1.000    -0.387
     2.000     3.000     2.000     2.000     2.000    -0.290
     3.000     3.000     3.000     4.000     3.000     0.743
     4.000     3.000     3.000     4.000     4.000     1.312
     2.000     2.000     2.000     2.000     1.000    -0.688
     1.000     2.000     1.000     2.000     1.000    -1.191
     4.000     3.000     1.000     4.000     3.000     0.809
     3.000     3.000     3.000     3.000     3.000     0.556
     2.000     2.000     3.000     3.000     3.000    -0.002
     3.000     2.000     4.000     2.000     3.000     0.327
     2.000     3.000     2.000     3.000     2.000    -0.108
     3.000     2.000     4.000     4.000     3.000     0.689
     2.000     3.000     2.000     2.000     1.000    -0.466
     2.000     3.000     2.000     3.000     2.000    -0.108
     4.000     2.000     3.000     4.000     4.000     1.086
     3.000     3.000     3.000     4.000     2.000     0.569
     2.000     2.000     2.000     2.000     2.000    -0.512
     3.000     3.000     3.000     3.000     3.000     0.556
     2.000     2.000     4.000     3.000     1.000    -0.203
     3.000     3.000     2.000     3.000     3.000     0.416
     1.000     0.000     0.000     2.000     2.000    -1.497
     4.000     4.000     4.000     4.000     4.000     1.828
     4.000     3.000     4.000     3.000     4.000     1.264
     0.000     0.000     1.000     4.000     2.000    -1.353
     3.000     1.000     4.000     3.000     2.000     0.118
     3.000     4.000     2.000     2.000     3.000     0.454
     2.000     2.000     3.000     3.000     3.000    -0.002
     1.000     2.000     3.000     2.000     2.000    -0.752
     2.000     2.000     2.000     2.000     3.000    -0.331
     2.000     2.000     3.000     3.000     3.000    -0.002
     3.000     2.000     2.000     2.000     1.000    -0.300
     2.000     1.000     3.000     2.000     2.000    -0.565
     2.000     2.000     2.000     4.000     2.000    -0.142
     3.000     3.000     3.000     3.000     3.000     0.556
     3.000     4.000     3.000     3.000     2.000     0.597
     2.000     0.000     1.000     1.000     2.000    -1.199
     2.000     3.000     3.000     2.000     1.000    -0.320
     0.000     0.000     2.000     2.000     1.000    -1.741
     3.000     3.000     2.000     4.000     2.000     0.427
     3.000     3.000     3.000     3.000     2.000     0.386
     2.000     1.000     4.000     2.000     2.000    -0.416
     4.000     4.000     4.000     4.000     4.000     1.828
     3.000     2.000     4.000     4.000     3.000     0.689
     2.000     3.000     3.000     2.000     2.000    -0.144
     1.000     0.000     1.000     2.000     0.000    -1.695
     3.000     3.000     2.000     4.000     3.000     0.600
     1.000     2.000     1.000     1.000     1.000    -1.370
     1.000     2.000     4.000     1.000     2.000    -0.793
     3.000     1.000     3.000     3.000     3.000     0.141
     2.000     3.000     3.000     3.000     3.000     0.206
     2.000     3.000     2.000     3.000     2.000    -0.108
     2.000     3.000     2.000     4.000     1.000    -0.104
     2.000     2.000     3.000     3.000     2.000    -0.177
     3.000     3.000     2.000     2.000     1.000    -0.096
     3.000     3.000     3.000     3.000     3.000     0.556
     2.000     2.000     4.000     2.000     2.000    -0.209
     3.000     2.000     2.000     3.000     2.000     0.042
     3.000     4.000     4.000     2.000     2.000     0.575
     4.000     4.000     4.000     4.000     2.000     1.350
     2.000     2.000     1.000     2.000     3.000    -0.480
     2.000     2.000     3.000     2.000     2.000    -0.362
     2.000     2.000     3.000     3.000     2.000    -0.177
     2.000     0.000     2.000     2.000     1.000    -1.039
     1.000     4.000     4.000     3.000     4.000     0.292
     2.000     2.000     3.000     2.000     3.000    -0.183
     2.000     3.000     3.000     2.000     2.000    -0.144
     3.000     3.000     4.000     2.000     4.000     0.716
     2.000     3.000     2.000     3.000     2.000    -0.108
     3.000     3.000     2.000     4.000     3.000     0.600
     2.000     2.000     2.000     3.000     2.000    -0.324
     4.000     4.000     4.000     4.000     3.000     1.567
     2.000     2.000     3.000     2.000     2.000    -0.362
     2.000     2.000     4.000     3.000     2.000    -0.027
     2.000     1.000     3.000     4.000     3.000    -0.034
     3.000     2.000     2.000     2.000     2.000    -0.132
     2.000     2.000     4.000     3.000     2.000    -0.027
     3.000     3.000     2.000     2.000     2.000     0.074
     4.000     4.000     3.000     3.000     3.000     1.136
     3.000     3.000     3.000     3.000     3.000     0.556
     2.000     2.000     2.000     2.000     1.000    -0.688
     1.000     2.000     2.000     2.000     1.000    -1.056
     2.000     2.000     2.000     1.000     2.000    -0.711
     4.000     4.000     4.000     4.000     3.000     1.567
     3.000     3.000     2.000     3.000     2.000     0.247
     3.000     2.000     4.000     4.000     2.000     0.514
     4.000     4.000     4.000     4.000     3.000     1.567
     3.000     2.000     3.000     3.000     2.000     0.182
     2.000     3.000     3.000     2.000     2.000    -0.144
     3.000     2.000     3.000     3.000     2.000     0.182
     2.000     3.000     1.000     3.000     3.000    -0.082
     2.000     4.000     3.000     3.000     2.000     0.246
     1.000     2.000     4.000     2.000     2.000    -0.610
     3.000     3.000     2.000     3.000     2.000     0.247
     2.000     2.000     1.000     3.000     2.000    -0.473
     3.000     3.000     3.000     4.000     4.000     0.927
     3.000     3.000     3.000     2.000     2.000     0.214
     2.000     2.000     3.000     2.000     2.000    -0.362
     3.000     3.000     3.000     3.000     3.000     0.556
     2.000     3.000     3.000     3.000     3.000     0.206
     4.000     4.000     3.000     3.000     3.000     1.136
     2.000     1.000     3.000     1.000     2.000    -0.757
     4.000     4.000     4.000     4.000     3.000     1.567
     2.000     4.000     3.000     3.000     3.000     0.415
     3.000     2.000     2.000     4.000     3.000     0.392
     2.000     3.000     3.000     2.000     2.000    -0.144
     1.000     2.000     1.000     3.000     1.000    -1.009
     3.000     2.000     2.000     3.000     3.000     0.211
     2.000     2.000     2.000     2.000     3.000    -0.331
     2.000     2.000     2.000     3.000     2.000    -0.324
     2.000     3.000     2.000     4.000     2.000     0.072
     3.000     3.000     2.000     4.000     1.000     0.250
     2.000     2.000     2.000     2.000     2.000    -0.512
     2.000     3.000     2.000     3.000     1.000    -0.283
     3.000     3.000     2.000     3.000     4.000     0.595
     3.000     3.000     3.000     2.000     3.000     0.383
     3.000     3.000     3.000     3.000     2.000     0.386
     2.000     3.000     3.000     3.000     1.000    -0.139
     2.000     3.000     0.000     3.000     2.000    -0.388
     2.000     3.000     1.000     3.000     3.000    -0.082
     2.000     2.000     2.000     4.000     4.000     0.220
     3.000     3.000     3.000     2.000     2.000     0.214
     3.000     3.000     4.000     2.000     2.000     0.362
     2.000     3.000     2.000     2.000     3.000    -0.113
     1.000     1.000     1.000     1.000     1.000    -1.534
     2.000     2.000     3.000     2.000     2.000    -0.362
     3.000     3.000     3.000     3.000     3.000     0.556
     2.000     2.000     2.000     2.000     2.000    -0.512
     1.000     1.000     2.000     1.000     3.000    -1.078
     1.000     2.000     4.000     4.000     3.000    -0.105
     4.000     2.000     4.000     4.000     3.000     1.062
     2.000     3.000     3.000     3.000     2.000     0.035
     2.000     3.000     3.000     2.000     2.000    -0.144
     3.000     3.000     3.000     3.000     2.000     0.386
     3.000     3.000     3.000     3.000     3.000     0.556
     1.000     2.000     3.000     3.000     3.000    -0.411
     2.000     2.000     1.000     3.000     1.000    -0.646
     3.000     3.000     3.000     2.000     2.000     0.214
     2.000     2.000     2.000     2.000     3.000    -0.331
     3.000     2.000     3.000     1.000     2.000    -0.185
     3.000     3.000     2.000     3.000     3.000     0.416
     1.000     0.000     2.000     1.000     1.000    -1.571
     3.000     2.000     3.000     2.000     3.000     0.178
     2.000     2.000     2.000     1.000     1.000    -0.883
     3.000     2.000     3.000     3.000     3.000     0.351
     2.000     2.000     2.000     3.000     2.000    -0.324
     4.000     4.000     4.000     4.000     4.000     1.828
     4.000     0.000     4.000     4.000     0.000     0.186
     2.000     2.000     1.000     1.000     2.000    -0.856
     1.000     3.000     1.000     4.000     1.000    -0.636
     2.000     1.000     2.000     2.000     2.000    -0.711
     3.000     2.000     4.000     3.000     4.000     0.683
     3.000     2.000     3.000     2.000     1.000    -0.162
     2.000     2.000     3.000     2.000     3.000    -0.183
     3.000     2.000     3.000     4.000     3.000     0.534
     3.000     3.000     2.000     3.000     2.000     0.247
     1.000     2.000     1.000     2.000     3.000    -0.858
     2.000     2.000     2.000     1.000     1.000    -0.883
     4.000     3.000     4.000     3.000     2.000     0.895
     3.000     2.000     2.000     2.000     2.000    -0.132
     1.000     1.000     2.000     1.000     2.000    -1.247
     2.000     3.000     2.000     2.000     3.000    -0.113
     2.000     2.000     2.000     2.000     2.000    -0.512
     2.000     2.000     3.000     2.000     2.000    -0.362
     2.000     2.000     2.000     2.000     2.000    -0.512
     1.000     1.000     2.000     2.000     2.000    -1.070
     2.000     2.000     2.000     2.000     3.000    -0.331
     2.000     2.000     3.000     2.000     2.000    -0.362
     2.000     3.000     1.000     2.000     3.000    -0.262
     3.000     1.000     2.000     3.000     3.000     0.005
     3.000     3.000     3.000     2.000     2.000     0.214
     2.000     2.000     4.000     3.000     2.000    -0.027
     2.000     3.000     2.000     4.000     2.000     0.072
     2.000     1.000     2.000     2.000     2.000    -0.711
     3.000     2.000     2.000     3.000     3.000     0.211
     2.000     2.000     2.000     2.000     2.000    -0.512
     2.000     3.000     3.000     3.000     2.000     0.035
     3.000     3.000     3.000     2.000     3.000     0.383
     3.000     3.000     3.000     3.000     2.000     0.386
     3.000     3.000     2.000     2.000     2.000     0.074
     2.000     2.000     3.000     2.000     2.000    -0.362
     2.000     3.000     3.000     3.000     3.000     0.206
     2.000     2.000     3.000     2.000     2.000    -0.362
     3.000     2.000     3.000     4.000     4.000     0.718
     2.000     2.000     2.000     2.000     2.000    -0.512
     2.000     3.000     3.000     2.000     2.000    -0.144
     3.000     3.000     3.000     3.000     3.000     0.556
     4.000     4.000     3.000     4.000     2.000     1.165
     3.000     3.000     3.000     2.000     3.000     0.383
     3.000     1.000     3.000     2.000     3.000    -0.028
     3.000     4.000     4.000     1.000     3.000     0.541
     4.000     2.000     2.000     4.000     2.000     0.584
     2.000     3.000     4.000     3.000     3.000     0.354
     3.000     3.000     3.000     4.000     3.000     0.743
     3.000     2.000     3.000     3.000     2.000     0.182
     4.000     2.000     3.000     2.000     2.000     0.375
     2.000     2.000     2.000     1.000     2.000    -0.711
     3.000     3.000     2.000     3.000     2.000     0.247
     2.000     2.000     2.000     2.000     1.000    -0.688
     2.000     2.000     2.000     2.000     2.000    -0.512
     2.000     2.000     2.000     2.000     2.000    -0.512
     3.000     3.000     2.000     3.000     2.000     0.247
     2.000     3.000     2.000     3.000     4.000     0.247
     4.000     3.000     3.000     3.000     3.000     0.911
     3.000     3.000     4.000     4.000     3.000     0.901
     2.000     2.000     2.000     2.000     2.000    -0.512
