     4.000     4.000     3.000     4.000     1.000     0.779
     3.000     4.000     4.000     3.000     0.000     0.625
     3.000     3.000     3.000     1.000     0.000    -0.267
     4.000     4.000     3.000     3.000     0.000     0.662
     3.000     3.000     3.000     4.000     1.000     0.237
     3.000     4.000     2.000     3.000     3.000    -0.028
     3.000     4.000     3.000     3.000     0.000     0.423
     4.000     4.000     1.000     3.000     0.000     0.316
     4.000     4.000     3.000     3.000     0.000     0.662
     3.000     3.000     4.000     3.000     1.000     0.190
     3.000     3.000     3.000     3.000     1.000     0.024
     4.000     4.000     4.000     3.000     1.000     0.742
     3.000     3.000     3.000     3.000     1.000     0.024
     2.000     3.000     1.000     2.000     2.000    -0.756
     4.000     4.000     3.000     3.000     0.000     0.662
     1.000     3.000     3.000     2.000     2.000    -0.676
     2.000     3.000     3.000     3.000     2.000    -0.268
     3.000     4.000     4.000     4.000     1.000     0.743
     2.000     4.000     4.000     4.000     0.000     0.637
     3.000     4.000     3.000     3.000     1.000     0.300
     2.000     3.000     3.000     1.000     2.000    -0.655
     4.000     4.000     4.000     3.000     1.000     0.742
     3.000     3.000     3.000     3.000     1.000     0.024
     3.000     1.000     1.000     2.000     2.000    -0.999
     2.000     4.000     1.000     3.000     0.000    -0.103
     4.000     4.000     4.000     4.000     0.000     1.269
     1.000     3.000     3.000     1.000     1.000    -0.775
     2.000     3.000     3.000     4.000     1.000     0.041
     3.000     3.000     2.000     3.000     1.000    -0.125
     2.000     4.000     2.000     2.000     2.000    -0.349
     3.000     3.000     4.000     4.000     1.000     0.407
     2.000     2.000     2.000     3.000     2.000    -0.653
     1.000     3.000     1.000     1.000     0.000    -0.957
     4.000     4.000     4.000     4.000     0.000     1.269
     3.000     3.000     3.000     3.000     1.000     0.024
     3.000     3.000     3.000     3.000     1.000     0.024
     2.000     3.000     1.000     2.000     1.000    -0.668
     3.000     4.000     3.000     2.000     1.000     0.084
     4.000     4.000     4.000     4.000     0.000     1.269
     0.000     4.000     1.000     0.000     0.000    -1.108
     2.000     3.000     2.000     2.000     1.000    -0.522
     3.000     4.000     4.000     4.000     0.000     0.901
     4.000     4.000     2.000     2.000     4.000    -0.094
     3.000     3.000     3.000     3.000     1.000     0.024
     3.000     4.000     4.000     4.000     0.000     0.901
     2.000     2.000     2.000     2.000     2.000    -0.841
     2.000     2.000     3.000     1.000     2.000    -0.880
     3.000     4.000     3.000     3.000     1.000     0.300
     2.000     0.000     2.000     2.000     3.000    -1.382
     3.000     4.000     4.000     3.000     0.000     0.625
     2.000     2.000     2.000     2.000     2.000    -0.841
     1.000     2.000     2.000     2.000     1.000    -0.960
     3.000     4.000     2.000     2.000     1.000    -0.064
     3.000     3.000     2.000     3.000     1.000    -0.125
     2.000     2.000     4.000     4.000     4.000    -0.280
     4.000     4.000     4.000     4.000     0.000     1.269
     3.000     2.000     2.000     3.000     1.000    -0.371
     3.000     3.000     0.000     3.000     2.000    -0.511
     3.000     3.000     3.000     3.000     1.000     0.024
     2.000     2.000     1.000     2.000     2.000    -0.983
     3.000     4.000     4.000     4.000     0.000     0.901
     3.000     3.000     3.000     3.000     1.000     0.024
     3.000     3.000     1.000     4.000     1.000    -0.059
     3.000     3.000     3.000     3.000     2.000    -0.069
     4.000     4.000     4.000     3.000     3.000     0.531
     2.000     2.000     2.000     2.000     2.000    -0.841
     4.000     4.000     3.000     4.000     2.000     0.662
     4.000     4.000     4.000     4.000     0.000     1.269
     3.000     3.000     3.000     2.000     1.000    -0.178
     2.000     1.000     3.000     3.000     1.000    -0.645
     4.000     4.000     2.000     4.000     0.000     0.740
     3.000     3.000     4.000     3.000     1.000     0.190
     1.000     1.000     1.000     1.000     1.000    -1.499
     4.000     4.000     4.000     4.000     0.000     1.269
     2.000     2.000     2.000     2.000     2.000    -0.841
     2.000     4.000     3.000     3.000     1.000     0.092
     2.000     2.000     2.000     2.000     2.000    -0.841
     4.000     4.000     3.000     4.000     0.000     0.938
     4.000     4.000     4.000     4.000     0.000     1.269
     3.000     3.000     2.000     3.000     1.000    -0.125
     3.000     2.000     2.000     3.000     3.000    -0.528
     2.000     3.000     1.000     3.000     1.000    -0.475
     4.000     4.000     4.000     3.000     0.000     0.903
     4.000     4.000     3.000     3.000     0.000     0.662
     3.000     3.000     3.000     3.000     1.000     0.024
     2.000     4.000     3.000     4.000     0.000     0.435
     4.000     4.000     2.000     2.000     1.000     0.141
     2.000     2.000     2.000     2.000     3.000    -0.911
     4.000     4.000     4.000     3.000     1.000     0.742
     3.000     4.000     4.000     3.000     0.000     0.625
     3.000     4.000     4.000     3.000     2.000     0.382
     3.000     3.000     3.000     3.000     1.000     0.024
     4.000     1.000     1.000     2.000     2.000    -0.798
     3.000     3.000     1.000     1.000     2.000    -0.743
     3.000     3.000     4.000     3.000     1.000     0.190
     2.000     2.000     2.000     1.000     2.000    -1.023
     2.000     3.000     2.000     3.000     1.000    -0.325
     4.000     4.000     4.000     3.000     4.000     0.454
     3.000     4.000     4.000     3.000     1.000     0.489
     2.000     2.000     2.000     2.000     2.000    -0.841
     1.000     3.000     2.000     4.000     1.000    -0.323
     3.000     1.000     1.000     1.000     4.000    -1.315
     3.000     2.000     2.000     2.000     1.000    -0.559
     2.000     1.000     2.000     2.000     1.000    -0.976
     2.000     3.000     3.000     3.000     2.000    -0.268
     2.000     4.000     2.000     4.000     1.000     0.159
     2.000     2.000     2.000     3.000     2.000    -0.653
     4.000     4.000     4.000     3.000     0.000     0.903
     2.000     2.000     2.000     1.000     2.000    -1.023
     1.000     2.000     3.000     3.000     1.000    -0.631
     2.000     4.000     4.000     3.000     1.000     0.266
     2.000     4.000     2.000     2.000     1.000    -0.260
     2.000     1.000     1.000     1.000     2.000    -1.380
     3.000     2.000     4.000     1.000     2.000    -0.540
     2.000     4.000     3.000     3.000     0.000     0.208
     1.000     1.000     3.000     2.000     1.000    -1.035
     4.000     4.000     4.000     4.000     0.000     1.269
     2.000     3.000     2.000     3.000     0.000    -0.216
     2.000     4.000     3.000     4.000     3.000     0.139
     3.000     4.000     2.000     3.000     2.000     0.048
     3.000     1.000     2.000     3.000     1.000    -0.592
     4.000     2.000     3.000     4.000     1.000     0.176
     4.000     4.000     4.000     3.000     0.000     0.903
     4.000     4.000     4.000     4.000     0.000     1.269
     3.000     4.000     2.000     4.000     0.000     0.493
     4.000     4.000     4.000     3.000     2.000     0.622
     2.000     3.000     3.000     2.000     1.000    -0.374
     4.000     4.000     4.000     4.000     0.000     1.269
     2.000     2.000     3.000     2.000     2.000    -0.697
     3.000     4.000     4.000     4.000     1.000     0.743
     3.000     1.000     3.000     2.000     1.000    -0.636
     2.000     2.000     1.000     3.000     2.000    -0.796
     3.000     3.000     4.000     3.000     0.000     0.306
     2.000     2.000     3.000     2.000     1.000    -0.611
     4.000     4.000     4.000     4.000     0.000     1.269
     2.000     2.000     2.000     2.000     2.000    -0.841
     2.000     2.000     2.000     2.000     2.000    -0.841
     4.000     3.000     3.000     3.000     1.000     0.229
     4.000     3.000     3.000     4.000     0.000     0.560
     2.000     2.000     2.000     3.000     2.000    -0.653
     3.000     3.000     2.000     3.000     1.000    -0.125
     3.000     4.000     2.000     3.000     0.000     0.262
     3.000     4.000     3.000     3.000     0.000     0.423
     2.000     4.000     4.000     3.000     1.000     0.266
     2.000     3.000     3.000     3.000     1.000    -0.176
     3.000     3.000     4.000     4.000     0.000     0.526
     3.000     3.000     3.000     3.000     1.000     0.024
     3.000     3.000     3.000     3.000     3.000    -0.143
     2.000     2.000     4.000     3.000     1.000    -0.267
     3.000     3.000     2.000     3.000     0.000    -0.015
     2.000     2.000     2.000     2.000     2.000    -0.841
     3.000     3.000     2.000     2.000     1.000    -0.323
     4.000     4.000     4.000     4.000     0.000     1.269
     3.000     4.000     3.000     3.000     0.000     0.423
     4.000     4.000     3.000     3.000     0.000     0.662
     2.000     3.000     1.000     1.000     3.000    -1.010
     1.000     3.000     2.000     2.000     2.000    -0.821
     1.000     2.000     2.000     2.000     3.000    -1.114
     3.000     3.000     4.000     4.000     0.000     0.526
     4.000     4.000     4.000     4.000     0.000     1.269
     2.000     2.000     2.000     2.000     1.000    -0.755
     2.000     1.000     1.000     2.000     1.000    -1.118
     3.000     3.000     2.000     3.000     1.000    -0.125
     4.000     4.000     3.000     3.000     1.000     0.526
     3.000     3.000     3.000     3.000     2.000    -0.069
     3.000     4.000     4.000     3.000     0.000     0.625
     2.000     3.000     2.000     3.000     1.000    -0.325
     4.000     4.000     4.000     4.000     1.000     1.049
     2.000     2.000     3.000     2.000     2.000    -0.697
     4.000     3.000     3.000     4.000     0.000     0.560
     4.000     4.000     4.000     4.000     4.000     0.711
     2.000     3.000     4.000     3.000     2.000    -0.108
     1.000     2.000     2.000     2.000     2.000    -1.045
     3.000     3.000     3.000     3.000     0.000     0.135
     3.000     4.000     3.000     4.000     0.000     0.665
     3.000     4.000     3.000     2.000     1.000     0.084
     3.000     4.000     3.000     3.000     0.000     0.423
     4.000     4.000     4.000     4.000     4.000     0.711
     4.000     4.000     4.000     4.000     0.000     1.269
     3.000     3.000     4.000     3.000     0.000     0.306
     4.000     4.000     4.000     3.000     3.000     0.531
     3.000     3.000     3.000     3.000     1.000     0.024
     4.000     4.000     3.000     3.000     3.000     0.338
     4.000     4.000     4.000     2.000     1.000     0.478
     3.000     3.000     3.000     3.000     0.000     0.135
     3.000     3.000     2.000     3.000     1.000    -0.125
     1.000     2.000     3.000     2.000     3.000    -0.970
     2.000     3.000     2.000     2.000     2.000    -0.611
     2.000     3.000     4.000     3.000     0.000     0.100
     3.000     3.000     3.000     4.000     1.000     0.237
     3.000     4.000     4.000     3.000     0.000     0.625
     4.000     4.000     0.000     3.000     0.000     0.159
     2.000     2.000     1.000     3.000     2.000    -0.796
     2.000     2.000     2.000     3.000     3.000    -0.723
     3.000     3.000     4.000     3.000     0.000     0.306
     3.000     2.000     2.000     2.000     1.000    -0.559
     3.000     3.000     4.000     3.000     1.000     0.190
     4.000     4.000     4.000     4.000     0.000     1.269
     4.000     4.000     4.000     4.000     1.000     1.049
     2.000     2.000     2.000     3.000     1.000    -0.566
     1.000     1.000     0.000     0.000     3.000    -1.997
     2.000     4.000     3.000     3.000     0.000     0.208
     3.000     4.000     3.000     1.000     1.000    -0.118
     3.000     4.000     3.000     4.000     0.000     0.665
     3.000     4.000     4.000     4.000     0.000     0.901
     3.000     3.000     3.000     3.000     1.000     0.024
     3.000     4.000     3.000     3.000     2.000     0.201
     2.000     3.000     3.000     3.000     2.000    -0.268
     3.000     3.000     3.000     3.000     1.000     0.024
     1.000     0.000     1.000     2.000     2.000    -1.655
     2.000     3.000     3.000     3.000     1.000    -0.176
     4.000     4.000     4.000     3.000     1.000     0.742
     2.000     3.000     3.000     2.000     1.000    -0.374
     2.000     4.000     4.000     2.000     1.000     0.048
     2.000     4.000     4.000     4.000     1.000     0.501
     3.000     4.000     4.000     3.000     0.000     0.625
     2.000     3.000     3.000     3.000     1.000    -0.176
     2.000     3.000     0.000     3.000     2.000    -0.711
     1.000     1.000     1.000     2.000     2.000    -1.406
     4.000     4.000     2.000     4.000     1.000     0.598
     3.000     3.000     3.000     3.000     1.000     0.024
     4.000     4.000     4.000     3.000     0.000     0.903
     4.000     4.000     4.000     4.000     0.000     1.269
     2.000     3.000     2.000     2.000     0.000    -0.415
     2.000     3.000     3.000     2.000     3.000    -0.536
     4.000     4.000     4.000     4.000     0.000     1.269
     4.000     4.000     4.000     4.000     0.000     1.269
     2.000     4.000     4.000     4.000     2.000     0.394
     4.000     4.000     3.000     3.000     0.000     0.662
     4.000     4.000     4.000     4.000     1.000     1.049
     2.000     2.000     2.000     2.000     1.000    -0.755
     4.000     4.000     3.000     3.000     1.000     0.526
     2.000     2.000     3.000     3.000     1.000    -0.421
     4.000     4.000     4.000     3.000     0.000     0.903
     3.000     3.000     4.000     3.000     1.000     0.190
     2.000     4.000     2.000     3.000     1.000    -0.060
     3.000     2.000     2.000     2.000     1.000    -0.559
     2.000     3.000     1.000     2.000     2.000    -0.756
     3.000     3.000     3.000     4.000     0.000     0.350
     3.000     4.000     4.000     2.000     2.000     0.156
     2.000     3.000     4.000     4.000     1.000     0.204
     3.000     4.000     3.000     3.000     0.000     0.423
     3.000     3.000     0.000     2.000     2.000    -0.701
     2.000     4.000     3.000     3.000     1.000     0.092
     1.000     3.000     3.000     3.000     3.000    -0.558
     3.000     3.000     3.000     2.000     1.000    -0.178
     3.000     3.000     3.000     3.000     1.000     0.024
     2.000     3.000     2.000     2.000     4.000    -0.755
     3.000     3.000     4.000     3.000     1.000     0.190
     2.000     1.000     2.000     1.000     3.000    -1.310
     3.000     4.000     4.000     3.000     3.000     0.299
     4.000     4.000     3.000     1.000     1.000     0.083
     3.000     3.000     2.000     3.000     1.000    -0.125
     3.000     3.000     4.000     3.000     1.000     0.190
     3.000     3.000     3.000     3.000     1.000     0.024
     3.000     3.000     3.000     4.000     1.000     0.237
     1.000     1.000     1.000     2.000     2.000    -1.406
     4.000     4.000     4.000     3.000     0.000     0.903
     3.000     3.000     4.000     3.000     0.000     0.306
     3.000     3.000     1.000     3.000     2.000    -0.366
     3.000     3.000     2.000     2.000     0.000    -0.216
     1.000     2.000     1.000     1.000     3.000    -1.429
     2.000     3.000     4.000     2.000     1.000    -0.217
     3.000     4.000     3.000     3.000     0.000     0.423
     3.000     4.000     3.000     2.000     0.000     0.198
     3.000     3.000     3.000     3.000     2.000    -0.069
     1.000     2.000     2.000     3.000     1.000    -0.773
     4.000     4.000     2.000     4.000     1.000     0.598
     3.000     3.000     2.000     3.000     1.000    -0.125
     4.000     4.000     4.000     4.000     0.000     1.269
     4.000     4.000     4.000     3.000     1.000     0.742
     3.000     3.000     2.000     2.000     0.000    -0.216
     4.000     4.000     3.000     3.000     1.000     0.526
     2.000     4.000     2.000     2.000     3.000    -0.420
     2.000     3.000     2.000     3.000     1.000    -0.325
     4.000     4.000     4.000     4.000     0.000     1.269
     3.000     4.000     3.000     3.000     0.000     0.423
     2.000     2.000     2.000     4.000     2.000    -0.434
     3.000     4.000     2.000     2.000     0.000     0.046
     2.000     2.000     0.000     2.000     0.000    -0.938
     2.000     2.000     2.000     2.000     2.000    -0.841
     3.000     3.000     3.000     3.000     1.000     0.024
     2.000     2.000     2.000     2.000     2.000    -0.841
     3.000     4.000     3.000     3.000     1.000     0.300
     3.000     4.000     3.000     4.000     0.000     0.665
     4.000     4.000     4.000     4.000     0.000     1.269
     3.000     2.000     3.000     3.000     1.000    -0.228
     2.000     2.000     3.000     3.000     1.000    -0.421
     3.000     3.000     3.000     3.000     1.000     0.024
     4.000     4.000     4.000     4.000     0.000     1.269
     3.000     3.000     2.000     2.000     1.000    -0.323
     2.000     3.000     1.000     3.000     3.000    -0.637
     3.000     3.000     3.000     3.000     1.000     0.024
     2.000     3.000     2.000     2.000     1.000    -0.522
     1.000     2.000     3.000     3.000     2.000    -0.716
     3.000     2.000     1.000     3.000     1.000    -0.514
     4.000     3.000     2.000     2.000     1.000    -0.121
     2.000     4.000     4.000     3.000     0.000     0.391
     1.000     4.000     3.000     3.000     4.000    -0.368
     3.000     4.000     3.000     3.000     1.000     0.300
     2.000     3.000     3.000     3.000     2.000    -0.268
     4.000     4.000     4.000     4.000     0.000     1.269
     4.000     4.000     4.000     4.000     4.000     0.711
     3.000     3.000     2.000     3.000     2.000    -0.217
     1.000     1.000     3.000     2.000     2.000    -1.119
     2.000     3.000     2.000     2.000     1.000    -0.522
     4.000     4.000     4.000     4.000     0.000     1.269
     2.000     3.000     2.000     3.000     1.000    -0.325
     3.000     4.000     4.000     3.000     1.000     0.489
     3.000     3.000     4.000     3.000     1.000     0.190
     3.000     4.000     3.000     4.000     1.000     0.531
     3.000     1.000     3.000     2.000     2.000    -0.721
     2.000     3.000     4.000     3.000     1.000    -0.014
     4.000     4.000     4.000     4.000     2.000     0.903
     3.000     3.000     3.000     2.000     3.000    -0.340
     2.000     2.000     2.000     2.000     2.000    -0.841
     2.000     3.000     3.000     2.000     3.000    -0.536
     2.000     2.000     3.000     2.000     1.000    -0.611
     1.000     3.000     2.000     2.000     2.000    -0.821
     3.000     4.000     4.000     2.000     0.000     0.376
     2.000     2.000     1.000     1.000     2.000    -1.162
     3.000     3.000     3.000     2.000     3.000    -0.340
     3.000     4.000     3.000     4.000     1.000     0.531
     2.000     2.000     3.000     2.000     2.000    -0.697
     3.000     3.000     3.000     4.000     1.000     0.237
     3.000     3.000     2.000     4.000     2.000    -0.001
     2.000     2.000     2.000     2.000     1.000    -0.755
     2.000     2.000     2.000     3.000     1.000    -0.566
     2.000     4.000     2.000     2.000     2.000    -0.349
     3.000     3.000     3.000     3.000     1.000     0.024
     2.000     3.000     2.000     2.000     2.000    -0.611
     2.000     3.000     2.000     3.000     1.000    -0.325
     3.000     3.000     3.000     3.000     2.000    -0.069
     3.000     3.000     4.000     3.000     1.000     0.190
     3.000     3.000     3.000     2.000     2.000    -0.268
     3.000     4.000     3.000     4.000     0.000     0.665
     2.000     1.000     4.000     4.000     0.000    -0.175
     3.000     4.000     2.000     2.000     2.000    -0.155
     2.000     3.000     4.000     3.000     1.000    -0.014
     2.000     3.000     2.000     2.000     1.000    -0.522
     2.000     2.000     1.000     3.000     4.000    -0.937
     3.000     3.000     3.000     3.000     1.000     0.024
     3.000     3.000     3.000     3.000     1.000     0.024
     2.000     3.000     2.000     3.000     0.000    -0.216
     3.000     3.000     3.000     3.000     1.000     0.024
     4.000     4.000     4.000     4.000     0.000     1.269
     1.000     3.000     2.000     1.000     0.000    -0.816
     1.000     4.000     4.000     4.000     1.000     0.244
     4.000     4.000     3.000     4.000     0.000     0.938
     3.000     3.000     2.000     3.000     1.000    -0.125
     4.000     4.000     4.000     3.000     1.000     0.742
     2.000     4.000     2.000     2.000     2.000    -0.349
     3.000     3.000     3.000     3.000     1.000     0.024
     2.000     3.000     1.000     2.000     1.000    -0.668
     3.000     3.000     3.000     3.000     1.000     0.024
     3.000     3.000     3.000     2.000     0.000    -0.070
     2.000     3.000     4.000     3.000     1.000    -0.014
     3.000     4.000     4.000     3.000     2.000     0.382
     2.000     4.000     4.000     3.000     0.000     0.391
     4.000     4.000     4.000     3.000     0.000     0.903
     2.000     2.000     2.000     2.000     2.000    -0.841
