     3.000     3.000     3.000     3.000     3.000     0.187
     3.000     3.000     3.000     3.000     3.000     0.187
     3.000     3.000     3.000     3.000     3.000     0.187
     4.000     4.000     2.000     0.000     1.000    -0.303
     3.000     4.000     3.000     3.000     3.000     0.273
     3.000     3.000     3.000     3.000     3.000     0.187
     2.000     4.000     4.000     4.000     4.000     0.627
     4.000     4.000     3.000     1.000     2.000     0.048
     4.000     4.000     4.000     4.000     2.000     0.658
     3.000     3.000     3.000     3.000     3.000     0.187
     3.000     3.000     4.000     3.000     3.000     0.386
     3.000     2.000     3.000     2.000     2.000    -0.045
     2.000     1.000     2.000     2.000     3.000    -0.331
     3.000     2.000     4.000     2.000     4.000     0.241
     2.000     2.000     2.000     3.000     2.000    -0.171
     3.000     3.000     2.000     2.000     4.000    -0.065
     1.000     3.000     3.000     3.000     3.000     0.088
     2.000     4.000     4.000     3.000     2.000     0.380
     3.000     4.000     3.000     2.000     1.000     0.077
     1.000     3.000     3.000     3.000     4.000     0.135
     2.000     3.000     2.000     1.000     2.000    -0.335
     3.000     4.000     3.000     2.000     0.000     0.029
     2.000     3.000     3.000     1.000     1.000    -0.186
     1.000     1.000     1.000     1.000     3.000    -0.692
     3.000     2.000     1.000     0.000     4.000    -0.593
     4.000     4.000     4.000     4.000     3.000     0.714
     1.000     3.000     2.000     2.000     2.000    -0.256
     3.000     4.000     4.000     3.000     4.000     0.542
     2.000     2.000     3.000     2.000     2.000    -0.098
     3.000     2.000     3.000     2.000     2.000    -0.045
     3.000     2.000     3.000     2.000     3.000    -0.003
     4.000     2.000     3.000     3.000     3.000     0.168
     1.000     1.000     3.000     3.000     3.000    -0.071
     0.000     4.000     4.000     4.000     4.000     0.520
     2.000     2.000     1.000     1.000     3.000    -0.574
     2.000     2.000     2.000     3.000     1.000    -0.213
     3.000     2.000     3.000     2.000     2.000    -0.045
     3.000     2.000     3.000     2.000     2.000    -0.045
     2.000     4.000     4.000     2.000     2.000     0.264
     2.000     2.000     3.000     3.000     2.000     0.016
     2.000     2.000     2.000     2.000     1.000    -0.335
     3.000     3.000     3.000     2.000     2.000     0.035
     0.000     1.000     4.000     4.000     1.000     0.102
     2.000     4.000     2.000     1.000     0.000    -0.345
     2.000     3.000     3.000     3.000     1.000     0.052
     2.000     2.000     2.000     2.000     2.000    -0.291
     1.000     2.000     2.000     1.000     2.000    -0.463
     3.000     3.000     3.000     2.000     2.000     0.035
     1.000     2.000     1.000     1.000     1.000    -0.700
     2.000     3.000     3.000     1.000     2.000    -0.144
     2.000     2.000     2.000     2.000     2.000    -0.291
     4.000     3.000     4.000     4.000     2.000     0.538
     4.000     2.000     3.000     4.000     3.000     0.278
     3.000     4.000     4.000     3.000     2.000     0.439
     2.000     2.000     2.000     4.000     2.000    -0.065
     4.000     4.000     4.000     3.000     4.000     0.615
     3.000     1.000     3.000     2.000     3.000    -0.086
     1.000     1.000     1.000     2.000     1.000    -0.659
     3.000     3.000     2.000     2.000     2.000    -0.155
     3.000     3.000     3.000     3.000     3.000     0.187
     4.000     3.000     4.000     4.000     3.000     0.588
     3.000     2.000     2.000     2.000     2.000    -0.237
     2.000     1.000     2.000     2.000     3.000    -0.331
     3.000     4.000     4.000     3.000     3.000     0.486
     3.000     4.000     4.000     2.000     0.000     0.227
     2.000     2.000     3.000     2.000     2.000    -0.098
     2.000     4.000     4.000     2.000     3.000     0.308
     3.000     4.000     4.000     4.000     4.000     0.699
     2.000     3.000     2.000     2.000     2.000    -0.209
     2.000     2.000     4.000     2.000     1.000     0.052
     4.000     4.000     4.000     4.000     2.000     0.658
     4.000     3.000     3.000     3.000     3.000     0.245
     1.000     3.000     1.000     4.000     1.000    -0.283
     3.000     4.000     4.000     3.000     3.000     0.486
     2.000     2.000     2.000     2.000     2.000    -0.291
     2.000     3.000     3.000     2.000     2.000    -0.019
     2.000     3.000     2.000     2.000     2.000    -0.209
     2.000     4.000     3.000     3.000     3.000     0.219
     4.000     4.000     3.000     0.000     0.000    -0.159
     2.000     2.000     3.000     2.000     2.000    -0.098
     3.000     4.000     2.000     2.000     3.000    -0.029
     2.000     3.000     2.000     2.000     2.000    -0.209
     2.000     3.000     4.000     3.000     2.000     0.287
     2.000     4.000     3.000     1.000     1.000    -0.105
     3.000     3.000     3.000     3.000     2.000     0.146
     2.000     3.000     3.000     3.000     3.000     0.134
     1.000     1.000     2.000     2.000     1.000    -0.463
     2.000     2.000     2.000     3.000     3.000    -0.129
     1.000     4.000     3.000     3.000     1.000     0.089
     3.000     2.000     2.000     2.000     2.000    -0.237
     3.000     3.000     4.000     4.000     3.000     0.516
     2.000     3.000     2.000     1.000     1.000    -0.377
     0.000     0.000     4.000     2.000     4.000    -0.049
     1.000     1.000     2.000     1.000     2.000    -0.542
     1.000     3.000     3.000     3.000     2.000     0.048
     1.000     1.000     0.000     2.000     4.000    -0.727
     3.000     2.000     2.000     2.000     3.000    -0.194
     4.000     1.000     1.000     4.000     2.000    -0.248
     2.000     3.000     3.000     4.000     2.000     0.202
     2.000     2.000     2.000     2.000     2.000    -0.291
     3.000     3.000     2.000     2.000     4.000    -0.065
     0.000     1.000     1.000     0.000     2.000    -0.896
     3.000     3.000     3.000     3.000     3.000     0.187
     1.000     3.000     2.000     3.000     3.000    -0.096
     3.000     3.000     2.000     2.000     2.000    -0.155
     3.000     3.000     3.000     1.000     2.000    -0.092
     3.000     2.000     3.000     2.000     4.000     0.044
     2.000     4.000     4.000     3.000     4.000     0.480
     2.000     2.000     2.000     2.000     1.000    -0.335
     3.000     4.000     3.000     3.000     2.000     0.231
     3.000     3.000     3.000     4.000     2.000     0.255
     2.000     2.000     2.000     2.000     0.000    -0.385
     2.000     2.000     2.000     2.000     2.000    -0.291
     3.000     2.000     4.000     2.000     2.000     0.149
     3.000     3.000     3.000     2.000     0.000    -0.055
     2.000     2.000     2.000     2.000     2.000    -0.291
     2.000     4.000     3.000     4.000     4.000     0.382
     2.000     3.000     3.000     2.000     2.000    -0.019
     2.000     2.000     3.000     2.000     0.000    -0.188
     3.000     2.000     3.000     2.000     2.000    -0.045
     2.000     3.000     3.000     1.000     0.000    -0.232
     4.000     4.000     2.000     4.000     4.000     0.302
     3.000     3.000     4.000     3.000     4.000     0.438
     2.000     4.000     4.000     3.000     3.000     0.426
     2.000     2.000     2.000     2.000     1.000    -0.335
     3.000     4.000     4.000     4.000     3.000     0.632
     3.000     3.000     3.000     3.000     3.000     0.187
     3.000     3.000     4.000     2.000     0.000     0.138
     1.000     2.000     3.000     3.000     2.000    -0.030
     3.000     4.000     4.000     4.000     1.000     0.527
     2.000     2.000     3.000     1.000     3.000    -0.182
     2.000     3.000     2.000     2.000     1.000    -0.252
     3.000     2.000     2.000     2.000     2.000    -0.237
     1.000     2.000     2.000     2.000     1.000    -0.382
     2.000     4.000     3.000     3.000     4.000     0.267
     2.000     2.000     2.000     2.000     2.000    -0.291
     1.000     2.000     3.000     4.000     3.000     0.117
     3.000     4.000     3.000     3.000     2.000     0.231
     4.000     4.000     4.000     4.000     0.000     0.545
     2.000     4.000     3.000     2.000     3.000     0.107
     3.000     3.000     2.000     2.000     3.000    -0.113
     2.000     4.000     3.000     3.000     3.000     0.219
     3.000     2.000     4.000     3.000     3.000     0.305
     2.000     3.000     3.000     1.000     1.000    -0.186
     3.000     2.000     2.000     2.000     1.000    -0.280
     3.000     3.000     3.000     1.000     1.000    -0.133
     2.000     2.000     2.000     2.000     3.000    -0.249
     3.000     2.000     2.000     2.000     2.000    -0.237
     4.000     2.000     2.000     2.000     1.000    -0.220
     3.000     4.000     4.000     4.000     4.000     0.699
     2.000     2.000     2.000     2.000     2.000    -0.291
     3.000     3.000     3.000     3.000     2.000     0.146
     4.000     3.000     3.000     1.000     4.000     0.053
     3.000     4.000     3.000     2.000     1.000     0.077
     3.000     3.000     3.000     4.000     3.000     0.297
     3.000     2.000     3.000     3.000     3.000     0.110
     3.000     2.000     2.000     2.000     1.000    -0.280
     2.000     3.000     2.000     1.000     3.000    -0.293
     2.000     3.000     3.000     3.000     3.000     0.134
     4.000     0.000     4.000     4.000     4.000     0.382
     1.000     2.000     2.000     2.000     1.000    -0.382
     2.000     2.000     2.000     3.000     3.000    -0.129
     0.000     4.000     2.000     2.000     4.000    -0.123
     3.000     3.000     3.000     3.000     4.000     0.234
     4.000     2.000     3.000     2.000     2.000     0.014
     3.000     4.000     4.000     3.000     1.000     0.393
     3.000     4.000     2.000     3.000     2.000     0.044
     4.000     4.000     3.000     4.000     4.000     0.502
     2.000     4.000     3.000     2.000     1.000     0.022
     2.000     3.000     4.000     2.000     1.000     0.131
     4.000     4.000     2.000     4.000     0.000     0.121
     3.000     3.000     3.000     4.000     4.000     0.346
     2.000     2.000     2.000     2.000     2.000    -0.291
     3.000     4.000     2.000     1.000     3.000    -0.157
     2.000     3.000     4.000     3.000     4.000     0.381
     2.000     2.000     3.000     1.000     3.000    -0.182
     0.000     2.000     2.000     2.000     4.000    -0.290
     4.000     4.000     4.000     4.000     4.000     0.787
     4.000     4.000     4.000     4.000     1.000     0.603
     0.000     2.000     2.000     1.000     2.000    -0.505
     0.000     4.000     1.000     2.000     3.000    -0.382
     3.000     3.000     3.000     2.000     3.000     0.076
     3.000     3.000     4.000     1.000     2.000     0.097
     3.000     3.000     3.000     3.000     3.000     0.187
     2.000     3.000     3.000     3.000     2.000     0.094
     3.000     3.000     3.000     3.000     3.000     0.187
     2.000     4.000     1.000     1.000     2.000    -0.457
     2.000     2.000     3.000     2.000     2.000    -0.098
     2.000     3.000     4.000     2.000     4.000     0.266
     3.000     3.000     4.000     2.000     3.000     0.272
     4.000     4.000     3.000     3.000     3.000     0.332
     1.000     4.000     2.000     3.000     2.000    -0.056
     3.000     2.000     4.000     2.000     3.000     0.191
     1.000     3.000     3.000     1.000     1.000    -0.230
     3.000     3.000     3.000     3.000     3.000     0.187
     2.000     3.000     3.000     3.000     3.000     0.134
     2.000     3.000     3.000     2.000     3.000     0.023
     0.000     4.000     4.000     4.000     4.000     0.520
     3.000     4.000     4.000     3.000     3.000     0.486
     2.000     2.000     2.000     2.000     2.000    -0.291
     1.000     2.000     1.000     2.000     1.000    -0.583
     3.000     3.000     3.000     4.000     3.000     0.297
     3.000     3.000     3.000     3.000     2.000     0.146
     1.000     1.000     2.000     2.000     1.000    -0.463
     0.000     2.000     4.000     4.000     1.000     0.189
     2.000     3.000     2.000     3.000     1.000    -0.133
     3.000     3.000     3.000     2.000     3.000     0.076
     3.000     3.000     1.000     3.000     2.000    -0.248
     2.000     1.000     2.000     2.000     2.000    -0.374
     2.000     2.000     2.000     2.000     0.000    -0.385
     3.000     3.000     3.000     3.000     3.000     0.187
     4.000     4.000     4.000     4.000     2.000     0.658
     3.000     4.000     4.000     2.000     3.000     0.367
     2.000     3.000     2.000     2.000     2.000    -0.209
     1.000     4.000     4.000     1.000     4.000     0.170
     2.000     3.000     4.000     3.000     3.000     0.330
     4.000     1.000     2.000     3.000     1.000    -0.183
     1.000     2.000     3.000     3.000     1.000    -0.071
     2.000     2.000     2.000     1.000     1.000    -0.460
     4.000     0.000     4.000     2.000     4.000     0.149
     3.000     2.000     3.000     3.000     2.000     0.069
     3.000     3.000     3.000     3.000     2.000     0.146
     4.000     4.000     4.000     4.000     4.000     0.787
     3.000     2.000     2.000     2.000     3.000    -0.194
     2.000     2.000     2.000     3.000     2.000    -0.171
     2.000     2.000     2.000     2.000     2.000    -0.291
     3.000     4.000     4.000     4.000     3.000     0.632
     3.000     3.000     4.000     2.000     2.000     0.229
     3.000     3.000     3.000     2.000     3.000     0.076
     4.000     4.000     3.000     3.000     2.000     0.291
     2.000     2.000     2.000     2.000     2.000    -0.291
     2.000     4.000     4.000     3.000     1.000     0.335
     3.000     3.000     3.000     3.000     3.000     0.187
     3.000     4.000     4.000     4.000     3.000     0.632
     3.000     3.000     4.000     3.000     2.000     0.342
     3.000     3.000     2.000     1.000     2.000    -0.281
     3.000     3.000     3.000     2.000     3.000     0.076
     2.000     2.000     2.000     1.000     2.000    -0.417
     3.000     3.000     4.000     3.000     3.000     0.386
     4.000     3.000     4.000     4.000     3.000     0.588
     3.000     2.000     4.000     1.000     1.000    -0.022
     4.000     3.000     4.000     2.000     3.000     0.335
     2.000     2.000     3.000     2.000     2.000    -0.098
     2.000     2.000     3.000     2.000     1.000    -0.141
     1.000     4.000     2.000     1.000     2.000    -0.299
     3.000     3.000     3.000     2.000     3.000     0.076
     3.000     2.000     3.000     2.000     1.000    -0.087
     4.000     2.000     2.000     4.000     2.000     0.047
     2.000     3.000     3.000     3.000     2.000     0.094
     3.000     2.000     2.000     1.000     1.000    -0.406
     3.000     4.000     4.000     4.000     2.000     0.579
     1.000     1.000     4.000     1.000     2.000    -0.158
     3.000     2.000     2.000     2.000     2.000    -0.237
     3.000     3.000     3.000     4.000     3.000     0.297
     3.000     2.000     3.000     3.000     2.000     0.069
     3.000     4.000     4.000     3.000     4.000     0.542
     4.000     3.000     2.000     2.000     1.000    -0.139
     2.000     3.000     4.000     4.000     1.000     0.362
     3.000     3.000     4.000     3.000     2.000     0.342
     4.000     2.000     1.000     2.000     3.000    -0.346
     2.000     3.000     2.000     2.000     1.000    -0.252
     2.000     4.000     1.000     1.000     1.000    -0.498
     0.000     4.000     4.000     4.000     4.000     0.520
     2.000     2.000     3.000     2.000     2.000    -0.098
     2.000     2.000     3.000     2.000     2.000    -0.098
     2.000     3.000     2.000     2.000     2.000    -0.209
     2.000     2.000     2.000     2.000     1.000    -0.335
     2.000     2.000     2.000     1.000     2.000    -0.417
     2.000     2.000     2.000     2.000     2.000    -0.291
     2.000     2.000     3.000     4.000     2.000     0.123
     4.000     3.000     4.000     2.000     3.000     0.335
     2.000     3.000     4.000     4.000     1.000     0.362
     3.000     3.000     2.000     3.000     1.000    -0.080
     0.000     3.000     2.000     2.000     1.000    -0.340
     3.000     2.000     2.000     2.000     3.000    -0.194
     4.000     4.000     4.000     0.000     0.000     0.031
     3.000     3.000     3.000     3.000     1.000     0.105
     3.000     4.000     4.000     2.000     3.000     0.367
     2.000     3.000     4.000     1.000     1.000     0.003
     0.000     1.000     0.000     0.000     1.000    -1.140
     2.000     3.000     3.000     2.000     2.000    -0.019
     2.000     3.000     3.000     3.000     3.000     0.134
     2.000     3.000     2.000     3.000     2.000    -0.091
     3.000     3.000     1.000     2.000     2.000    -0.364
     1.000     3.000     1.000     2.000     3.000    -0.420
     4.000     4.000     2.000     2.000     4.000     0.078
     2.000     2.000     2.000     3.000     3.000    -0.129
     2.000     4.000     4.000     3.000     3.000     0.426
     2.000     3.000     3.000     2.000     3.000     0.023
     4.000     3.000     3.000     1.000     1.000    -0.076
     3.000     4.000     3.000     2.000     1.000     0.077
     3.000     2.000     3.000     3.000     2.000     0.069
     3.000     1.000     3.000     3.000     3.000     0.027
     2.000     2.000     2.000     2.000     2.000    -0.291
     2.000     2.000     2.000     2.000     2.000    -0.291
     2.000     2.000     3.000     3.000     1.000    -0.026
     1.000     1.000     1.000     1.000     3.000    -0.692
     3.000     3.000     3.000     4.000     2.000     0.255
     3.000     2.000     1.000     1.000     4.000    -0.477
     3.000     3.000     4.000     4.000     3.000     0.516
     2.000     3.000     2.000     2.000     2.000    -0.209
     2.000     4.000     4.000     4.000     4.000     0.627
     4.000     0.000     2.000     0.000     0.000    -0.664
     2.000     3.000     2.000     1.000     2.000    -0.335
     0.000     3.000     1.000     2.000     1.000    -0.543
     2.000     3.000     2.000     2.000     2.000    -0.209
     4.000     3.000     4.000     3.000     3.000     0.451
     2.000     4.000     1.000     2.000     3.000    -0.297
     3.000     3.000     3.000     2.000     1.000    -0.008
     3.000     4.000     3.000     2.000     3.000     0.162
     2.000     4.000     2.000     3.000     0.000    -0.099
     2.000     2.000     1.000     1.000     1.000    -0.656
     2.000     2.000     2.000     1.000     1.000    -0.460
     3.000     4.000     2.000     2.000     2.000    -0.071
     3.000     3.000     3.000     2.000     3.000     0.076
     3.000     2.000     2.000     1.000     1.000    -0.406
     1.000     3.000     2.000     1.000     3.000    -0.338
     2.000     3.000     2.000     3.000     2.000    -0.091
     2.000     2.000     2.000     2.000     2.000    -0.291
     3.000     1.000     3.000     2.000     1.000    -0.169
     2.000     2.000     2.000     2.000     1.000    -0.335
     2.000     2.000     2.000     3.000     2.000    -0.171
     3.000     2.000     3.000     3.000     3.000     0.110
     3.000     1.000     3.000     2.000     2.000    -0.128
     2.000     3.000     4.000     4.000     2.000     0.408
     3.000     3.000     4.000     2.000     3.000     0.272
     3.000     2.000     3.000     2.000     2.000    -0.045
     2.000     3.000     3.000     4.000     1.000     0.159
     2.000     4.000     4.000     2.000     1.000     0.220
     3.000     3.000     4.000     2.000     3.000     0.272
     2.000     2.000     1.000     2.000     2.000    -0.497
     2.000     2.000     2.000     1.000     2.000    -0.417
     3.000     3.000     3.000     3.000     3.000     0.187
     2.000     3.000     3.000     3.000     3.000     0.134
     1.000     2.000     3.000     2.000     2.000    -0.144
     2.000     2.000     2.000     2.000     0.000    -0.385
     1.000     4.000     3.000     3.000     3.000     0.172
     3.000     2.000     2.000     2.000     1.000    -0.280
     2.000     2.000     3.000     2.000     1.000    -0.141
     2.000     3.000     2.000     2.000     1.000    -0.252
     0.000     0.000     2.000     1.000     2.000    -0.651
     3.000     3.000     3.000     3.000     1.000     0.105
     3.000     2.000     3.000     2.000     2.000    -0.045
     3.000     3.000     1.000     3.000     3.000    -0.209
     3.000     3.000     3.000     4.000     2.000     0.255
     4.000     2.000     3.000     3.000     4.000     0.215
     3.000     4.000     2.000     2.000     2.000    -0.071
     3.000     2.000     2.000     2.000     1.000    -0.280
     2.000     3.000     4.000     4.000     4.000     0.511
     2.000     2.000     2.000     2.000     3.000    -0.249
     2.000     4.000     3.000     3.000     3.000     0.219
     1.000     2.000     2.000     2.000     1.000    -0.382
     3.000     3.000     2.000     2.000     2.000    -0.155
     4.000     2.000     3.000     2.000     2.000     0.014
     3.000     2.000     3.000     3.000     2.000     0.069
     3.000     2.000     3.000     2.000     2.000    -0.045
     2.000     3.000     3.000     3.000     3.000     0.134
     3.000     4.000     3.000     2.000     2.000     0.119
     1.000     2.000     3.000     1.000     2.000    -0.267
     4.000     3.000     3.000     2.000     3.000     0.135
     2.000     2.000     2.000     2.000     2.000    -0.291
