     1.000     1.000     0.000     1.000     1.000    -0.575
     1.000     1.000     1.000     1.000     0.000    -0.462
     2.000     3.000     3.000     3.000     1.000     0.699
     4.000     4.000     4.000     3.000     1.000     1.240
     2.000     2.000     1.000     1.000     1.000    -0.095
     2.000     1.000     1.000     1.000     1.000    -0.229
     3.000     2.000     1.000     0.000     0.000    -0.334
     3.000     1.000     3.000     1.000     1.000     0.264
     0.000     0.000     2.000     1.000     2.000    -0.267
     2.000     1.000     1.000     1.000     1.000    -0.229
     1.000     1.000     1.000     1.000     0.000    -0.462
     3.000     2.000     1.000     1.000     1.000     0.011
     0.000     1.000     1.000     0.000     1.000    -0.686
     2.000     0.000     1.000     1.000     1.000    -0.381
     0.000     1.000     1.000     1.000     2.000    -0.341
     2.000     3.000     3.000     2.000     1.000     0.563
     1.000     1.000     1.000     1.000     1.000    -0.334
     2.000     3.000     2.000     1.000     3.000     0.413
     2.000     2.000     1.000     1.000     1.000    -0.095
     0.000     0.000     0.000     1.000     1.000    -0.888
     4.000     3.000     4.000     4.000     3.000     1.479
     1.000     0.000     1.000     1.000     0.000    -0.618
     4.000     3.000     3.000     1.000     2.000     0.704
     4.000     3.000     1.000     1.000     1.000     0.234
     2.000     1.000     1.000     3.000     2.000     0.218
     1.000     1.000     1.000     1.000     0.000    -0.462
     1.000     0.000     2.000     1.000     2.000    -0.153
     2.000     2.000     2.000     3.000     0.000     0.311
     2.000     2.000     1.000     1.000     1.000    -0.095
     1.000     2.000     3.000     2.000     2.000     0.456
     1.000     1.000     1.000     1.000     1.000    -0.334
     1.000     1.000     1.000     0.000     1.000    -0.553
     2.000     4.000     3.000     3.000     3.000     0.991
     0.000     0.000     0.000     0.000     0.000    -1.397
     2.000     2.000     1.000     1.000     1.000    -0.095
     0.000     3.000     1.000     1.000     1.000    -0.194
     2.000     3.000     3.000     2.000     2.000     0.658
     1.000     1.000     1.000     1.000     1.000    -0.334
     0.000     2.000     0.000     0.000     0.000    -0.952
     4.000     4.000     4.000     4.000     1.000     1.436
     2.000     1.000     1.000     1.000     2.000    -0.117
     0.000     1.000     1.000     1.000     1.000    -0.459
     4.000     4.000     3.000     3.000     3.000     1.214
     4.000     4.000     3.000     1.000     2.000     0.822
     3.000     4.000     1.000     1.000     2.000     0.343
     2.000     2.000     2.000     1.000     1.000     0.112
     1.000     0.000     1.000     1.000     1.000    -0.487
     2.000     1.000     1.000     0.000     0.000    -0.578
     3.000     3.000     3.000     2.000     2.000     0.750
     0.000     1.000     0.000     1.000     1.000    -0.712
     4.000     4.000     3.000     4.000     3.000     1.386
     2.000     1.000     0.000     0.000     0.000    -0.832
     2.000     2.000     2.000     1.000     1.000     0.112
     2.000     2.000     1.000     1.000     1.000    -0.095
     3.000     4.000     2.000     3.000     4.000     1.005
     0.000     0.000     0.000     0.000     1.000    -1.178
     0.000     0.000     0.000     0.000     1.000    -1.178
     1.000     0.000     2.000     2.000     1.000    -0.069
     3.000     3.000     2.000     2.000     3.000     0.668
     1.000     1.000     1.000     1.000     1.000    -0.334
     1.000     0.000     2.000     1.000     0.000    -0.385
     2.000     1.000     1.000     1.000     1.000    -0.229
     2.000     1.000     1.000     2.000     0.000    -0.152
     2.000     1.000     0.000     1.000     2.000    -0.357
     2.000     3.000     4.000     3.000     1.000     0.876
     2.000     2.000     2.000     1.000     2.000     0.216
     0.000     0.000     0.000     0.000     1.000    -1.178
     0.000     0.000     0.000     3.000     0.000    -0.601
     0.000     2.000     1.000     2.000     1.000    -0.114
     1.000     1.000     1.000     2.000     1.000    -0.131
     3.000     2.000     3.000     3.000     1.000     0.688
     3.000     1.000     1.000     0.000     0.000    -0.468
     0.000     0.000     4.000     1.000     1.000    -0.008
     3.000     0.000     0.000     1.000     1.000    -0.514
     0.000     2.000     2.000     2.000     2.000     0.188
     2.000     2.000     3.000     3.000     1.000     0.595
     0.000     3.000     2.000     1.000     3.000     0.211
     0.000     1.000     1.000     1.000     1.000    -0.459
     2.000     4.000     4.000     4.000     4.000     1.480
     1.000     1.000     1.000     0.000     1.000    -0.553
     1.000     0.000     1.000     1.000     1.000    -0.487
     1.000     2.000     1.000     1.000     1.000    -0.199
     2.000     1.000     1.000     0.000     0.000    -0.578
     1.000     2.000     0.000     0.000     0.000    -0.793
     0.000     2.000     1.000     1.000     1.000    -0.320
     0.000     1.000     0.000     0.000     1.000    -0.960
     1.000     0.000     1.000     1.000     1.000    -0.487
     3.000     3.000     2.000     3.000     1.000     0.627
     1.000     1.000     2.000     2.000     1.000     0.067
     0.000     0.000     0.000     1.000     0.000    -1.047
     2.000     1.000     1.000     0.000     1.000    -0.450
     0.000     0.000     2.000     0.000     0.000    -0.733
     2.000     2.000     2.000     3.000     3.000     0.607
     4.000     3.000     3.000     1.000     3.000     0.789
     2.000     1.000     2.000     1.000     1.000    -0.016
     1.000     3.000     2.000     3.000     2.000     0.531
     2.000     1.000     1.000     1.000     2.000    -0.117
     4.000     0.000     3.000     3.000     3.000     0.719
     3.000     1.000     2.000     1.000     2.000     0.190
     1.000     2.000     2.000     1.000     2.000     0.115
     0.000     2.000     2.000     0.000     0.000    -0.440
     0.000     2.000     4.000     1.000     3.000     0.450
     2.000     2.000     1.000     1.000     2.000     0.015
     2.000     2.000     3.000     2.000     3.000     0.636
     0.000     1.000     1.000     0.000     1.000    -0.686
     2.000     2.000     2.000     3.000     3.000     0.607
     3.000     2.000     2.000     2.000     2.000     0.481
     1.000     0.000     0.000     0.000     0.000    -1.148
     3.000     2.000     2.000     2.000     3.000     0.564
     4.000     1.000     1.000     1.000     3.000     0.185
     0.000     0.000     3.000     2.000     1.000     0.002
     4.000     4.000     3.000     3.000     2.000     1.126
     3.000     2.000     2.000     1.000     1.000     0.213
     2.000     2.000     2.000     2.000     2.000     0.386
     0.000     0.000     0.000     0.000     0.000    -1.397
     2.000     1.000     1.000     1.000     2.000    -0.117
     2.000     4.000     2.000     2.000     2.000     0.602
     2.000     0.000     1.000     0.000     0.000    -0.738
     0.000     1.000     2.000     2.000     2.000     0.065
     0.000     2.000     2.000     2.000     1.000     0.087
     1.000     2.000     1.000     0.000     1.000    -0.418
     4.000     1.000     1.000     0.000     1.000    -0.242
     0.000     0.000     1.000     1.000     1.000    -0.619
     4.000     4.000     1.000     1.000     0.000     0.220
     2.000     1.000     2.000     1.000     1.000    -0.016
     4.000     4.000     4.000     4.000     4.000     1.838
     0.000     1.000     1.000     1.000     0.000    -0.592
     0.000     4.000     0.000     1.000     0.000    -0.459
     2.000     1.000     1.000     1.000     1.000    -0.229
     2.000     3.000     1.000     1.000     1.000     0.025
     3.000     2.000     2.000     1.000     1.000     0.213
     1.000     2.000     2.000     1.000     1.000     0.010
     3.000     2.000     2.000     2.000     0.000     0.266
     4.000     3.000     3.000     2.000     3.000     0.946
     4.000     4.000     4.000     3.000     2.000     1.349
     2.000     2.000     2.000     3.000     2.000     0.525
     3.000     2.000     2.000     3.000     2.000     0.618
     2.000     2.000     1.000     1.000     1.000    -0.095
     2.000     3.000     2.000     0.000     0.000    -0.111
     2.000     3.000     2.000     1.000     2.000     0.327
     1.000     1.000     1.000     1.000     1.000    -0.334
     2.000     2.000     2.000     2.000     1.000     0.288
     1.000     1.000     1.000     1.000     1.000    -0.334
     4.000     4.000     2.000     2.000     4.000     0.988
     1.000     1.000     1.000     1.000     2.000    -0.221
     2.000     1.000     1.000     0.000     1.000    -0.450
     2.000     2.000     1.000     1.000     2.000     0.015
     1.000     2.000     3.000     1.000     3.000     0.376
     4.000     2.000     3.000     2.000     2.000     0.757
     0.000     1.000     1.000     1.000     0.000    -0.592
     4.000     2.000     2.000     2.000     2.000     0.587
     4.000     3.000     3.000     3.000     2.000     1.000
     0.000     0.000     1.000     1.000     0.000    -0.758
     0.000     0.000     0.000     1.000     0.000    -1.047
     0.000     0.000     0.000     0.000     1.000    -1.178
     1.000     1.000     1.000     1.000     1.000    -0.334
     2.000     2.000     2.000     0.000     1.000    -0.107
     2.000     3.000     1.000     3.000     2.000     0.448
     0.000     0.000     0.000     0.000     0.000    -1.397
     0.000     0.000     0.000     0.000     0.000    -1.397
     2.000     2.000     2.000     1.000     2.000     0.216
     3.000     2.000     1.000     1.000     3.000     0.208
     1.000     1.000     0.000     0.000     0.000    -0.945
     3.000     1.000     1.000     1.000     1.000    -0.121
     0.000     2.000     3.000     1.000     1.000     0.084
     2.000     0.000     1.000     1.000     1.000    -0.381
     2.000     2.000     2.000     1.000     1.000     0.112
     1.000     1.000     1.000     1.000     1.000    -0.334
     4.000     3.000     3.000     2.000     2.000     0.862
     0.000     0.000     1.000     1.000     0.000    -0.758
     1.000     1.000     1.000     0.000     1.000    -0.553
     1.000     1.000     1.000     1.000     1.000    -0.334
     1.000     1.000     1.000     1.000     2.000    -0.221
     3.000     4.000     4.000     2.000     1.000     0.953
     3.000     2.000     2.000     2.000     0.000     0.266
     2.000     1.000     1.000     1.000     1.000    -0.229
     0.000     1.000     0.000     0.000     0.000    -1.129
     0.000     4.000     0.000     0.000     4.000    -0.256
     1.000     2.000     1.000     1.000     0.000    -0.326
     1.000     0.000     0.000     0.000     0.000    -1.148
     1.000     0.000     0.000     1.000     2.000    -0.613
     0.000     1.000     0.000     1.000     1.000    -0.712
     2.000     1.000     0.000     2.000     1.000    -0.263
     1.000     3.000     2.000     3.000     1.000     0.436
     0.000     1.000     1.000     0.000     1.000    -0.686
     2.000     3.000     3.000     2.000     2.000     0.658
     2.000     3.000     4.000     4.000     2.000     1.127
     2.000     2.000     1.000     1.000     2.000     0.015
     2.000     2.000     1.000     2.000     0.000    -0.025
     0.000     0.000     1.000     1.000     1.000    -0.619
     2.000     1.000     2.000     1.000     1.000    -0.016
     3.000     4.000     3.000     3.000     0.000     0.786
     2.000     2.000     2.000     1.000     2.000     0.216
     4.000     4.000     4.000     4.000     3.000     1.680
     3.000     1.000     1.000     1.000     4.000     0.167
     3.000     3.000     2.000     2.000     2.000     0.586
     4.000     3.000     3.000     3.000     2.000     1.000
     3.000     0.000     3.000     3.000     3.000     0.612
     1.000     3.000     2.000     1.000     0.000     0.004
     4.000     2.000     1.000     1.000     1.000     0.116
     4.000     4.000     3.000     0.000     3.000     0.664
     2.000     2.000     3.000     1.000     2.000     0.391
     4.000     3.000     2.000     1.000     3.000     0.618
     1.000     4.000     4.000     3.000     3.000     1.078
     0.000     1.000     1.000     1.000     0.000    -0.592
     0.000     1.000     0.000     0.000     0.000    -1.129
     1.000     1.000     1.000     1.000     1.000    -0.334
     0.000     1.000     1.000     1.000     1.000    -0.459
     3.000     3.000     2.000     2.000     2.000     0.586
     1.000     1.000     3.000     1.000     1.000     0.064
     1.000     2.000     2.000     2.000     1.000     0.189
     2.000     3.000     2.000     0.000     0.000    -0.111
     2.000     1.000     1.000     1.000     1.000    -0.229
     0.000     0.000     0.000     0.000     0.000    -1.397
     3.000     3.000     4.000     3.000     2.000     1.067
     0.000     0.000     0.000     1.000     0.000    -1.047
     2.000     1.000     1.000     1.000     1.000    -0.229
     2.000     3.000     3.000     2.000     1.000     0.563
     4.000     4.000     4.000     4.000     1.000     1.436
     0.000     0.000     3.000     2.000     1.000     0.002
     2.000     1.000     0.000     1.000     1.000    -0.471
     1.000     1.000     1.000     0.000     1.000    -0.553
     3.000     3.000     0.000     1.000     1.000    -0.112
     2.000     2.000     1.000     1.000     2.000     0.015
     1.000     2.000     2.000     3.000     3.000     0.509
     4.000     3.000     3.000     2.000     1.000     0.766
     0.000     0.000     0.000     0.000     0.000    -1.397
     2.000     2.000     2.000     1.000     2.000     0.216
     0.000     1.000     0.000     1.000     1.000    -0.712
     3.000     0.000     0.000     1.000     2.000    -0.398
     0.000     2.000     2.000     2.000     2.000     0.188
     0.000     1.000     1.000     0.000     0.000    -0.824
     3.000     2.000     3.000     2.000     2.000     0.647
     2.000     1.000     1.000     2.000     1.000    -0.031
     2.000     2.000     1.000     1.000     1.000    -0.095
     3.000     2.000     2.000     1.000     2.000     0.315
     2.000     2.000     2.000     2.000     2.000     0.386
     2.000     1.000     1.000     1.000     2.000    -0.117
     1.000     2.000     1.000     1.000     1.000    -0.199
     3.000     3.000     4.000     2.000     0.000     0.712
     4.000     1.000     4.000     4.000     1.000     1.015
     1.000     0.000     1.000     0.000     0.000    -0.846
     3.000     1.000     3.000     2.000     2.000     0.528
     4.000     2.000     1.000     3.000     1.000     0.442
     3.000     3.000     3.000     1.000     2.000     0.594
     1.000     1.000     2.000     2.000     1.000     0.067
     3.000     2.000     2.000     2.000     2.000     0.481
     4.000     3.000     4.000     2.000     2.000     1.053
     3.000     3.000     3.000     2.000     2.000     0.750
     4.000     2.000     4.000     4.000     4.000     1.469
     0.000     1.000     4.000     4.000     0.000     0.471
     1.000     0.000     1.000     1.000     1.000    -0.487
     2.000     1.000     2.000     2.000     2.000     0.265
     1.000     2.000     2.000     1.000     2.000     0.115
     1.000     2.000     1.000     1.000     1.000    -0.199
     3.000     2.000     2.000     2.000     2.000     0.481
     3.000     1.000     0.000     0.000     1.000    -0.580
     0.000     1.000     1.000     0.000     1.000    -0.686
     0.000     4.000     0.000     0.000     0.000    -0.687
     3.000     3.000     3.000     2.000     2.000     0.750
     0.000     1.000     0.000     0.000     1.000    -0.960
     2.000     3.000     3.000     3.000     2.000     0.793
     4.000     4.000     4.000     4.000     4.000     1.838
     1.000     1.000     1.000     0.000     2.000    -0.438
     3.000     2.000     0.000     1.000     1.000    -0.230
     4.000     4.000     3.000     1.000     3.000     0.909
     0.000     1.000     0.000     1.000     1.000    -0.712
     2.000     2.000     2.000     2.000     2.000     0.386
     4.000     4.000     4.000     4.000     3.000     1.680
     0.000     0.000     0.000     0.000     1.000    -1.178
     3.000     3.000     3.000     2.000     1.000     0.656
     1.000     1.000     1.000     1.000     1.000    -0.334
     3.000     2.000     3.000     3.000     3.000     0.863
     1.000     1.000     0.000     2.000     1.000    -0.361
     0.000     0.000     0.000     0.000     1.000    -1.178
     2.000     0.000     0.000     2.000     3.000    -0.209
     2.000     1.000     0.000     1.000     0.000    -0.601
     0.000     2.000     2.000     0.000     0.000    -0.440
     1.000     0.000     0.000     0.000     0.000    -1.148
     4.000     1.000     1.000     2.000     2.000     0.275
     2.000     2.000     2.000     3.000     1.000     0.428
     0.000     1.000     0.000     1.000     0.000    -0.854
     2.000     2.000     2.000     1.000     2.000     0.216
     3.000     2.000     1.000     1.000     2.000     0.119
     0.000     0.000     0.000     0.000     1.000    -1.178
     2.000     2.000     0.000     4.000     2.000     0.241
     2.000     2.000     2.000     2.000     2.000     0.386
     3.000     2.000     3.000     2.000     1.000     0.552
     3.000     2.000     1.000     1.000     1.000     0.011
     3.000     1.000     4.000     1.000     0.000     0.319
     3.000     1.000     1.000     1.000     3.000     0.080
     0.000     0.000     2.000     0.000     1.000    -0.600
     0.000     2.000     1.000     1.000     1.000    -0.320
     1.000     1.000     1.000     1.000     1.000    -0.334
     2.000     2.000     2.000     1.000     2.000     0.216
     3.000     2.000     2.000     2.000     3.000     0.564
     4.000     3.000     4.000     4.000     1.000     1.269
     2.000     2.000     2.000     1.000     1.000     0.112
     4.000     2.000     2.000     2.000     2.000     0.587
     4.000     1.000     2.000     1.000     1.000     0.189
     2.000     2.000     2.000     1.000     1.000     0.112
     0.000     4.000     0.000     0.000     0.000    -0.687
     4.000     0.000     1.000     2.000     2.000     0.135
     2.000     2.000     2.000     1.000     1.000     0.112
     3.000     4.000     4.000     3.000     3.000     1.289
     1.000     1.000     1.000     2.000     1.000    -0.131
     0.000     0.000     0.000     0.000     0.000    -1.397
     3.000     2.000     2.000     1.000     1.000     0.213
     1.000     1.000     1.000     1.000     1.000    -0.334
     0.000     3.000     0.000     1.000     1.000    -0.438
     3.000     1.000     1.000     1.000     1.000    -0.121
     3.000     1.000     1.000     1.000     1.000    -0.121
     3.000     2.000     2.000     2.000     2.000     0.481
     1.000     2.000     1.000     2.000     2.000     0.099
     2.000     2.000     2.000     2.000     1.000     0.288
     1.000     2.000     2.000     1.000     1.000     0.010
     3.000     3.000     1.000     1.000     3.000     0.322
     2.000     2.000     2.000     2.000     2.000     0.386
     4.000     2.000     2.000     1.000     3.000     0.508
     2.000     1.000     0.000     0.000     1.000    -0.693
     2.000     1.000     2.000     2.000     1.000     0.165
     2.000     2.000     3.000     2.000     2.000     0.554
     1.000     3.000     2.000     0.000     1.000    -0.091
     1.000     2.000     3.000     2.000     4.000     0.621
     1.000     1.000     0.000     2.000     1.000    -0.361
     2.000     2.000     3.000     2.000     1.000     0.457
     0.000     3.000     1.000     2.000     3.000     0.193
     2.000     1.000     2.000     2.000     2.000     0.265
     1.000     2.000     2.000     2.000     2.000     0.288
     1.000     1.000     1.000     1.000     1.000    -0.334
     2.000     2.000     2.000     3.000     2.000     0.525
     2.000     1.000     1.000     1.000     1.000    -0.229
     1.000     2.000     1.000     2.000     2.000     0.099
     2.000     1.000     1.000     2.000     1.000    -0.031
     4.000     3.000     3.000     1.000     2.000     0.704
     4.000     4.000     0.000     2.000     2.000     0.373
     1.000     0.000     0.000     0.000     4.000    -0.649
     2.000     2.000     2.000     2.000     2.000     0.386
     3.000     4.000     3.000     3.000     2.000     1.001
     1.000     1.000     2.000     1.000     1.000    -0.118
     2.000     3.000     1.000     1.000     2.000     0.132
     1.000     1.000     1.000     1.000     1.000    -0.334
     2.000     1.000     2.000     2.000     1.000     0.165
     3.000     1.000     1.000     1.000     1.000    -0.121
     3.000     3.000     3.000     1.000     2.000     0.594
     0.000     0.000     0.000     0.000     0.000    -1.397
     2.000     3.000     1.000     2.000     2.000     0.308
     0.000     0.000     1.000     1.000     0.000    -0.758
     1.000     0.000     0.000     1.000     1.000    -0.735
     2.000     2.000     1.000     1.000     1.000    -0.095
     1.000     1.000     0.000     0.000     0.000    -0.945
     1.000     1.000     1.000     0.000     2.000    -0.438
     1.000     2.000     1.000     1.000     2.000    -0.089
     2.000     2.000     1.000     1.000     2.000     0.015
     2.000     1.000     1.000     2.000     1.000    -0.031
     2.000     1.000     2.000     1.000     1.000    -0.016
     2.000     2.000     2.000     2.000     1.000     0.288
     1.000     0.000     0.000     0.000     0.000    -1.148
     0.000     0.000     0.000     0.000     0.000    -1.397
     3.000     1.000     1.000     2.000     1.000     0.070
     1.000     2.000     2.000     0.000     1.000    -0.205
