     3.000     1.000     3.000     1.000     3.000     0.149
     1.000     0.000     3.000     2.000     3.000     0.094
     3.000     1.000     3.000     4.000     3.000     0.590
     3.000     3.000     3.000     2.000     2.000     0.083
     2.000     1.000     4.000     2.000     3.000     0.447
     1.000     0.000     2.000     2.000     3.000    -0.193
     3.000     0.000     4.000     3.000     2.000     0.834
     2.000     3.000     3.000     2.000     4.000     0.008
     4.000     2.000     4.000     4.000     4.000     1.067
     2.000     1.000     3.000     3.000     3.000     0.301
     3.000     1.000     3.000     2.000     3.000     0.307
     4.000     0.000     4.000     4.000     2.000     1.271
     3.000     1.000     4.000     3.000     2.000     0.705
     3.000     1.000     3.000     3.000     3.000     0.444
     2.000     2.000     3.000     2.000     3.000     0.068
     2.000     3.000     2.000     2.000     3.000    -0.310
     3.000     1.000     2.000     2.000     2.000    -0.002
     2.000     1.000     4.000     4.000     2.000     0.715
     1.000     3.000     1.000     1.000     2.000    -0.988
     1.000     2.000     3.000     3.000     2.000     0.002
     1.000     1.000     4.000     3.000     2.000     0.379
     3.000     0.000     4.000     2.000     3.000     0.724
     2.000     1.000     1.000     2.000     3.000    -0.419
     3.000     0.000     3.000     4.000     1.000     0.630
     2.000     2.000     4.000     2.000     3.000     0.351
     3.000     0.000     4.000     2.000     3.000     0.724
     0.000     2.000     2.000     2.000     3.000    -0.626
     2.000     1.000     3.000     2.000     3.000     0.161
     2.000     0.000     2.000     2.000     2.000    -0.048
     2.000     2.000     2.000     3.000     3.000    -0.064
     3.000     1.000     3.000     2.000     2.000     0.271
     1.000     2.000     2.000     1.000     2.000    -0.595
     0.000     2.000     3.000     3.000     2.000    -0.222
     4.000     0.000     4.000     4.000     2.000     1.271
     1.000     2.000     3.000     2.000     2.000    -0.144
     1.000     2.000     1.000     2.000     3.000    -0.701
     1.000     2.000     1.000     1.000     2.000    -0.890
     4.000     1.000     4.000     2.000     3.000     0.776
     2.000     0.000     4.000     4.000     2.000     0.851
     1.000     4.000     0.000     1.000     4.000    -1.330
     1.000     1.000     2.000     2.000     2.000    -0.337
     3.000     1.000     3.000     3.000     2.000     0.409
     4.000     2.000     1.000     4.000     3.000     0.055
     0.000     3.000     1.000     2.000     2.000    -1.058
     1.000     3.000     3.000     2.000     2.000    -0.242
     2.000     2.000     2.000     2.000     2.000    -0.249
     2.000     4.000     1.000     3.000     1.000    -0.633
     3.000     2.000     2.000     2.000     3.000    -0.060
     4.000     0.000     4.000     4.000     1.000     1.214
     2.000     1.000     2.000     2.000     2.000    -0.153
     1.000     2.000     2.000     2.000     2.000    -0.436
     1.000     0.000     1.000     4.000     2.000    -0.255
     2.000     2.000     2.000     2.000     4.000    -0.174
     1.000     2.000     2.000     3.000     2.000    -0.281
     2.000     4.000     2.000     4.000     3.000    -0.126
     4.000     2.000     4.000     3.000     4.000     0.867
     1.000     3.000     2.000     3.000     2.000    -0.381
     1.000     3.000     2.000     2.000     2.000    -0.537
     2.000     0.000     3.000     3.000     3.000     0.409
     1.000     3.000     1.000     1.000     1.000    -1.027
     1.000     1.000     3.000     2.000     2.000    -0.049
     2.000     1.000     3.000     2.000     2.000     0.125
     1.000     2.000     2.000     2.000     2.000    -0.436
     1.000     3.000     2.000     1.000     3.000    -0.656
     4.000     0.000     4.000     4.000     4.000     1.386
     2.000     2.000     2.000     2.000     2.000    -0.249
     2.000     1.000     3.000     2.000     3.000     0.161
     3.000     2.000     2.000     2.000     4.000    -0.022
     2.000     1.000     3.000     3.000     2.000     0.265
     1.000     3.000     1.000     2.000     2.000    -0.837
     4.000     0.000     4.000     4.000     2.000     1.271
     2.000     1.000     4.000     4.000     2.000     0.715
     2.000     4.000     1.000     2.000     2.000    -0.748
     4.000     0.000     4.000     4.000     3.000     1.326
     0.000     2.000     2.000     2.000     2.000    -0.664
     1.000     2.000     2.000     2.000     2.000    -0.436
     3.000     2.000     2.000     3.000     4.000     0.121
     3.000     2.000     4.000     4.000     3.000     0.814
     0.000     0.000     4.000     4.000     4.000     0.478
     2.000     1.000     2.000     3.000     3.000     0.030
     1.000     1.000     1.000     2.000     3.000    -0.604
     2.000     2.000     4.000     1.000     2.000     0.151
     3.000     0.000     4.000     3.000     2.000     0.834
     1.000     1.000     4.000     3.000     2.000     0.379
     4.000     2.000     3.000     4.000     3.000     0.660
     1.000     4.000     1.000     1.000     3.000    -1.061
     2.000     3.000     2.000     1.000     3.000    -0.466
     3.000     4.000     2.000     2.000     3.000    -0.259
     2.000     0.000     2.000     2.000     4.000     0.027
     2.000     0.000     2.000     0.000     3.000    -0.313
     2.000     3.000     2.000     1.000     3.000    -0.466
     1.000     2.000     2.000     2.000     2.000    -0.436
     1.000     2.000     2.000     3.000     2.000    -0.281
     3.000     3.000     3.000     3.000     1.000     0.184
     1.000     3.000     1.000     1.000     2.000    -0.988
     1.000     3.000     1.000     1.000     3.000    -0.950
     1.000     3.000     1.000     3.000     1.000    -0.718
     3.000     4.000     4.000     3.000     3.000     0.443
     3.000     0.000     4.000     2.000     2.000     0.684
     2.000     2.000     2.000     2.000     3.000    -0.212
     1.000     2.000     2.000     2.000     2.000    -0.436
     2.000     2.000     3.000     0.000     3.000    -0.225
     3.000     0.000     3.000     1.000     1.000     0.180
     3.000     3.000     1.000     2.000     3.000    -0.457
     2.000     1.000     3.000     3.000     3.000     0.301
     3.000     2.000     4.000     4.000     3.000     0.814
     3.000     2.000     3.000     3.000     2.000     0.318
     4.000     0.000     4.000     3.000     3.000     1.082
     3.000     2.000     3.000     3.000     2.000     0.318
     1.000     1.000     2.000     0.000     2.000    -0.643
     3.000     0.000     4.000     3.000     3.000     0.874
     0.000     3.000     2.000     2.000     2.000    -0.764
     1.000     1.000     1.000     2.000     1.000    -0.680
     2.000     2.000     3.000     2.000     2.000     0.032
     2.000     1.000     2.000     1.000     2.000    -0.310
     3.000     2.000     3.000     3.000     2.000     0.318
     1.000     2.000     4.000     2.000     2.000     0.139
     1.000     3.000     1.000     0.000     2.000    -1.140
     2.000     3.000     1.000     0.000     3.000    -0.899
     2.000     2.000     2.000     3.000     4.000    -0.027
     2.000     2.000     3.000     2.000     2.000     0.032
     2.000     4.000     2.000     1.000     3.000    -0.570
     0.000     2.000     3.000     2.000     3.000    -0.332
     3.000     0.000     4.000     3.000     4.000     0.917
     1.000     2.000     2.000     2.000     2.000    -0.436
     4.000     0.000     4.000     4.000     1.000     1.214
     2.000     1.000     2.000     2.000     3.000    -0.116
     4.000     4.000     4.000     1.000     3.000     0.292
     1.000     2.000     2.000     2.000     2.000    -0.436
     3.000     0.000     3.000     4.000     3.000     0.707
     3.000     1.000     2.000     4.000     1.000     0.241
     1.000     4.000     2.000     2.000     2.000    -0.646
     2.000     1.000     4.000     3.000     2.000     0.553
     2.000     2.000     3.000     3.000     2.000     0.173
     2.000     1.000     3.000     4.000     4.000     0.481
     1.000     2.000     2.000     2.000     2.000    -0.436
     1.000     2.000     2.000     2.000     2.000    -0.436
     2.000     3.000     2.000     2.000     3.000    -0.310
     3.000     0.000     4.000     2.000     4.000     0.765
     1.000     4.000     2.000     3.000     3.000    -0.448
     1.000     2.000     2.000     3.000     3.000    -0.244
     2.000     1.000     3.000     4.000     3.000     0.444
     1.000     2.000     3.000     2.000     2.000    -0.144
     3.000     4.000     2.000     4.000     2.000    -0.011
     1.000     2.000     2.000     1.000     1.000    -0.634
     2.000     1.000     2.000     1.000     3.000    -0.273
     1.000     1.000     2.000     1.000     3.000    -0.459
     2.000     3.000     3.000     3.000     3.000     0.113
     1.000     1.000     4.000     2.000     1.000     0.195
     4.000     0.000     4.000     4.000     2.000     1.271
     0.000     2.000     0.000     2.000     2.000    -1.265
     1.000     1.000     3.000     2.000     3.000    -0.012
     1.000     0.000     4.000     2.000     3.000     0.386
     1.000     2.000     1.000     1.000     3.000    -0.853
     2.000     2.000     2.000     3.000     3.000    -0.064
     1.000     3.000     2.000     1.000     1.000    -0.734
     1.000     1.000     2.000     2.000     2.000    -0.337
     2.000     2.000     2.000     2.000     2.000    -0.249
     1.000     1.000     3.000     1.000     3.000    -0.170
     0.000     1.000     0.000     1.000     4.000    -1.237
     1.000     2.000     2.000     2.000     2.000    -0.436
     1.000     3.000     1.000     3.000     2.000    -0.679
     2.000     1.000     2.000     4.000     3.000     0.168
     2.000     0.000     3.000     4.000     3.000     0.558
     4.000     2.000     4.000     4.000     3.000     1.018
     4.000     2.000     3.000     2.000     3.000     0.368
     3.000     3.000     2.000     2.000     3.000    -0.158
     1.000     2.000     1.000     1.000     4.000    -0.816
     0.000     3.000     1.000     3.000     2.000    -0.896
     3.000     0.000     4.000     3.000     2.000     0.834
     2.000     4.000     4.000     1.000     2.000    -0.043
     3.000     2.000     3.000     4.000     2.000     0.461
     1.000     1.000     2.000     2.000     2.000    -0.337
     1.000     2.000     3.000     2.000     2.000    -0.144
     4.000     0.000     2.000     2.000     2.000     0.257
     2.000     1.000     2.000     1.000     2.000    -0.310
     2.000     3.000     0.000     0.000     0.000    -1.314
     4.000     4.000     4.000     4.000     4.000     0.824
     2.000     2.000     0.000     4.000     3.000    -0.536
     1.000     4.000     0.000     1.000     2.000    -1.407
     2.000     0.000     3.000     3.000     1.000     0.334
     1.000     2.000     2.000     1.000     3.000    -0.557
     3.000     1.000     3.000     2.000     3.000     0.307
     2.000     3.000     3.000     2.000     3.000    -0.029
     0.000     3.000     1.000     1.000     2.000    -1.208
     2.000     2.000     3.000     3.000     2.000     0.173
     1.000     3.000     3.000     3.000     1.000    -0.134
     1.000     2.000     1.000     1.000     1.000    -0.929
     2.000     0.000     3.000     4.000     2.000     0.521
     1.000     2.000     3.000     2.000     3.000    -0.107
     4.000     0.000     4.000     4.000     3.000     1.326
     4.000     0.000     4.000     4.000     4.000     1.386
     1.000     2.000     2.000     1.000     1.000    -0.634
     2.000     2.000     3.000     4.000     1.000     0.275
     1.000     1.000     1.000     2.000     3.000    -0.604
     2.000     3.000     2.000     2.000     2.000    -0.348
     2.000     2.000     2.000     2.000     2.000    -0.249
     4.000     0.000     4.000     4.000     3.000     1.326
     3.000     1.000     4.000     3.000     3.000     0.743
     1.000     3.000     4.000     2.000     2.000     0.040
     2.000     2.000     2.000     3.000     3.000    -0.064
     3.000     2.000     4.000     3.000     4.000     0.685
     1.000     1.000     3.000     3.000     2.000     0.095
     2.000     2.000     1.000     3.000     2.000    -0.400
     4.000     0.000     3.000     4.000     2.000     0.843
     2.000     1.000     2.000     4.000     3.000     0.168
     3.000     0.000     3.000     3.000     2.000     0.518
     1.000     3.000     2.000     3.000     2.000    -0.381
     1.000     3.000     1.000     2.000     2.000    -0.837
     2.000     3.000     3.000     2.000     2.000    -0.065
     3.000     1.000     3.000     3.000     3.000     0.444
     2.000     2.000     3.000     2.000     4.000     0.105
     2.000     1.000     2.000     3.000     1.000    -0.045
     3.000     1.000     3.000     2.000     2.000     0.271
     2.000     4.000     1.000     0.000     3.000    -1.008
     2.000     0.000     3.000     3.000     3.000     0.409
     1.000     2.000     2.000     2.000     1.000    -0.477
     1.000     1.000     2.000     3.000     1.000    -0.224
     0.000     2.000     2.000     2.000     2.000    -0.664
     1.000     2.000     3.000     4.000     4.000     0.216
     2.000     3.000     3.000     1.000     3.000    -0.184
     2.000     1.000     3.000     3.000     3.000     0.301
     4.000     0.000     4.000     4.000     4.000     1.386
     1.000     4.000     2.000     3.000     2.000    -0.486
     2.000     0.000     2.000     3.000     2.000     0.098
     3.000     0.000     4.000     4.000     3.000     1.070
     1.000     1.000     2.000     0.000     4.000    -0.567
     1.000     1.000     4.000     0.000     2.000    -0.066
     3.000     0.000     3.000     2.000     4.000     0.454
     2.000     0.000     2.000     4.000     4.000     0.315
     2.000     2.000     2.000     2.000     2.000    -0.249
     0.000     1.000     3.000     2.000     3.000    -0.238
     2.000     1.000     3.000     2.000     2.000     0.125
     4.000     0.000     4.000     4.000     3.000     1.326
     3.000     2.000     3.000     3.000     4.000     0.390
     1.000     2.000     3.000     2.000     1.000    -0.183
     1.000     3.000     2.000     1.000     2.000    -0.694
     3.000     1.000     1.000     3.000     2.000    -0.163
     4.000     0.000     4.000     4.000     3.000     1.326
     0.000     2.000     3.000     3.000     2.000    -0.222
     1.000     1.000     4.000     4.000     1.000     0.491
     2.000     0.000     3.000     3.000     3.000     0.409
     3.000     2.000     2.000     2.000     2.000    -0.096
     4.000     0.000     4.000     4.000     3.000     1.326
     2.000     3.000     1.000     3.000     1.000    -0.531
     3.000     1.000     2.000     2.000     2.000    -0.002
     4.000     2.000     4.000     4.000     2.000     0.973
     3.000     3.000     2.000     4.000     2.000     0.088
     2.000     3.000     3.000     2.000     2.000    -0.065
     0.000     3.000     1.000     3.000     1.000    -0.935
     4.000     0.000     4.000     4.000     3.000     1.326
     4.000     1.000     3.000     3.000     2.000     0.564
     2.000     0.000     3.000     3.000     2.000     0.373
     2.000     2.000     3.000     2.000     3.000     0.068
     2.000     2.000     2.000     1.000     3.000    -0.369
     3.000     1.000     4.000     3.000     2.000     0.705
     0.000     4.000     1.000     2.000     2.000    -1.172
     2.000     2.000     3.000     3.000     2.000     0.173
     3.000     0.000     3.000     3.000     3.000     0.554
     1.000     2.000     2.000     2.000     2.000    -0.436
     1.000     2.000     2.000     2.000     3.000    -0.398
     1.000     3.000     2.000     2.000     1.000    -0.577
     3.000     3.000     4.000     3.000     1.000     0.466
     2.000     2.000     3.000     2.000     2.000     0.032
     2.000     1.000     2.000     2.000     3.000    -0.116
     4.000     4.000     4.000     4.000     2.000     0.738
     1.000     1.000     3.000     2.000     1.000    -0.088
     2.000     2.000     2.000     2.000     2.000    -0.249
     3.000     0.000     4.000     3.000     2.000     0.834
     2.000     2.000     2.000     0.000     2.000    -0.548
     1.000     2.000     3.000     2.000     2.000    -0.144
     1.000     1.000     1.000     2.000     2.000    -0.641
     4.000     0.000     4.000     4.000     3.000     1.326
     0.000     0.000     2.000     2.000     1.000    -0.503
     1.000     3.000     2.000     2.000     2.000    -0.537
     2.000     0.000     2.000     4.000     1.000     0.201
     1.000     2.000     2.000     3.000     2.000    -0.281
     3.000     2.000     3.000     2.000     3.000     0.215
     1.000     1.000     1.000     1.000     3.000    -0.756
     3.000     1.000     1.000     0.000     1.000    -0.630
     2.000     2.000     2.000     2.000     4.000    -0.174
     1.000     1.000     3.000     3.000     3.000     0.131
     2.000     2.000     2.000     2.000     2.000    -0.249
     3.000     1.000     2.000     3.000     3.000     0.176
     0.000     3.000     3.000     4.000     3.000    -0.149
     3.000     0.000     4.000     4.000     2.000     1.024
     2.000     3.000     1.000     2.000     2.000    -0.644
     1.000     2.000     2.000     3.000     3.000    -0.244
     3.000     2.000     3.000     2.000     2.000     0.179
     1.000     0.000     3.000     4.000     3.000     0.384
     0.000     1.000     1.000     2.000     4.000    -0.787
     3.000     1.000     4.000     3.000     1.000     0.664
     2.000     1.000     3.000     2.000     2.000     0.125
     1.000     2.000     2.000     1.000     1.000    -0.634
     1.000     3.000     2.000     1.000     2.000    -0.694
     2.000     4.000     4.000     2.000     2.000     0.116
     1.000     2.000     1.000     1.000     2.000    -0.890
     1.000     1.000     3.000     2.000     2.000    -0.049
     3.000     3.000     2.000     3.000     3.000    -0.012
     2.000     2.000     2.000     0.000     3.000    -0.511
     1.000     3.000     2.000     1.000     2.000    -0.694
     4.000     0.000     4.000     4.000     2.000     1.271
     4.000     0.000     4.000     4.000     2.000     1.271
     1.000     1.000     2.000     1.000     2.000    -0.496
     1.000     1.000     3.000     3.000     1.000     0.057
     1.000     1.000     1.000     1.000     2.000    -0.793
     1.000     1.000     3.000     1.000     3.000    -0.170
     2.000     1.000     2.000     3.000     1.000    -0.045
     1.000     2.000     2.000     1.000     2.000    -0.595
     1.000     1.000     3.000     3.000     2.000     0.095
     2.000     2.000     4.000     2.000     4.000     0.390
     2.000     1.000     3.000     2.000     2.000     0.125
     1.000     2.000     4.000     2.000     2.000     0.139
     3.000     4.000     3.000     3.000     3.000     0.162
     2.000     2.000     3.000     2.000     2.000     0.032
     1.000     2.000     2.000     2.000     2.000    -0.436
     2.000     1.000     3.000     3.000     2.000     0.265
     2.000     2.000     2.000     2.000     2.000    -0.249
     2.000     1.000     2.000     2.000     1.000    -0.192
     1.000     0.000     2.000     2.000     2.000    -0.232
     2.000     1.000     2.000     2.000     2.000    -0.153
     2.000     1.000     2.000     2.000     2.000    -0.153
     2.000     2.000     2.000     1.000     2.000    -0.405
     2.000     3.000     3.000     2.000     3.000    -0.029
     1.000     2.000     3.000     3.000     2.000     0.002
     2.000     2.000     1.000     2.000     2.000    -0.548
     2.000     3.000     3.000     3.000     2.000     0.077
     3.000     3.000     2.000     2.000     2.000    -0.194
     1.000     2.000     2.000     2.000     2.000    -0.436
     2.000     2.000     3.000     2.000     3.000     0.068
     1.000     2.000     2.000     2.000     2.000    -0.436
     1.000     1.000     3.000     2.000     1.000    -0.088
     2.000     1.000     3.000     3.000     3.000     0.301
     3.000     2.000     3.000     2.000     3.000     0.215
     3.000     1.000     3.000     3.000     2.000     0.409
     2.000     0.000     4.000     4.000     1.000     0.805
     2.000     0.000     4.000     2.000     3.000     0.566
     2.000     2.000     3.000     2.000     2.000     0.032
     2.000     3.000     2.000     2.000     2.000    -0.348
     3.000     1.000     4.000     1.000     3.000     0.428
     1.000     3.000     0.000     1.000     0.000    -1.371
     1.000     2.000     3.000     1.000     3.000    -0.264
     1.000     0.000     3.000     3.000     1.000     0.163
     0.000     2.000     2.000     1.000     3.000    -0.781
     1.000     3.000     3.000     0.000     2.000    -0.537
     1.000     0.000     3.000     2.000     3.000     0.094
     1.000     0.000     2.000     4.000     3.000     0.100
     2.000     1.000     3.000     3.000     3.000     0.301
     2.000     0.000     3.000     1.000     3.000     0.107
     1.000     2.000     2.000     2.000     3.000    -0.398
     1.000     1.000     3.000     0.000     3.000    -0.309
     4.000     3.000     3.000     3.000     1.000     0.334
     2.000     1.000     2.000     2.000     2.000    -0.153
     1.000     2.000     2.000     2.000     1.000    -0.477
     2.000     2.000     3.000     2.000     3.000     0.068
     4.000     1.000     3.000     2.000     3.000     0.461
     3.000     1.000     3.000     3.000     2.000     0.409
     4.000     0.000     3.000     3.000     1.000     0.640
     3.000     0.000     4.000     3.000     1.000     0.790
     4.000     0.000     4.000     4.000     4.000     1.386
     2.000     2.000     2.000     2.000     2.000    -0.249
