     3.000     3.000     3.000     2.000     1.000     0.265
     4.000     3.000     3.000     3.000     0.000     0.690
     2.000     2.000     2.000     3.000     1.000     0.121
     3.000     1.000     2.000     3.000     1.000     0.089
     3.000     2.000     2.000     3.000     1.000     0.221
     3.000     2.000     2.000     3.000     1.000     0.221
     4.000     1.000     4.000     2.000     1.000     0.213
     4.000     3.000     4.000     4.000     0.000     1.012
     4.000     2.000     4.000     2.000     1.000     0.351
     3.000     2.000     4.000     3.000     1.000     0.415
     2.000     3.000     2.000     3.000     1.000     0.247
     4.000     1.000     2.000     3.000     1.000     0.198
     3.000     3.000     3.000     2.000     1.000     0.265
     2.000     1.000     1.000     2.000     2.000    -0.402
     2.000     4.000     3.000     3.000     2.000     0.338
     3.000     1.000     4.000     3.000     2.000     0.162
     3.000     2.000     1.000     2.000     1.000    -0.056
     3.000     3.000     4.000     3.000     0.000     0.678
     2.000     3.000     1.000     3.000     1.000     0.151
     3.000     2.000     2.000     2.000     2.000    -0.076
     1.000     1.000     1.000     2.000     1.000    -0.388
     4.000     2.000     4.000     3.000     1.000     0.530
     3.000     2.000     3.000     3.000     1.000     0.315
     3.000     0.000     0.000     3.000     1.000    -0.234
     3.000     2.000     0.000     2.000     0.000    -0.023
     3.000     3.000     2.000     2.000     1.000     0.171
     1.000     1.000     2.000     2.000     1.000    -0.292
     2.000     3.000     3.000     0.000     1.000    -0.192
     2.000     2.000     1.000     3.000     1.000     0.025
     1.000     2.000     1.000     2.000     1.000    -0.258
     3.000     2.000     1.000     3.000     1.000     0.124
     2.000     2.000     2.000     3.000     1.000     0.121
     3.000     1.000     2.000     4.000     2.000     0.144
     4.000     2.000     0.000     4.000     1.000     0.313
     4.000     2.000     2.000     2.000     1.000     0.153
     3.000     2.000     2.000     3.000     1.000     0.221
     2.000     1.000     1.000     2.000     1.000    -0.289
     3.000     2.000     2.000     3.000     1.000     0.221
     1.000     2.000     2.000     2.000     0.000    -0.028
     1.000     0.000     0.000     0.000     3.000    -1.212
     2.000     2.000     2.000     2.000     1.000    -0.060
     3.000     2.000     1.000     2.000     1.000    -0.056
     3.000     2.000     3.000     1.000     1.000    -0.052
     0.000     2.000     1.000     3.000     0.000    -0.044
     3.000     2.000     2.000     2.000     0.000     0.176
     2.000     2.000     2.000     2.000     1.000    -0.060
     2.000     1.000     2.000     2.000     2.000    -0.307
     3.000     2.000     2.000     2.000     1.000     0.042
     2.000     2.000     4.000     1.000     1.000    -0.057
     3.000     2.000     2.000     2.000     1.000     0.042
     3.000     1.000     2.000     3.000     1.000     0.089
     0.000     2.000     2.000     1.000     2.000    -0.557
     1.000     2.000     2.000     2.000     0.000    -0.028
     3.000     2.000     2.000     2.000     1.000     0.042
     1.000     3.000     2.000     0.000     3.000    -0.589
     3.000     4.000     1.000     2.000     2.000     0.073
     1.000     1.000     1.000     1.000     2.000    -0.675
     3.000     2.000     2.000     2.000     2.000    -0.076
     2.000     2.000     2.000     2.000     2.000    -0.176
     1.000     1.000     1.000     1.000     2.000    -0.675
     2.000     2.000     2.000     2.000     0.000     0.074
     3.000     1.000     2.000     3.000     1.000     0.089
     0.000     2.000     2.000     1.000     1.000    -0.446
     4.000     1.000     2.000     3.000     3.000    -0.017
     3.000     1.000     1.000     2.000     0.000    -0.056
     3.000     3.000     2.000     2.000     2.000     0.054
     2.000     4.000     3.000     2.000     0.000     0.418
     3.000     4.000     4.000     3.000     1.000     0.662
     4.000     2.000     2.000     1.000     2.000    -0.154
     2.000     0.000     1.000     2.000     1.000    -0.420
     3.000     4.000     2.000     4.000     0.000     0.794
     4.000     2.000     3.000     3.000     1.000     0.427
     3.000     4.000     3.000     2.000     0.000     0.520
     3.000     3.000     3.000     3.000     1.000     0.438
     4.000     2.000     1.000     2.000     1.000     0.054
     3.000     1.000     2.000     2.000     1.000    -0.091
     1.000     2.000     3.000     2.000     1.000    -0.064
     2.000     2.000     2.000     2.000     4.000    -0.367
     4.000     0.000     4.000     4.000     0.000     0.583
     4.000     3.000     3.000     3.000     1.000     0.551
     3.000     1.000     1.000     3.000     1.000    -0.007
     1.000     2.000     3.000     2.000     1.000    -0.064
     3.000     2.000     2.000     3.000     0.000     0.355
     3.000     2.000     2.000     2.000     0.000     0.176
     4.000     3.000     3.000     3.000     1.000     0.551
     3.000     1.000     1.000     2.000     1.000    -0.188
     2.000     1.000     2.000     2.000     1.000    -0.192
     2.000     2.000     2.000     3.000     2.000     0.005
     4.000     4.000     4.000     4.000     0.000     1.168
     4.000     4.000     3.000     2.000     0.000     0.639
     3.000     3.000     3.000     3.000     1.000     0.438
     3.000     2.000     0.000     2.000     0.000    -0.023
     3.000     3.000     3.000     3.000     1.000     0.438
     2.000     1.000     1.000     1.000     1.000    -0.469
     2.000     1.000     2.000     2.000     1.000    -0.192
     0.000     2.000     2.000     2.000     0.000    -0.130
     2.000     1.000     1.000     2.000     1.000    -0.289
     4.000     0.000     4.000     3.000     2.000     0.143
     3.000     2.000     3.000     2.000     1.000     0.138
     2.000     2.000     2.000     2.000     1.000    -0.060
     1.000     1.000     0.000     2.000     2.000    -0.607
     2.000     1.000     4.000     3.000     0.000     0.313
     3.000     1.000     1.000     2.000     1.000    -0.188
     2.000     2.000     2.000     2.000     3.000    -0.275
     3.000     3.000     2.000     3.000     1.000     0.346
     2.000     3.000     2.000     4.000     1.000     0.422
     2.000     2.000     1.000     3.000     1.000     0.025
     2.000     4.000     3.000     3.000     0.000     0.594
     2.000     2.000     1.000     2.000     1.000    -0.157
     2.000     1.000     2.000     2.000     1.000    -0.192
     1.000     1.000     2.000     2.000     3.000    -0.502
     2.000     0.000     3.000     0.000     2.000    -0.692
     1.000     2.000     0.000     1.000     1.000    -0.544
     2.000     3.000     2.000     2.000     3.000    -0.143
     3.000     3.000     3.000     2.000     1.000     0.265
     2.000     2.000     2.000     2.000     2.000    -0.176
     2.000     2.000     4.000     2.000     1.000     0.135
     3.000     1.000     1.000     3.000     0.000     0.123
     2.000     3.000     1.000     3.000     0.000     0.282
     1.000     2.000     2.000     1.000     2.000    -0.456
     3.000     3.000     3.000     3.000     0.000     0.573
     2.000     1.000     4.000     3.000     0.000     0.313
     3.000     2.000     2.000     3.000     1.000     0.221
     4.000     3.000     4.000     3.000     1.000     0.656
     4.000     0.000     1.000     2.000     2.000    -0.325
     4.000     0.000     4.000     4.000     2.000     0.318
     3.000     2.000     2.000     2.000     1.000     0.042
     3.000     4.000     1.000     4.000     0.000     0.687
     2.000     1.000     3.000     1.000     1.000    -0.279
     3.000     1.000     3.000     1.000     2.000    -0.293
     2.000     2.000     2.000     2.000     1.000    -0.060
     2.000     1.000     2.000     3.000     2.000    -0.124
     3.000     3.000     3.000     3.000     0.000     0.573
     0.000     2.000     0.000     1.000     2.000    -0.759
     3.000     0.000     1.000     2.000     1.000    -0.319
     3.000     2.000     2.000     2.000     2.000    -0.076
     3.000     1.000     1.000     2.000     2.000    -0.302
     3.000     2.000     2.000     2.000     2.000    -0.076
     4.000     2.000     1.000     4.000     0.000     0.553
     3.000     1.000     1.000     1.000     2.000    -0.481
     2.000     2.000     1.000     3.000     1.000     0.025
     2.000     1.000     1.000     2.000     1.000    -0.289
     3.000     2.000     1.000     2.000     1.000    -0.056
     2.000     1.000     2.000     1.000     3.000    -0.580
     2.000     2.000     2.000     2.000     2.000    -0.176
     3.000     3.000     3.000     2.000     1.000     0.265
     2.000     2.000     2.000     2.000     2.000    -0.176
     1.000     3.000     0.000     3.000     2.000    -0.157
     4.000     1.000     2.000     1.000     1.000    -0.170
     3.000     2.000     1.000     2.000     0.000     0.077
     2.000     2.000     3.000     2.000     2.000    -0.080
     3.000     2.000     2.000     2.000     1.000     0.042
     3.000     4.000     2.000     4.000     0.000     0.794
     2.000     2.000     2.000     2.000     0.000     0.074
     3.000     2.000     0.000     2.000     1.000    -0.158
     2.000     1.000     2.000     2.000     0.000    -0.060
     1.000     2.000     3.000     2.000     0.000     0.069
     1.000     3.000     2.000     2.000     2.000    -0.145
     3.000     3.000     3.000     4.000     1.000     0.617
     2.000     2.000     2.000     2.000     0.000     0.074
     2.000     2.000     1.000     2.000     2.000    -0.273
     2.000     1.000     2.000     3.000     3.000    -0.220
     4.000     3.000     4.000     4.000     1.000     0.851
     2.000     2.000     2.000     2.000     1.000    -0.060
     4.000     2.000     0.000     4.000     4.000     0.003
     2.000     2.000     4.000     4.000     0.000     0.637
     3.000     1.000     2.000     3.000     1.000     0.089
     3.000     3.000     3.000     3.000     1.000     0.438
     2.000     2.000     3.000     3.000     2.000     0.099
     2.000     3.000     2.000     2.000     1.000     0.071
     2.000     4.000     4.000     2.000     0.000     0.522
     2.000     2.000     2.000     2.000     2.000    -0.176
     2.000     2.000     1.000     1.000     1.000    -0.341
     3.000     1.000     2.000     3.000     0.000     0.220
     3.000     2.000     2.000     2.000     0.000     0.176
     3.000     1.000     1.000     4.000     1.000     0.165
     0.000     2.000     0.000     1.000     0.000    -0.514
     2.000     4.000     3.000     4.000     4.000     0.325
     4.000     2.000     4.000     4.000     0.000     0.876
     3.000     2.000     3.000     1.000     2.000    -0.166
     4.000     3.000     0.000     3.000     3.000     0.048
     2.000     3.000     2.000     3.000     0.000     0.380
     3.000     3.000     2.000     3.000     1.000     0.346
     4.000     3.000     3.000     3.000     0.000     0.690
     2.000     1.000     1.000     2.000     1.000    -0.289
     3.000     2.000     1.000     2.000     1.000    -0.056
     1.000     1.000     1.000     1.000     3.000    -0.769
     1.000     1.000     1.000     2.000     2.000    -0.500
     4.000     1.000     0.000     1.000     1.000    -0.366
     2.000     2.000     1.000     2.000     1.000    -0.157
     4.000     2.000     2.000     2.000     1.000     0.153
     2.000     1.000     2.000     4.000     0.000     0.295
     2.000     2.000     1.000     2.000     2.000    -0.273
     1.000     0.000     0.000     2.000     2.000    -0.742
     2.000     1.000     1.000     3.000     1.000    -0.105
     2.000     1.000     2.000     2.000     2.000    -0.307
     1.000     2.000     4.000     3.000     1.000     0.212
     4.000     1.000     3.000     4.000     0.000     0.610
     3.000     2.000     3.000     2.000     0.000     0.272
     1.000     2.000     3.000     2.000     2.000    -0.180
     2.000     0.000     0.000     0.000     3.000    -1.107
     3.000     3.000     2.000     2.000     2.000     0.054
     1.000     3.000     0.000     2.000     1.000    -0.227
     2.000     4.000     2.000     4.000     1.000     0.543
     4.000     1.000     1.000     1.000     4.000    -0.562
     2.000     2.000     4.000     3.000     1.000     0.314
     3.000     2.000     3.000     1.000     1.000    -0.052
     1.000     1.000     1.000     1.000     2.000    -0.675
     3.000     1.000     2.000     2.000     2.000    -0.207
     3.000     2.000     2.000     0.000     1.000    -0.319
     4.000     3.000     3.000     3.000     1.000     0.551
     4.000     3.000     3.000     3.000     0.000     0.690
     1.000     2.000     1.000     1.000     2.000    -0.550
     4.000     2.000     2.000     2.000     1.000     0.153
     2.000     0.000     1.000     3.000     3.000    -0.440
     3.000     2.000     2.000     2.000     1.000     0.042
     2.000     1.000     2.000     1.000     1.000    -0.375
     3.000     0.000     3.000     2.000     3.000    -0.337
     1.000     1.000     2.000     1.000     2.000    -0.583
     4.000     4.000     4.000     4.000     0.000     1.168
     3.000     3.000     3.000     3.000     0.000     0.573
     3.000     2.000     2.000     2.000     1.000     0.042
     4.000     2.000     0.000     2.000     1.000    -0.047
     2.000     0.000     0.000     0.000     1.000    -0.891
     0.000     0.000     1.000     0.000     2.000    -1.097
     4.000     2.000     4.000     2.000     1.000     0.351
     4.000     2.000     4.000     3.000     0.000     0.673
     2.000     2.000     2.000     2.000     2.000    -0.176
     2.000     3.000     2.000     3.000     1.000     0.247
     2.000     0.000     0.000     1.000     1.000    -0.708
     1.000     2.000     2.000     2.000     2.000    -0.276
     3.000     1.000     2.000     1.000     0.000    -0.146
     1.000     1.000     1.000     2.000     2.000    -0.500
     2.000     2.000     3.000     2.000     1.000     0.037
     3.000     1.000     0.000     3.000     1.000    -0.105
     2.000     1.000     1.000     1.000     1.000    -0.469
     2.000     2.000     2.000     2.000     1.000    -0.060
     4.000     1.000     1.000     2.000     1.000    -0.080
     4.000     2.000     2.000     4.000     1.000     0.514
     1.000     2.000     0.000     2.000     0.000    -0.228
     2.000     0.000     3.000     1.000     1.000    -0.408
     3.000     3.000     2.000     3.000     0.000     0.480
     4.000     1.000     2.000     3.000     1.000     0.198
     3.000     2.000     3.000     2.000     1.000     0.138
     3.000     1.000     1.000     1.000     1.000    -0.370
     3.000     3.000     2.000     2.000     2.000     0.054
     3.000     1.000     1.000     2.000     2.000    -0.302
     4.000     2.000     2.000     2.000     2.000     0.034
     3.000     2.000     2.000     2.000     1.000     0.042
     1.000     1.000     2.000     4.000     3.000    -0.148
     2.000     0.000     0.000     1.000     1.000    -0.708
     2.000     2.000     1.000     2.000     0.000    -0.024
     2.000     1.000     2.000     2.000     2.000    -0.307
     4.000     3.000     4.000     3.000     1.000     0.656
     2.000     3.000     2.000     3.000     1.000     0.247
     3.000     2.000     1.000     2.000     2.000    -0.172
     3.000     0.000     1.000     2.000     2.000    -0.433
     4.000     2.000     3.000     4.000     1.000     0.610
     3.000     3.000     1.000     3.000     1.000     0.250
     2.000     2.000     3.000     3.000     3.000     0.002
     2.000     2.000     2.000     2.000     1.000    -0.060
     1.000     1.000     0.000     1.000     3.000    -0.878
     3.000     1.000     2.000     1.000     2.000    -0.387
     2.000     3.000     2.000     2.000     1.000     0.071
     2.000     1.000     2.000     2.000     1.000    -0.192
     2.000     1.000     0.000     1.000     2.000    -0.685
     2.000     1.000     0.000     1.000     2.000    -0.685
     2.000     2.000     2.000     2.000     2.000    -0.176
     1.000     1.000     1.000     1.000     2.000    -0.675
     3.000     3.000     2.000     1.000     0.000     0.111
     3.000     2.000     1.000     2.000     1.000    -0.056
     2.000     2.000     2.000     2.000     1.000    -0.060
     4.000     4.000     3.000     3.000     0.000     0.818
     1.000     0.000     3.000     0.000     4.000    -0.985
     4.000     3.000     2.000     2.000     1.000     0.282
     2.000     3.000     3.000     1.000     3.000    -0.230
     4.000     2.000     3.000     2.000     3.000     0.030
     4.000     3.000     3.000     1.000     0.000     0.313
     3.000     2.000     2.000     2.000     0.000     0.176
     1.000     2.000     2.000     1.000     3.000    -0.551
     2.000     2.000     4.000     4.000     2.000     0.370
     3.000     3.000     3.000     1.000     1.000     0.075
     1.000     2.000     4.000     2.000     2.000    -0.085
     1.000     1.000     1.000     2.000     1.000    -0.388
     4.000     2.000     3.000     2.000     0.000     0.387
     2.000     2.000     2.000     4.000     0.000     0.433
     2.000     2.000     3.000     3.000     2.000     0.099
     2.000     2.000     2.000     1.000     2.000    -0.359
     3.000     2.000     3.000     3.000     2.000     0.197
     1.000     3.000     3.000     3.000     0.000     0.372
     3.000     2.000     1.000     2.000     0.000     0.077
     2.000     1.000     2.000     1.000     2.000    -0.486
     2.000     1.000     4.000     2.000     2.000    -0.117
     2.000     1.000     1.000     2.000     2.000    -0.402
     2.000     1.000     1.000     1.000     2.000    -0.579
     3.000     3.000     3.000     3.000     1.000     0.438
     3.000     1.000     1.000     4.000     0.000     0.297
     3.000     3.000     0.000     2.000     1.000    -0.025
     4.000     2.000     2.000     3.000     1.000     0.333
     3.000     4.000     2.000     3.000     1.000     0.464
     2.000     2.000     2.000     2.000     2.000    -0.176
     4.000     0.000     0.000     4.000     0.000     0.181
     2.000     0.000     4.000     0.000     0.000    -0.358
     2.000     2.000     3.000     2.000     1.000     0.037
     2.000     1.000     0.000     1.000     3.000    -0.780
     2.000     1.000     1.000     3.000     1.000    -0.105
     3.000     3.000     3.000     4.000     0.000     0.760
     3.000     2.000     1.000     1.000     2.000    -0.354
     1.000     2.000     2.000     2.000     1.000    -0.161
     2.000     3.000     1.000     2.000     0.000     0.106
     3.000     2.000     2.000     2.000     1.000     0.042
     2.000     1.000     1.000     2.000     2.000    -0.402
     2.000     1.000     3.000     1.000     1.000    -0.279
     1.000     3.000     2.000     4.000     1.000     0.321
     2.000     3.000     2.000     1.000     2.000    -0.229
     1.000     1.000     2.000     3.000     1.000    -0.109
     3.000     1.000     0.000     1.000     1.000    -0.473
     2.000     2.000     1.000     2.000     3.000    -0.370
     2.000     2.000     0.000     3.000     2.000    -0.189
     1.000     2.000     0.000     1.000     1.000    -0.544
     2.000     2.000     1.000     2.000     1.000    -0.157
     2.000     2.000     2.000     2.000     1.000    -0.060
     2.000     3.000     3.000     3.000     1.000     0.340
     2.000     3.000     2.000     3.000     2.000     0.131
     3.000     1.000     1.000     2.000     1.000    -0.188
     3.000     3.000     2.000     3.000     1.000     0.346
     2.000     3.000     2.000     1.000     2.000    -0.229
     2.000     2.000     2.000     2.000     2.000    -0.176
     3.000     2.000     3.000     1.000     2.000    -0.166
     3.000     2.000     1.000     2.000     0.000     0.077
     2.000     2.000     1.000     2.000     2.000    -0.273
     1.000     2.000     2.000     3.000     1.000     0.021
     3.000     2.000     2.000     2.000     1.000     0.042
     3.000     2.000     3.000     2.000     1.000     0.138
     3.000     1.000     3.000     2.000     1.000     0.005
     2.000     2.000     1.000     3.000     2.000    -0.090
     3.000     2.000     2.000     1.000     0.000    -0.016
     3.000     2.000     2.000     2.000     2.000    -0.076
     2.000     1.000     1.000     1.000     2.000    -0.579
     2.000     2.000     3.000     3.000     1.000     0.215
     1.000     4.000     1.000     3.000     2.000     0.052
     3.000     3.000     3.000     3.000     1.000     0.438
     3.000     2.000     0.000     3.000     1.000     0.026
     3.000     1.000     1.000     2.000     1.000    -0.188
     2.000     1.000     4.000     2.000     2.000    -0.117
     3.000     4.000     3.000     4.000     0.000     0.893
     2.000     2.000     1.000     2.000     2.000    -0.273
     4.000     3.000     3.000     1.000     1.000     0.182
     3.000     2.000     3.000     3.000     1.000     0.315
     3.000     2.000     2.000     4.000     1.000     0.398
     4.000     2.000     4.000     3.000     0.000     0.673
     3.000     2.000     0.000     0.000     3.000    -0.728
     2.000     2.000     3.000     3.000     1.000     0.215
     2.000     2.000     2.000     2.000     2.000    -0.176
     3.000     2.000     2.000     2.000     1.000     0.042
     2.000     2.000     2.000     2.000     1.000    -0.060
     3.000     2.000     3.000     2.000     2.000     0.020
     2.000     2.000     0.000     3.000     0.000     0.058
     3.000     2.000     1.000     2.000     3.000    -0.270
     3.000     3.000     4.000     3.000     1.000     0.539
     3.000     2.000     3.000     3.000     1.000     0.315
