10010001	5	2	2	4	3	4	5	4	3	4	4	2	2	4	5	2	3	4	3	5	2	4	4	3	4	4	3	5	4	4	3	5	3	4	4	4	4	4	4	3	3	2	4	3	4	4	2	2	4	2	4	2	4	5	4	4	4	3	3	4	2	4	4	3	2	4	4	4	2	4	3	2	2	4	3	3	2	4	4	4	4	4	4	5	3	4	5	2	4	4	4	2	2	3	4	4	4	4	4	5	4	5	2	4	1	4	4	4	2	4	4	1	0
10010002	4	1	1	5	4	4	3	4	4	4	4	4	4	3	4	1	4	4	4	4	2	4	4	4	4	4	2	4	4	3	2	3	2	4	3	3	4	5	4	3	4	4	4	4	4	1	2	4	2	3	5	1	5	4	5	4	3	1	4	4	1	5	5	4	4	4	4	4	4	4	4	1	1	4	4	4	1	4	5	4	4	2	3	5	2	5	4	2	5	4	3	2	2	4	5	4	3	4	4	5	5	4	1	4	3	4	3	4	2	5	5	1	0
10010004	5	2	1	4	4	4	4	3	1	4	4	5	1	3	4	1	5	2	1	5	2	2	4	4	4	4	4	2	3	3	2	4	1	5	5	2	5	5	4	4	2	4	4	3	4	1	2	1	4	2	4	2	3	4	4	4	3	2	4	3	1	5	5	5	2	3	4	5	4	3	2	3	1	4	4	4	1	4	4	4	4	5	4	4	1	4	5	3	4	5	1	1	2	1	4	4	3	3	3	3	4	5	4	4	1	4	2	4	3	2	4	1	0
10010005	5	2	1	5	5	5	5	5	1	3	5	1	1	2	5	1	5	5	1	5	1	1	4	5	4	4	5	4	5	5	1	5	2	4	5	1	5	5	5	5	5	5	5	4	4	1	3	1	4	4	5	2	5	5	4	4	5	3	5	5	5	5	3	4	4	2	4	4	4	4	5	1	3	4	5	4	1	5	5	3	4	5	5	4	1	5	5	1	4	5	2	5	2	1	5	4	3	5	4	5	4	4	3	5	1	5	3	4	1	5	5	1	0
10010007	3	1	1	4	5	4	3	4	4	5	4	2	3	2	3	1	1	3	3	5	2	4	3	4	4	2	2	3	4	5	2	3	2	3	3	2	2	5	4	2	2	4	4	3	3	2	2	5	3	4	4	2	4	5	4	4	4	3	3	4	2	4	4	2	2	3	5	4	2	4	4	2	2	4	4	2	2	4	3	3	4	4	3	3	3	3	5	2	4	4	2	3	2	4	4	4	3	4	4	3	3	3	2	4	1	4	2	4	3	4	4	1	0
10010008	5	2	1	4	3	4	3	3	3	4	4	5	4	3	4	1	4	3	4	4	3	3	4	3	4	4	3	3	4	3	4	3	2	4	4	3	3	5	4	4	3	3	3	3	4	3	2	4	2	3	4	3	4	4	4	4	4	2	3	4	3	4	4	3	2	3	4	4	2	4	3	2	2	4	3	4	2	4	4	3	4	4	3	3	1	4	5	2	3	4	3	3	1	4	5	3	3	3	4	4	3	4	3	4	1	3	4	4	3	4	3	1	0
10010009	5	1	1	4	5	5	1	4	4	5	5	2	3	2	5	1	5	4	3	5	2	4	5	4	5	4	4	4	5	4	2	4	2	4	3	2	5	5	5	2	3	5	5	3	4	1	4	5	4	3	5	2	5	5	4	5	4	2	2	4	2	5	5	2	2	2	5	4	2	4	3	2	3	5	5	3	1	5	4	5	4	4	2	5	2	4	4	1	5	4	3	5	1	4	5	4	4	2	5	3	2	4	2	4	1	4	3	4	3	5	4	1	0
10010010	5	1	1	5	5	5	3	5	5	5	5	1	5	5	5	1	3	5	5	5	2	3	5	5	5	5	4	5	5	5	1	5	1	5	5	5	4	5	4	1	3	5	5	2	4	1	4	5	4	5	5	1	5	5	5	2	5	1	5	5	1	5	5	5	5	5	5	5	5	5	5	2	3	5	5	5	3	4	5	5	5	5	5	5	1	4	5	2	5	5	4	2	1	5	5	5	3	4	4	5	5	5	2	5	1	5	5	5	1	5	5	1	0
10010011	4	4	2	5	4	5	5	5	1	4	2	1	1	2	4	3	3	5	1	5	5	5	5	3	5	5	2	4	4	5	5	5	5	5	5	1	5	5	3	5	5	3	5	3	3	5	5	1	4	1	5	3	5	5	5	5	3	5	5	3	5	5	5	1	1	5	1	5	3	1	1	3	2	3	1	5	2	3	5	5	5	5	3	5	3	4	4	3	5	3	2	5	5	1	5	5	5	3	4	5	4	5	1	4	1	5	2	5	5	5	5	1	0
10010012	5	2	2	4	5	4	3	5	1	4	4	1	2	2	4	2	4	3	1	4	3	3	4	5	4	4	3	5	3	3	4	4	2	4	4	3	4	5	4	4	4	4	5	3	3	3	2	4	2	2	4	2	5	5	5	4	3	3	4	3	2	5	4	4	3	4	5	4	5	3	2	4	3	4	4	3	2	4	5	5	4	5	4	5	1	4	5	2	5	5	3	3	1	2	5	4	3	3	4	4	4	5	1	4	1	4	4	4	3	3	4	1	0
10010014	4	3	2	3	4	3	2	2	3	4	4	2	2	2	4	2	3	3	3	4	4	4	3	2	4	4	2	4	4	4	2	3	2	4	5	3	4	4	4	3	2	2	4	3	4	2	2	2	2	2	4	2	4	3	2	4	3	2	4	4	4	4	4	4	3	3	4	4	4	3	3	2	2	4	3	2	2	4	4	4	4	5	4	4	2	2	5	3	5	4	3	4	2	4	4	4	2	3	4	4	3	4	2	2	1	4	4	4	3	4	4	1	0
10010018	4	2	1	4	4	5	3	4	4	3	5	4	3	3	5	2	2	5	3	4	2	3	4	3	4	3	5	3	3	3	4	4	2	3	3	4	3	5	3	3	3	2	4	3	4	3	3	4	3	3	5	3	5	5	5	4	4	3	3	4	1	4	4	3	2	3	5	4	2	5	5	3	2	5	3	3	2	3	5	4	3	5	5	3	2	4	5	1	4	4	3	2	2	5	4	3	2	3	4	5	4	3	2	5	1	2	3	4	3	5	3	1	0
10010020	4	2	2	4	3	4	3	4	1	4	3	1	1	4	4	3	2	4	1	3	4	4	4	5	4	4	4	3	3	4	4	4	3	4	4	4	3	5	3	4	4	5	4	4	3	2	3	4	4	1	4	2	4	5	5	3	3	5	4	3	3	4	4	4	2	4	4	4	5	1	1	3	2	3	4	4	2	4	4	3	3	5	3	4	2	4	4	2	3	4	4	3	3	1	4	3	3	4	4	5	3	4	2	4	2	4	2	3	4	4	3	1	0
10010021	4	3	2	3	5	4	4	4	3	5	3	3	4	2	2	2	1	3	3	3	2	2	2	5	2	3	2	4	3	4	2	3	2	4	2	4	3	5	3	2	2	3	3	4	4	4	3	3	4	2	3	2	4	3	5	3	2	4	3	4	3	3	4	2	2	3	3	4	4	4	3	3	1	3	3	4	3	4	2	4	3	5	4	3	2	3	5	2	4	4	4	3	2	5	3	4	4	4	4	3	3	4	2	4	1	3	2	4	1	4	4	1	0
10010023	5	1	1	5	5	4	2	3	5	4	5	5	5	2	3	2	1	4	5	3	3	4	2	3	3	4	2	3	3	3	4	2	3	3	2	4	2	5	2	3	2	3	4	3	2	4	4	3	3	4	4	2	4	5	5	2	3	3	3	3	3	4	3	2	4	4	5	4	3	5	2	4	3	4	4	4	3	3	4	3	3	4	3	4	2	2	4	3	3	2	3	4	2	5	4	4	3	4	3	2	3	5	2	3	1	2	4	3	4	2	3	1	0
10010024	4	2	2	4	4	4	1	2	4	4	4	2	4	2	4	2	4	3	4	3	2	5	4	2	4	4	4	5	5	4	3	5	4	5	3	3	4	4	5	3	4	2	5	5	4	2	4	5	4	4	5	2	5	4	4	3	3	1	3	2	1	5	4	2	3	4	5	4	3	3	2	2	2	4	3	5	1	4	5	4	5	5	4	5	1	4	4	5	4	5	2	4	5	5	5	4	3	4	4	4	3	5	4	4	1	2	5	5	3	3	4	1	0
10010027	4	3	3	4	4	3	4	3	3	4	4	4	2	3	3	3	1	3	2	4	2	3	3	4	4	4	3	4	4	4	2	3	2	3	3	4	3	4	4	2	3	4	3	3	3	2	2	4	4	2	3	2	3	3	3	3	4	3	4	3	2	4	3	3	4	4	4	4	4	2	2	2	2	3	2	3	3	4	4	4	4	5	4	3	3	3	4	4	4	4	4	3	3	2	4	2	3	3	4	3	3	4	2	3	2	3	4	4	3	3	4	1	0
10010028	5	2	2	4	5	5	5	4	5	5	4	2	5	3	4	2	5	3	5	4	2	4	4	5	5	4	4	5	5	2	3	5	2	5	2	3	3	5	5	5	3	5	5	3	4	2	5	4	5	5	5	2	5	3	4	3	5	1	2	4	2	5	5	3	2	3	4	4	4	5	5	3	4	4	4	2	5	5	4	4	4	5	5	5	2	5	5	3	5	5	3	3	2	5	5	5	2	4	4	5	4	5	2	4	3	2	4	4	3	4	4	1	0
10010029	4	1	2	3	3	4	5	5	2	3	3	1	2	2	4	1	1	5	2	3	5	3	5	4	3	4	3	3	2	5	2	5	2	3	5	5	2	5	3	3	5	4	3	2	3	2	2	4	3	3	4	3	3	5	4	4	4	5	3	3	2	4	5	2	1	3	5	4	3	4	3	2	1	4	5	5	1	4	4	4	4	5	2	3	2	5	5	2	4	5	3	4	2	3	3	2	4	3	4	5	2	3	2	3	1	4	4	4	4	4	3	1	0
10010031	4	2	2	3	4	5	5	5	1	4	1	1	1	2	4	1	3	3	1	5	5	4	5	3	2	3	3	2	2	4	4	5	2	4	1	4	2	5	4	4	4	2	4	2	2	4	1	3	2	4	4	3	5	5	5	4	2	4	2	4	2	5	5	2	1	2	5	4	2	2	4	4	2	4	3	2	5	3	4	4	4	5	4	3	3	5	5	2	4	4	4	3	2	2	4	4	3	2	2	5	3	3	4	4	2	4	2	3	3	4	3	1	0
10010032	4	2	2	3	4	5	5	4	3	3	4	1	1	4	4	2	4	4	2	4	2	2	4	3	4	4	4	2	4	4	1	5	3	4	4	4	2	5	4	2	5	4	4	4	3	2	2	4	4	2	3	2	3	5	4	2	5	4	4	4	1	3	4	4	3	4	5	4	3	2	5	3	2	4	4	5	2	4	4	4	4	5	4	4	2	5	4	3	4	4	4	1	2	2	3	4	4	5	4	5	4	4	4	4	1	3	4	3	2	4	3	1	0
10010033	5	2	1	5	3	5	5	5	5	3	5	1	5	4	5	1	2	5	5	3	1	3	5	5	5	4	5	4	5	4	1	5	2	4	4	4	4	5	4	2	4	5	5	2	5	3	3	4	5	5	5	1	5	5	5	3	5	2	5	4	1	5	5	5	5	5	5	5	5	3	5	2	3	4	5	5	1	5	3	4	4	5	5	3	1	5	5	3	4	5	3	1	1	5	5	4	4	5	4	5	4	5	3	5	1	4	3	5	1	4	4	1	0
10010034	4	2	1	4	4	5	2	5	4	3	4	1	3	3	4	1	4	4	3	4	1	4	4	5	4	4	4	5	4	4	1	5	1	4	5	3	3	4	5	1	4	5	4	2	4	1	2	4	2	4	4	2	5	5	4	3	4	2	5	5	3	5	5	3	4	5	5	5	3	2	2	3	2	4	4	5	2	5	3	4	4	5	5	3	1	5	5	1	4	4	2	3	1	1	4	4	2	3	4	5	4	5	2	5	1	2	4	3	1	3	4	1	0
10010038	4	1	2	4	4	4	4	4	4	4	2	1	4	5	4	2	4	3	4	5	1	2	4	2	4	4	5	3	4	5	1	4	2	4	5	2	3	4	4	3	4	3	4	4	5	2	4	1	5	4	4	1	4	4	5	2	5	1	4	5	2	5	5	5	1	5	4	4	5	3	5	2	1	3	2	5	3	4	4	4	5	5	5	4	1	5	3	3	5	5	3	3	2	5	4	5	2	5	4	4	4	5	3	5	1	5	4	4	1	5	5	1	0
10010041	3	3	1	4	3	5	5	4	1	5	5	1	2	3	5	2	1	5	2	5	1	1	5	5	1	5	5	1	3	5	5	5	1	5	5	1	2	5	3	5	5	5	2	1	4	3	1	5	3	2	5	1	5	5	5	5	4	5	5	5	5	4	5	5	2	5	5	5	3	3	2	5	1	5	3	5	1	3	5	5	5	5	5	2	1	5	5	5	4	5	1	1	1	2	5	5	5	5	5	5	5	3	5	5	1	5	5	5	2	5	5	1	0
10010043	5	4	1	4	5	4	2	3	4	5	5	2	3	1	3	1	2	3	5	5	3	5	4	3	4	4	2	5	5	3	1	3	2	4	5	3	3	5	4	3	3	3	5	3	3	2	2	4	2	2	5	2	5	5	5	4	4	3	3	5	1	5	5	5	3	3	5	5	5	4	5	3	1	5	5	3	2	4	5	3	4	5	5	5	2	3	5	3	5	5	3	3	2	5	5	4	3	4	4	3	4	3	2	4	1	4	4	4	2	4	2	1	0
10010047	3	1	2	2	2	3	3	3	3	4	4	4	2	2	2	4	2	2	3	2	2	3	3	4	3	2	2	3	2	3	3	2	2	2	3	4	3	3	4	3	2	3	3	2	3	2	3	3	2	3	4	3	3	3	2	2	2	3	2	2	2	5	3	2	4	3	3	3	2	3	3	3	4	4	3	3	3	4	3	3	3	2	4	3	2	2	1	3	4	3	3	2	2	3	3	3	3	2	3	4	3	2	2	2	2	1	2	3	3	2	3	1	0
10010050	5	1	2	3	5	5	3	4	2	5	4	2	2	3	4	1	5	4	1	5	4	4	3	3	3	4	3	4	4	5	2	4	1	4	4	2	3	5	3	3	4	2	4	3	3	1	3	1	2	2	4	2	5	5	4	4	4	3	4	3	2	4	5	4	1	4	4	4	3	1	5	3	1	5	4	4	2	4	5	5	5	5	5	5	1	5	5	2	5	5	1	2	1	1	5	5	2	3	4	4	4	4	1	3	1	3	4	4	3	4	5	1	0
10020001	3	1	2	4	1	3	3	3	3	3	2	5	2	1	3	1	1	3	3	3	5	4	3	3	3	3	2	3	4	3	4	2	1	4	2	4	2	4	3	3	2	3	4	3	3	3	3	5	2	3	3	3	3	4	5	4	3	2	3	3	2	4	4	2	2	3	1	2	2	4	3	2	1	4	4	3	2	4	4	4	3	4	2	3	2	4	4	2	4	3	4	2	2	4	4	2	2	2	4	3	3	3	1	3	1	2	3	3	5	2	2	1	0
10020004	4	2	3	3	2	4	4	4	2	3	3	3	3	3	4	2	3	4	2	4	4	4	3	3	3	4	3	3	3	3	3	4	3	4	3	3	3	3	3	3	4	3	4	4	3	3	3	4	3	3	3	3	3	4	2	3	3	4	3	3	3	4	3	5	4	3	5	3	3	3	3	3	2	4	3	3	3	3	4	4	3	5	3	3	1	5	5	2	5	3	3	3	5	3	4	3	3	3	4	4	4	5	2	4	2	2	4	4	5	5	5	1	0
10020005	4	4	2	3	4	4	4	3	4	3	2	4	4	2	4	2	2	4	4	5	2	3	3	2	4	3	3	2	3	5	3	4	2	4	3	2	4	4	4	3	3	4	4	3	3	3	3	3	3	4	3	2	3	4	4	3	2	2	3	3	3	3	3	4	3	4	4	3	4	3	3	2	4	4	4	5	2	5	3	4	4	5	3	3	2	3	3	2	3	5	3	3	2	5	3	4	3	3	3	4	3	3	2	4	1	3	3	4	3	4	4	1	0
10020007	4	2	2	4	3	4	3	4	4	3	3	4	3	2	3	3	3	4	4	4	4	4	4	2	4	3	3	4	4	5	1	4	1	4	5	4	3	4	4	4	3	3	4	3	4	2	2	2	4	2	4	1	4	5	4	4	4	2	4	4	2	5	4	4	2	4	3	3	4	4	4	2	3	4	3	4	2	4	4	4	4	5	4	2	2	4	4	3	4	4	4	3	2	4	4	2	2	2	4	4	3	4	2	4	2	4	4	4	2	4	3	1	0
10020009	3	2	1	5	2	5	2	4	4	2	5	5	5	1	2	1	3	5	5	1	2	4	4	2	3	1	1	4	1	4	5	3	4	2	1	4	2	5	2	3	1	3	4	2	1	4	4	5	4	5	4	4	4	5	4	2	2	2	2	3	3	5	4	2	1	3	5	3	2	2	1	4	2	3	4	4	4	3	3	4	2	4	4	4	1	3	5	2	4	3	4	5	2	5	4	2	4	1	3	4	3	2	2	3	1	2	2	4	3	2	3	1	0
10020010	5	1	1	5	5	5	5	5	1	5	4	1	1	5	5	1	5	5	1	5	5	5	5	5	5	4	5	4	5	5	1	5	2	4	5	1	2	5	5	4	5	5	3	5	4	2	1	5	5	5	5	3	5	5	5	2	2	5	5	1	1	5	5	5	1	1	5	5	4	5	5	3	1	5	4	4	4	5	4	4	5	3	3	3	2	5	5	5	4	5	1	5	2	1	5	5	5	5	1	5	5	5	1	5	4	5	1	3	5	4	4	1	0
10020014	4	3	2	3	3	4	4	3	2	3	2	2	3	3	4	2	2	4	3	3	3	3	4	2	4	4	3	3	3	4	2	4	2	4	4	4	3	4	4	4	4	2	3	3	4	2	2	2	3	2	4	3	4	3	3	3	3	2	3	3	2	4	3	3	1	3	2	3	3	4	4	2	2	4	2	3	2	4	4	3	4	4	3	4	2	4	2	3	3	4	2	3	2	3	3	3	3	2	3	4	3	3	4	4	3	4	3	4	3	4	3	1	0
10020015	4	1	2	5	3	5	5	5	4	3	4	1	3	4	4	2	3	3	3	4	2	3	4	2	4	4	4	3	4	5	2	4	2	4	4	4	3	5	4	2	4	2	4	2	4	2	3	3	3	3	4	2	5	5	5	4	4	1	5	3	2	4	5	4	2	4	5	4	3	4	4	2	2	4	4	4	2	4	4	3	3	5	4	4	1	4	4	2	4	4	4	2	2	4	4	3	3	3	4	5	4	4	2	4	3	4	4	4	3	4	4	1	0
10020016	4	2	2	3	4	5	4	3	4	3	5	1	2	2	4	2	3	3	3	4	2	2	4	2	4	4	3	4	4	4	2	4	2	4	4	3	4	5	4	2	3	2	4	4	4	2	3	3	4	2	4	2	4	5	4	3	2	2	4	4	1	4	4	4	3	3	5	4	4	2	3	2	2	4	4	4	2	4	4	4	4	1	4	3	1	4	5	3	5	5	2	1	2	4	4	4	3	4	3	3	2	3	3	4	4	4	3	3	2	4	4	1	0
10020017	5	1	1	5	5	5	4	3	4	5	5	1	4	3	5	1	2	4	5	4	2	3	5	4	4	5	3	4	4	3	1	5	2	4	3	2	3	5	4	3	4	3	5	3	4	2	5	5	3	4	5	2	5	5	5	4	5	2	4	4	2	5	5	5	4	3	5	5	5	4	5	3	4	3	5	4	3	4	5	3	2	3	4	4	2	5	5	2	5	5	3	2	1	5	5	3	4	3	5	5	4	5	3	4	3	4	5	5	3	4	5	1	0
10020018	4	3	3	5	4	5	5	5	5	5	5	5	3	2	4	1	1	5	3	4	3	4	2	3	2	3	2	5	1	5	3	5	4	3	5	3	3	5	3	1	4	1	3	3	1	3	3	3	5	1	5	3	5	5	3	4	5	2	5	3	3	5	3	3	3	5	4	3	2	5	2	2	3	5	5	1	1	3	4	5	3	3	5	4	2	4	3	1	3	2	5	2	4	5	5	5	5	3	5	3	4	4	3	4	5	5	2	4	3	5	4	1	0
10020019	3	1	1	5	5	5	5	5	5	4	5	2	4	5	5	1	1	4	3	2	3	1	2	5	2	5	3	5	4	4	1	5	1	5	2	5	1	5	2	2	3	5	5	5	1	1	5	5	3	5	5	2	5	5	5	4	5	3	5	3	1	5	5	5	3	5	4	5	5	2	1	3	5	5	5	5	3	1	5	5	2	5	3	5	1	4	5	3	5	5	5	3	3	5	5	5	5	4	5	5	3	5	1	5	3	5	3	3	1	5	5	1	0
10020022	3	3	1	3	3	3	3	4	3	3	3	3	3	3	3	2	2	3	3	3	3	3	3	2	3	3	3	3	3	3	3	4	2	3	3	3	3	3	3	3	3	3	3	2	3	2	2	4	3	3	3	3	3	5	4	3	3	3	3	3	3	3	3	3	2	3	5	3	3	3	3	2	1	3	3	3	2	3	4	3	4	4	4	4	2	3	3	3	4	4	4	4	3	5	4	3	3	3	3	4	3	3	3	3	1	3	2	3	3	3	3	1	0
10020023	4	3	3	3	5	3	3	5	3	4	3	3	2	3	3	2	5	5	2	4	4	4	4	2	4	3	3	3	4	4	3	3	2	3	4	3	3	4	3	3	3	3	4	3	3	2	3	2	3	5	4	2	5	4	4	4	4	3	3	4	2	5	5	3	3	4	3	4	3	3	4	3	2	4	3	4	2	3	4	4	3	5	4	3	2	3	3	2	4	3	5	3	2	3	5	3	2	3	4	4	3	3	2	4	2	3	3	4	3	3	3	1	0
10020024	-99	-99	-99	-99	-99	-99	-99	-99	-99	-99	-99	-99	-99	-99	-99	-99	-99	-99	-99	-99	-99	-99	-99	-99	-99	-99	-99	-99	-99	-99	-99	-99	-99	-99	-99	-99	-99	-99	-99	-99	-99	-99	-99	-99	-99	-99	-99	-99	-99	-99	-99	-99	-99	-99	-99	-99	-99	-99	-99	-99	-99	-99	-99	-99	-99	-99	-99	-99	-99	-99	-99	-99	-99	-99	-99	-99	-99	-99	-99	-99	-99	-99	-99	-99	-99	-99	-99	-99	-99	-99	-99	-99	-99	-99	-99	-99	-99	-99	-99	-99	-99	-99	-99	-99	-99	-99	-99	-99	-99	-99	-99	1	0
10020029	3	4	3	5	2	5	5	4	3	4	5	3	5	2	5	4	4	4	4	4	4	5	4	4	5	5	4	4	3	4	3	4	4	4	5	4	5	2	4	2	3	2	5	2	3	4	2	3	3	4	4	5	4	1	2	2	5	5	2	3	4	5	3	5	5	5	4	5	5	5	5	5	3	5	3	5	5	5	5	5	5	5	5	5	5	3	5	2	5	3	4	4	5	3	5	4	1	5	5	4	5	5	5	4	4	3	5	4	3	3	5	1	0
10020030	4	2	1	4	5	5	4	5	4	5	2	1	3	4	4	1	5	3	3	5	1	3	4	1	4	4	5	4	3	4	1	4	2	4	3	4	2	5	4	4	4	3	4	4	4	4	4	1	4	4	4	2	4	5	3	5	5	1	4	4	1	5	5	5	1	3	5	5	3	3	5	1	1	4	5	5	1	4	4	5	4	5	5	5	2	4	5	2	4	5	5	3	3	5	3	5	3	3	3	4	2	5	5	5	1	5	2	4	1	5	4	1	0
10020031	3	1	1	5	2	5	4	5	5	4	5	1	5	2	5	1	4	5	5	4	2	3	5	5	5	5	3	4	5	5	1	5	1	5	5	5	5	5	4	1	5	5	4	2	5	1	2	5	5	5	5	2	5	5	5	5	5	1	4	5	1	5	5	5	5	4	5	4	5	5	5	2	2	4	5	3	1	5	5	5	5	5	3	3	2	5	5	3	5	5	3	1	1	5	5	5	3	4	5	5	5	5	2	5	1	5	5	5	3	4	4	1	0
10020034	3	3	3	3	3	3	3	3	3	3	3	3	3	3	3	3	3	3	3	3	3	3	3	3	3	3	3	3	3	3	3	3	3	3	3	3	3	3	3	3	3	3	3	3	3	3	3	3	3	3	3	3	3	3	3	3	3	3	3	3	3	3	3	3	2	3	2	3	3	2	2	2	2	3	2	3	3	3	3	3	3	5	3	3	2	4	2	3	3	3	2	3	2	1	3	3	3	4	3	4	3	3	3	3	3	3	2	3	3	3	4	1	0
10020035	3	2	2	3	2	5	3	5	3	3	4	3	2	3	4	2	1	2	2	2	4	3	3	5	2	3	4	2	3	4	2	5	4	3	5	2	2	5	4	2	2	5	2	2	3	2	3	2	3	3	4	3	4	4	4	3	4	2	4	3	3	4	3	3	3	4	4	4	4	4	3	3	2	3	5	5	2	3	3	4	4	5	3	3	2	4	3	2	2	4	3	2	3	3	4	4	3	3	4	4	3	4	3	4	4	3	4	4	2	3	4	1	0
10020038	5	2	2	4	5	3	3	3	4	5	4	3	4	1	4	1	3	3	5	5	4	4	4	3	5	4	2	4	4	5	1	2	2	5	5	3	3	4	5	3	3	3	5	2	4	2	2	2	3	4	5	3	4	4	4	4	3	1	2	4	2	5	4	5	3	3	5	5	5	5	5	1	4	4	1	3	2	4	4	4	4	4	3	4	2	4	3	2	5	5	3	2	3	5	5	4	4	4	4	3	3	4	1	5	2	5	4	4	3	4	4	1	0
10020040	5	2	1	5	5	5	5	5	5	4	5	1	4	5	3	2	5	4	4	3	3	2	5	5	3	3	5	5	1	5	1	5	4	4	5	4	4	5	5	1	5	2	5	5	5	1	5	1	4	3	5	2	5	5	5	2	5	4	5	2	1	5	5	5	5	5	5	5	5	1	5	2	4	5	5	5	1	4	3	5	5	5	5	4	1	4	5	1	5	5	4	1	1	4	5	4	5	5	3	5	5	5	1	5	1	5	3	2	1	3	5	1	0
10020043	3	4	2	4	3	3	3	4	4	4	3	2	3	2	4	1	5	4	4	4	5	4	4	3	4	3	1	3	4	3	2	3	2	3	4	3	3	4	4	2	2	3	3	2	3	2	3	2	3	3	4	2	4	4	3	4	3	2	3	3	2	4	3	4	2	3	3	3	2	4	3	2	2	3	3	2	2	4	3	3	3	3	3	3	2	3	3	2	3	3	3	2	2	4	4	3	2	3	3	3	3	3	2	3	3	3	3	3	3	3	4	1	0
10020047	5	2	2	4	3	3	4	1	4	3	3	1	4	1	3	2	2	4	3	3	3	3	4	4	3	4	2	4	3	2	2	3	3	4	3	4	4	5	3	2	2	2	3	2	3	2	3	3	2	3	3	3	3	4	5	2	3	2	3	4	3	3	4	4	4	2	5	3	3	3	3	2	2	3	4	3	2	4	3	3	3	5	3	3	3	4	5	2	4	3	4	4	3	4	3	3	2	2	3	3	3	4	2	4	4	3	2	4	3	4	4	1	0
10020048	4	1	1	4	3	5	4	5	5	5	5	1	2	3	4	2	3	3	2	3	3	2	3	5	2	3	2	5	4	5	2	5	3	5	2	4	1	5	2	1	5	5	5	4	3	2	2	5	5	3	4	2	3	5	5	5	4	3	4	3	1	5	5	3	5	2	5	5	5	3	3	2	2	5	3	5	2	3	5	5	3	1	4	5	1	5	5	1	5	5	5	2	2	4	5	3	4	5	4	4	2	5	1	5	1	2	4	4	1	2	4	1	0
10020051	5	3	1	5	4	4	3	5	3	5	3	2	1	3	4	2	1	5	1	4	3	5	4	4	2	3	3	4	4	4	2	5	3	4	4	4	2	5	3	3	3	3	5	3	3	2	2	2	4	3	5	2	4	4	4	4	4	3	4	3	1	5	5	3	5	5	3	4	3	2	4	3	3	5	3	4	2	3	4	4	4	5	4	4	3	4	5	3	4	5	4	3	2	3	5	3	3	4	4	5	3	4	2	5	1	3	3	4	2	3	4	1	0
10020052	4	2	2	3	5	3	2	4	2	5	2	4	2	1	3	1	2	3	2	5	5	4	3	2	4	3	2	3	3	5	3	3	2	4	5	2	3	4	3	3	2	3	5	3	3	3	2	1	2	2	4	3	4	4	4	3	2	2	2	4	2	4	4	4	1	3	3	4	3	4	4	2	3	4	2	4	2	4	5	4	4	5	3	4	2	3	5	2	5	5	2	4	3	2	5	5	2	2	4	3	3	4	2	3	1	3	3	3	5	3	3	1	0
10020053	5	5	1	5	1	5	5	5	5	5	5	5	1	5	5	5	5	5	5	3	3	3	3	3	3	3	3	3	3	3	3	3	3	3	3	3	3	3	3	3	3	3	3	3	3	3	3	3	3	3	3	3	3	4	2	2	3	3	1	1	5	5	4	4	3	3	3	1	1	5	5	5	4	2	2	2	5	5	3	3	3	3	3	4	4	3	3	2	2	2	5	5	5	3	3	1	1	4	4	4	3	3	3	1	3	5	4	2	4	4	4	1	0
10020055	5	4	2	4	5	4	2	3	3	5	3	3	1	1	4	2	3	2	1	5	5	5	3	1	3	1	3	4	4	3	3	3	2	3	4	2	5	4	3	5	2	2	5	3	3	2	3	2	3	1	3	1	3	4	3	3	3	4	3	3	1	5	2	4	1	4	3	4	5	5	4	2	2	5	3	4	1	5	5	5	4	5	4	5	1	4	5	3	5	3	2	5	2	2	3	5	1	3	3	3	3	3	1	3	1	3	2	2	3	3	4	1	0
10020065	5	5	4	5	4	3	4	5	3	5	4	1	2	2	4	2	5	4	2	3	4	3	5	4	2	4	4	4	2	5	3	5	2	4	5	4	2	3	4	4	3	4	4	4	3	2	2	4	4	1	5	2	4	5	5	4	4	4	5	3	2	4	5	3	4	4	4	4	3	3	1	2	4	5	5	5	1	5	5	5	4	5	4	5	1	3	5	2	4	5	5	5	1	3	5	3	4	3	5	5	3	5	3	3	1	1	5	3	3	5	5	1	0
10020066	3	2	4	2	3	1	3	3	5	3	3	5	1	3	3	3	5	5	5	3	3	2	3	2	1	4	4	4	4	4	3	2	2	3	2	1	2	2	3	3	2	2	2	3	2	2	2	4	1	2	3	3	2	3	3	2	2	2	4	4	3	3	2	2	2	4	3	1	2	3	2	2	2	1	2	3	1	3	3	2	3	3	2	4	4	4	3	4	4	4	3	2	2	4	1	3	2	3	3	3	4	4	4	4	3	1	3	4	2	3	4	1	0
10020067	4	2	1	4	5	5	4	4	4	4	5	1	4	2	3	2	3	3	4	4	3	2	3	3	4	4	4	4	4	4	1	5	3	4	5	5	4	5	4	4	5	3	5	4	4	1	3	4	4	3	4	2	4	5	5	3	4	2	3	4	1	5	5	3	4	3	5	4	4	3	4	3	3	4	3	4	3	4	3	3	5	5	4	4	2	5	5	2	4	4	4	3	3	3	4	4	3	4	4	5	2	3	3	3	1	4	4	4	2	4	4	1	0
10020068	5	1	1	2	1	3	4	4	1	4	5	1	2	3	3	2	2	2	3	4	4	3	2	5	2	2	2	5	2	2	5	4	2	3	2	4	3	5	4	4	3	3	3	3	2	5	2	4	3	1	4	4	3	5	4	4	4	4	3	3	3	4	3	2	1	4	5	3	4	2	1	2	3	4	2	3	3	5	5	4	3	5	5	4	2	4	4	2	4	3	3	2	2	4	4	3	2	3	4	5	2	4	2	3	3	2	4	4	5	3	3	1	0
10020073	5	4	1	3	2	3	4	5	1	5	3	5	1	1	5	1	1	4	1	4	4	3	5	2	3	4	3	4	3	3	4	3	1	4	2	4	2	5	3	4	3	3	2	1	3	3	2	4	1	2	4	4	5	5	4	5	2	5	2	2	2	3	3	2	1	3	2	3	2	2	1	3	2	4	2	3	1	3	3	5	3	5	4	4	1	4	5	2	2	1	4	5	1	1	5	2	2	2	5	5	4	5	2	3	1	1	4	4	5	3	2	1	0
10020074	4	2	3	4	3	4	4	4	3	4	4	2	3	4	4	2	3	4	2	4	2	3	4	3	3	4	4	4	4	3	3	4	2	4	3	3	3	4	3	2	4	4	3	2	3	2	2	3	3	2	4	4	4	4	4	4	3	2	3	3	2	4	4	3	3	3	3	2	3	3	3	2	3	4	3	3	2	3	4	4	4	4	4	3	3	4	4	3	3	3	4	3	2	3	5	3	3	4	3	4	4	4	4	3	1	3	4	4	3	4	4	1	0
10020076	4	2	1	3	3	5	3	4	5	3	5	2	3	3	3	1	3	3	4	3	4	2	3	4	4	4	3	3	4	4	2	5	3	3	2	3	2	5	4	3	4	4	4	2	3	4	3	5	2	3	4	2	4	5	3	3	4	2	2	3	2	3	4	2	3	2	5	4	3	3	3	2	2	4	2	4	1	4	3	3	3	5	2	4	1	3	5	1	4	5	3	3	1	4	4	1	1	3	3	3	2	4	1	3	2	2	4	4	3	3	3	1	0
10020082	5	3	3	4	5	4	2	1	4	5	3	2	4	4	3	2	3	4	5	5	2	3	3	2	5	3	4	5	5	5	1	4	4	5	5	4	5	4	5	4	4	2	5	3	5	3	4	1	5	4	4	2	4	4	3	3	4	1	4	5	1	5	4	4	4	4	4	5	4	5	3	3	4	4	3	5	1	5	5	4	5	5	4	5	1	4	5	3	5	4	3	3	4	5	5	5	3	5	5	4	3	5	2	5	1	3	3	4	2	5	5	1	0
10030001	5	3	1	4	5	5	5	4	4	4	5	1	3	2	5	1	5	5	3	5	2	3	5	5	4	5	5	5	3	4	1	5	2	5	5	3	3	5	4	1	5	5	5	3	3	1	2	5	4	3	5	1	5	5	5	5	5	1	3	4	1	5	5	5	5	4	5	5	5	5	4	2	3	2	5	5	2	4	5	3	3	1	3	4	2	5	5	2	4	5	2	3	2	5	5	4	5	3	3	5	5	5	2	5	3	4	3	4	3	4	4	1	0
10030004	3	3	3	3	3	3	3	3	3	3	3	3	3	3	3	3	3	3	3	3	3	4	3	3	3	3	3	3	3	3	3	3	3	3	3	3	3	3	3	3	3	3	3	3	3	1	5	3	3	3	3	3	3	5	3	3	4	2	3	3	3	3	3	4	3	3	3	3	3	3	3	2	4	3	3	3	3	3	3	3	3	3	3	4	2	4	5	1	4	5	4	2	1	3	4	3	1	3	4	5	3	3	3	3	3	4	4	4	4	3	3	1	0
10030007	5	2	2	3	5	2	3	3	2	5	5	5	3	2	5	2	2	5	3	5	2	4	4	5	3	5	5	5	2	4	3	5	1	5	5	3	2	5	4	2	3	5	4	3	2	3	2	5	3	4	4	2	4	5	5	3	4	2	5	3	2	4	4	3	5	3	4	4	4	2	2	3	3	5	3	5	1	3	5	3	5	5	5	4	1	4	4	2	5	4	4	2	2	4	5	3	2	4	4	5	3	5	2	5	1	1	2	3	1	4	3	1	0
10030009	4	1	1	4	5	5	5	1	3	4	5	3	2	4	4	1	1	5	5	5	5	4	5	5	5	5	2	3	3	3	3	5	5	5	5	1	5	5	5	4	3	5	5	2	3	5	2	3	2	1	5	5	5	5	5	5	3	3	5	4	4	5	5	5	1	2	5	2	4	5	3	3	1	5	3	3	3	4	5	4	5	3	2	3	4	4	5	1	4	5	1	3	5	3	5	5	5	2	4	5	2	3	3	3	5	4	5	5	4	4	5	1	0
10030010	4	5	1	4	4	4	3	3	4	4	4	4	3	3	4	2	3	4	3	4	4	3	4	5	4	3	3	3	4	4	2	3	3	5	4	4	4	5	4	2	3	5	3	4	4	2	3	4	5	3	4	2	4	4	4	3	4	3	4	4	1	5	5	3	3	4	5	4	4	5	5	2	5	3	4	4	2	4	3	3	4	1	3	4	2	3	5	3	5	5	3	4	1	3	5	5	4	5	4	5	5	5	2	5	5	4	5	5	3	5	5	1	0
10030014	4	3	1	4	4	4	3	4	3	3	4	5	4	2	4	2	4	2	4	3	3	2	3	4	3	4	3	3	4	3	2	3	1	4	3	2	2	4	3	2	3	3	4	3	4	3	2	2	4	4	3	2	4	4	3	3	4	1	4	3	2	5	4	3	4	4	2	3	4	3	5	2	4	3	3	5	2	3	3	3	3	3	4	3	2	2	4	3	5	4	3	4	1	5	5	5	2	4	3	3	2	4	2	5	4	3	2	4	2	4	4	1	0
10030016	4	1	1	4	5	3	3	5	3	5	5	5	4	4	5	2	4	5	3	5	3	3	3	4	4	5	5	4	4	4	4	5	3	3	4	5	3	5	5	2	5	4	5	5	4	3	4	3	4	5	4	2	4	3	5	5	5	5	5	4	1	5	3	3	5	5	5	3	3	1	4	1	3	4	4	5	2	5	3	5	3	5	3	3	3	4	5	1	5	5	2	1	1	4	4	5	4	5	4	5	5	3	3	5	1	3	5	5	1	4	3	1	0
10030020	4	3	2	4	4	5	5	4	3	4	4	2	2	2	4	1	5	3	3	4	5	3	4	4	4	4	3	4	4	3	2	5	2	4	4	2	4	5	4	3	5	4	5	3	3	2	3	4	3	2	5	2	5	5	3	4	4	2	4	5	2	5	4	3	4	4	4	3	5	5	3	3	3	4	2	3	1	4	4	4	4	5	5	4	1	3	3	1	4	5	3	2	1	4	5	2	3	2	4	5	4	4	2	4	1	4	4	4	5	5	5	1	0
10040002	1	1	2	2	3	3	3	4	4	5	5	5	1	1	2	2	2	1	1	5	5	5	2	2	2	2	2	2	2	2	2	2	2	2	4	3	2	1	3	3	2	2	2	2	2	2	2	3	3	3	4	4	4	5	5	5	2	3	3	4	3	3	2	5	2	5	3	2	3	1	3	2	4	1	2	2	3	4	2	3	4	4	3	3	2	5	5	4	5	3	1	3	1	2	5	4	3	4	4	5	3	4	1	4	4	3	2	4	3	4	4	1	0
10040003	5	3	1	5	5	5	5	5	3	5	4	4	2	4	5	1	5	4	3	5	1	5	5	5	5	5	4	5	4	4	3	5	2	5	5	2	4	5	5	3	5	4	4	4	4	3	2	4	3	1	5	1	5	5	5	4	5	2	3	4	2	5	5	5	4	5	5	5	3	5	4	2	3	5	4	5	5	5	4	5	4	5	4	4	1	4	5	2	4	4	2	3	2	3	5	4	3	4	4	5	4	5	3	4	1	4	4	4	4	4	4	1	0
10040004	5	5	3	3	3	3	3	3	3	3	3	3	3	3	3	3	3	3	3	3	3	3	3	3	3	3	3	3	3	3	5	5	1	2	3	3	3	5	3	3	3	3	4	4	2	3	5	2	3	3	3	1	3	3	3	2	3	2	3	3	1	3	3	2	3	3	1	2	3	2	3	3	3	2	3	3	1	5	1	3	3	2	4	3	1	2	5	3	3	3	2	4	4	5	3	2	3	3	3	5	2	5	3	3	3	3	5	3	2	4	3	1	0
10040005	4	2	1	4	5	5	4	5	5	4	5	1	5	5	3	2	3	5	5	5	1	2	4	5	3	5	4	4	3	5	1	5	1	4	2	4	3	5	4	1	4	5	4	3	4	2	2	3	4	5	5	1	5	5	5	4	4	2	3	4	2	4	5	3	5	5	5	5	4	3	3	2	4	4	4	5	2	5	5	4	5	5	4	4	1	5	5	2	5	5	4	1	2	5	5	4	5	4	3	5	4	5	2	5	1	3	4	4	1	3	4	1	0
10040006	3	3	3	3	3	3	3	3	3	3	3	3	3	4	3	3	3	3	2	4	3	5	3	3	3	3	3	3	3	3	3	3	3	3	3	4	4	3	3	3	3	3	2	4	5	3	3	3	3	3	4	4	4	3	3	3	5	3	3	4	4	4	3	4	3	3	4	3	4	4	4	4	2	3	3	3	4	2	4	3	4	4	3	5	5	5	3	1	3	2	3	2	2	5	1	2	2	4	1	2	3	3	5	3	5	2	3	5	2	4	5	1	0
10040009	5	1	5	5	3	3	3	5	5	3	5	3	5	1	2	1	5	5	5	3	5	5	5	3	3	3	3	3	4	5	5	5	3	4	3	3	2	5	3	3	3	3	4	3	3	5	5	5	4	3	5	3	5	5	5	3	3	5	3	3	2	5	5	3	4	3	5	3	3	5	3	3	1	3	5	2	3	2	3	4	3	2	3	3	2	4	5	2	5	3	2	5	2	5	5	2	4	2	3	5	3	3	2	3	2	2	5	3	4	2	3	1	0
10040011	5	1	1	5	5	5	1	5	5	5	5	1	5	3	5	1	5	5	3	5	1	5	5	5	5	5	5	5	3	5	1	5	1	5	5	5	5	5	5	1	5	5	5	5	5	1	1	5	5	5	5	1	5	5	5	5	5	1	5	5	1	5	5	5	5	5	5	5	5	5	5	3	1	5	5	5	1	5	5	5	5	1	5	5	1	5	5	1	5	5	1	3	1	5	5	5	5	5	5	5	5	5	1	5	1	5	1	5	1	5	5	1	0
10040012	4	2	2	4	3	4	3	4	4	4	4	2	4	4	4	2	3	3	4	4	2	3	4	4	3	4	4	4	3	4	2	4	2	3	4	2	4	5	3	3	4	3	4	3	3	2	2	3	4	4	3	2	4	4	4	2	4	1	4	4	2	4	4	4	3	4	5	4	5	5	4	1	2	4	4	4	1	4	4	4	4	4	4	3	1	4	5	2	4	5	2	2	2	5	3	3	3	3	3	5	2	4	2	4	3	3	3	3	2	4	4	1	0
10040015	4	2	2	3	4	4	3	3	2	3	2	1	2	2	4	1	4	4	2	4	4	2	2	4	4	3	3	4	4	3	2	4	3	4	4	2	3	5	4	2	4	3	3	4	5	2	3	3	4	3	3	3	2	4	4	4	2	2	2	2	2	3	2	5	2	3	5	3	4	4	3	1	1	5	4	2	1	4	4	4	4	3	4	4	3	4	4	3	3	5	2	4	4	2	3	4	2	3	2	5	2	3	2	3	1	3	1	2	3	4	4	1	0
10040018	4	2	2	4	3	5	3	2	4	4	4	1	4	2	4	2	4	4	4	4	2	3	3	4	4	4	3	3	4	3	1	5	2	4	5	2	3	3	3	4	4	4	4	4	2	1	3	1	4	5	4	3	4	5	5	3	4	1	5	3	3	5	5	4	2	4	4	4	3	4	5	2	1	4	4	4	1	3	4	5	4	4	4	4	5	4	5	3	3	4	2	4	1	4	4	3	4	3	4	4	3	4	3	5	3	4	3	4	3	4	4	1	0
10040019	4	5	1	5	5	4	1	4	3	4	5	3	3	1	5	1	5	4	3	5	1	5	5	3	4	1	4	4	3	1	3	4	3	3	5	3	5	5	5	3	3	5	5	5	4	1	3	2	3	3	5	1	5	5	4	3	3	1	5	3	1	5	3	5	5	3	5	5	3	3	3	2	1	4	5	4	1	5	4	3	4	5	5	5	3	4	5	3	5	3	3	5	1	5	5	3	4	5	2	5	4	5	1	3	3	5	1	4	3	4	4	1	0
10040021	4	2	1	5	5	5	3	4	1	4	4	2	1	2	3	1	1	4	1	4	5	2	4	2	3	5	4	3	5	5	3	4	2	5	5	2	2	5	4	5	4	2	5	3	3	2	3	3	3	2	5	2	5	5	1	5	4	2	4	3	2	5	4	4	2	3	4	5	4	4	2	3	1	4	5	5	1	4	5	4	4	5	4	3	1	4	5	2	5	5	2	2	1	2	5	5	3	3	4	5	4	4	1	4	4	4	2	4	5	4	3	1	0
10040024	4	3	2	4	3	4	4	4	3	4	4	2	3	3	4	2	4	4	3	4	3	4	4	3	4	4	4	4	4	4	3	4	2	4	4	3	4	4	4	3	4	3	4	4	3	2	3	4	3	2	4	2	4	5	5	4	3	2	4	3	3	4	3	4	1	4	2	4	4	3	3	3	3	4	3	3	2	5	4	4	3	3	4	4	2	3	4	4	4	3	3	2	3	3	4	3	3	3	4	5	3	3	2	3	3	5	5	5	5	5	4	1	0
10040025	4	3	1	4	4	4	3	2	1	4	3	1	1	4	4	2	4	5	1	4	2	4	3	3	3	3	4	4	3	4	3	4	2	4	5	5	3	4	4	3	5	3	3	3	4	3	2	2	4	2	3	2	4	4	4	4	4	3	3	3	2	4	4	4	2	5	4	4	3	2	4	2	2	4	4	5	3	4	3	4	4	5	5	4	2	4	4	2	3	5	4	4	2	2	3	4	4	4	3	4	3	4	2	4	1	3	3	3	4	4	4	1	0
10040027	4	1	4	3	1	5	5	5	1	2	1	1	2	3	3	3	3	2	2	1	3	3	3	1	2	3	2	2	2	4	5	4	2	3	1	4	3	5	3	5	4	1	3	3	2	4	3	1	3	1	3	3	4	2	2	4	4	4	2	3	2	4	3	1	1	3	1	2	3	1	1	2	1	3	1	5	2	3	4	3	3	5	3	2	2	3	3	2	2	3	2	4	2	1	3	2	2	2	3	4	2	2	2	3	2	1	2	2	4	2	3	1	0
10040030	4	2	2	4	4	4	4	4	3	4	4	4	3	3	4	5	4	3	4	3	4	4	3	3	3	3	3	4	2	5	4	4	3	3	3	3	3	3	4	3	4	3	3	3	4	3	3	4	3	4	4	4	3	4	4	4	3	3	4	4	3	3	3	2	4	3	3	3	2	4	2	3	4	4	3	3	4	4	4	3	4	4	3	4	2	4	5	3	4	4	4	3	3	3	3	3	4	4	3	5	5	4	4	3	4	3	4	4	4	3	4	1	0
10040031	4	1	3	4	4	5	3	2	5	5	5	1	5	5	4	1	5	3	5	5	1	1	3	5	4	5	5	5	4	5	1	4	1	5	3	2	5	5	5	1	4	4	2	2	4	1	1	3	5	5	3	2	5	5	5	3	5	1	3	3	2	5	3	5	5	5	3	5	3	3	4	2	1	5	3	5	2	5	4	5	5	5	3	4	1	3	5	5	3	4	2	3	2	5	5	2	3	5	3	5	3	5	2	4	1	4	1	5	1	5	4	1	0
10040033	5	2	1	5	3	4	4	4	4	3	4	5	5	2	5	1	4	4	4	3	2	3	4	4	4	3	2	4	3	4	1	4	1	4	3	4	3	4	4	2	3	3	3	2	3	2	3	3	4	4	5	2	5	5	5	4	5	1	3	4	2	5	4	4	3	4	4	4	4	4	4	2	2	5	4	4	2	5	4	4	4	5	3	4	2	5	5	1	4	5	5	2	1	4	5	5	3	4	4	4	4	4	1	4	1	3	5	5	3	5	5	1	0
10040035	4	4	1	4	5	4	4	3	4	5	4	1	3	3	5	1	4	4	3	5	1	4	4	3	5	5	3	4	4	4	1	4	2	5	4	2	4	4	4	2	3	4	4	4	4	2	2	2	4	3	4	2	4	4	3	3	3	2	4	2	1	5	4	4	3	4	5	4	4	4	4	2	3	4	4	4	2	4	4	3	4	4	4	4	2	4	4	4	5	5	1	2	2	4	4	4	2	4	4	4	3	4	2	4	4	4	3	4	2	4	4	1	0
10040036	3	4	1	3	3	4	3	4	1	3	3	1	1	2	3	2	3	3	3	3	4	3	4	2	3	4	3	3	3	4	4	4	2	2	2	3	3	5	4	3	4	2	3	3	3	2	3	1	3	3	4	2	4	5	3	4	3	2	3	3	2	4	3	2	1	4	3	2	2	2	1	4	2	3	2	3	1	4	3	3	3	2	4	4	2	3	3	2	4	3	2	3	1	2	3	2	3	2	4	4	3	3	2	3	1	3	4	4	4	4	4	1	0
10040037	5	2	2	2	2	2	2	4	1	3	3	3	3	3	3	2	4	3	4	3	3	4	4	4	3	3	4	5	4	3	3	4	5	4	5	4	4	2	3	3	3	1	2	3	3	4	4	3	4	4	4	5	2	4	4	3	5	5	3	4	4	3	3	4	3	3	4	4	4	4	3	4	2	4	3	4	4	4	4	3	2	1	2	4	4	4	3	3	4	4	3	4	4	3	4	3	3	3	4	4	3	4	4	4	4	3	3	3	5	3	3	1	0
10040042	3	3	2	3	2	4	4	4	2	2	2	2	3	3	3	3	5	3	3	2	4	2	3	2	2	3	4	2	3	3	4	4	2	3	5	2	4	4	3	2	4	2	2	2	4	4	2	3	3	2	3	2	4	4	2	3	3	2	3	3	4	3	3	5	3	3	3	2	2	4	2	2	3	2	3	4	2	4	3	3	3	5	4	3	2	4	2	3	2	4	3	3	2	4	3	3	3	3	3	4	3	2	2	2	2	4	2	2	4	4	4	1	0
10040043	5	2	1	4	5	5	2	4	5	5	5	1	4	1	4	2	3	4	3	5	1	4	4	5	4	4	3	4	4	4	1	3	1	4	5	4	3	5	4	2	3	5	4	4	4	2	1	2	3	3	4	2	4	5	4	4	4	1	3	2	2	4	4	4	4	4	4	4	4	3	2	2	1	5	4	5	2	4	4	4	4	5	5	4	1	3	5	2	4	4	4	4	2	4	5	4	3	2	2	4	3	4	2	3	2	3	3	4	4	4	4	1	0
10040050	3	3	3	3	2	4	3	3	3	3	4	3	3	3	4	3	4	4	3	2	2	4	3	3	3	3	4	3	3	3	3	3	2	3	3	3	4	2	4	3	3	2	2	3	3	2	3	5	3	2	3	3	3	3	3	3	2	3	2	5	3	2	3	5	3	3	3	3	3	2	3	4	3	2	4	3	3	3	4	2	1	2	3	3	3	3	3	4	3	3	2	3	4	4	3	1	1	1	1	3	3	3	2	3	3	3	2	3	3	3	4	1	0
10050002	4	2	2	3	5	4	4	4	2	4	4	1	2	2	3	2	3	3	3	3	4	4	3	4	3	4	2	4	3	3	4	3	3	4	3	4	4	4	4	2	2	4	3	3	3	3	4	4	2	3	3	4	4	4	3	4	2	3	2	3	2	4	4	2	4	2	4	2	3	3	2	2	3	4	2	3	2	4	4	3	3	2	2	4	2	3	4	2	3	3	4	4	3	3	3	3	2	2	3	3	2	3	2	3	3	3	4	3	3	3	3	1	0
10050004	5	5	4	4	3	3	3	4	4	5	5	5	4	4	5	5	5	1	1	4	4	4	5	5	5	5	5	5	5	5	4	3	2	1	1	1	3	3	4	4	5	5	4	5	4	5	5	3	3	4	3	3	2	1	2	2	4	4	4	4	5	5	5	4	5	5	5	5	4	4	4	5	3	3	3	3	4	4	4	4	4	4	4	5	1	5	5	3	5	5	3	1	1	5	5	5	4	4	5	5	1	5	1	1	1	1	3	3	4	5	5	1	0
10050005	4	1	3	4	3	4	4	3	3	4	3	3	2	3	4	1	4	5	2	3	3	4	4	3	4	4	2	3	4	3	2	4	2	5	3	4	4	5	4	3	3	3	4	2	3	2	2	4	2	2	4	3	4	4	3	4	4	2	3	3	3	5	4	4	2	3	3	3	3	3	1	2	3	3	4	3	2	4	4	4	4	3	2	3	2	4	5	2	4	5	4	3	2	4	5	3	3	3	4	4	4	4	2	3	3	3	4	4	4	3	4	1	0
10050006	3	3	2	3	3	3	3	3	3	3	3	3	3	2	3	3	3	4	3	3	3	3	3	3	3	3	3	3	3	3	3	3	2	3	3	3	3	3	3	3	3	3	3	3	3	3	2	3	3	3	3	3	3	3	3	3	3	3	3	4	3	3	4	4	3	3	3	4	3	3	3	2	2	3	3	3	3	3	3	3	3	3	3	4	4	4	4	3	4	3	4	3	4	3	4	3	2	3	4	4	3	3	3	3	2	3	3	3	4	3	3	1	0
10050007	3	3	3	5	3	2	4	3	4	3	3	1	4	3	3	4	1	4	3	5	1	3	3	1	3	3	3	3	3	3	2	2	3	3	2	1	1	3	3	2	4	3	3	3	3	1	2	4	2	1	3	2	3	3	3	4	3	3	3	2	2	5	4	4	1	5	1	3	3	3	3	3	3	2	2	3	1	4	3	3	5	5	3	2	4	4	2	2	3	1	2	2	2	3	5	3	2	3	3	2	3	3	4	4	4	2	3	4	3	4	4	1	0
10050008	3	4	1	2	2	3	3	4	2	2	4	4	5	5	2	2	3	3	2	2	2	2	2	3	4	3	2	3	2	2	3	4	3	2	2	2	4	2	2	1	5	1	5	4	2	5	2	1	2	4	5	1	1	1	1	2	3	4	1	3	3	1	3	3	1	3	3	1	3	3	1	1	1	2	4	2	5	3	2	3	1	5	5	2	5	4	2	5	2	3	2	1	2	3	1	1	1	1	4	3	1	2	3	2	3	2	2	1	4	1	4	1	0
10050009	4	5	1	5	3	5	3	2	5	4	3	5	5	3	4	2	4	4	5	5	2	2	4	1	3	5	2	4	3	5	2	3	2	5	4	4	2	5	3	3	2	2	4	3	4	2	2	3	3	3	5	2	5	5	3	4	4	2	3	4	2	5	5	4	2	4	5	4	4	5	2	4	2	4	3	4	2	4	4	4	2	5	5	4	1	3	5	2	4	4	3	3	2	5	5	2	4	3	4	4	3	5	2	3	2	3	5	4	3	3	4	1	0
10050012	4	4	3	4	3	4	3	3	4	2	4	4	4	4	2	3	3	4	4	2	4	4	4	4	4	3	3	4	3	4	2	2	3	3	4	3	4	3	4	4	2	2	3	3	3	2	3	2	3	2	4	4	4	3	3	3	3	4	3	3	3	4	3	4	3	3	2	3	2	3	3	3	3	2	4	4	4	3	3	4	4	3	3	3	3	2	3	3	3	3	2	2	3	3	4	3	3	2	4	3	3	3	4	4	3	3	3	3	3	2	2	1	0
10050013	4	3	1	5	3	5	2	3	1	4	4	2	1	3	4	1	5	4	2	4	2	2	5	5	4	4	2	2	3	4	2	4	4	4	4	2	3	5	4	2	2	5	4	4	3	3	2	4	3	4	5	2	5	4	3	3	4	3	4	3	3	5	5	3	3	3	5	5	4	4	5	3	3	4	3	3	1	3	4	4	3	1	4	3	3	4	5	2	4	5	2	3	2	2	5	4	3	4	4	5	4	4	2	5	3	3	3	3	2	3	4	1	0
10050015	4	3	3	5	4	3	4	3	2	3	3	4	3	3	3	3	2	3	3	3	3	3	4	2	3	4	4	3	4	4	3	4	3	4	3	4	4	5	4	3	5	3	3	3	3	2	3	2	3	2	4	4	4	5	4	3	3	3	4	3	4	5	4	3	1	3	3	3	3	2	3	2	3	4	3	2	2	4	4	4	4	4	3	3	3	4	4	3	4	3	3	3	3	3	3	4	3	3	2	4	3	3	2	3	3	2	3	3	4	4	4	1	0
10050016	4	2	2	4	3	4	4	3	3	3	4	2	3	4	3	3	3	3	3	3	3	3	3	3	4	3	3	3	3	3	3	3	3	4	4	2	3	4	4	3	4	4	4	3	4	4	3	4	4	4	4	2	4	5	4	4	1	2	3	4	4	4	4	3	1	3	2	3	3	2	4	3	3	3	1	3	3	4	4	3	4	3	4	3	2	3	4	2	3	3	2	3	2	2	4	2	4	2	3	4	3	3	3	3	4	3	4	4	4	3	3	1	0
10050018	5	2	1	5	5	5	3	3	1	4	3	2	1	1	5	1	4	3	1	5	1	4	5	1	5	3	3	1	4	1	4	5	1	5	5	1	5	5	5	1	4	1	2	5	5	1	1	1	4	1	5	1	5	5	3	3	2	1	5	3	5	5	4	4	1	2	5	5	1	3	2	1	1	5	2	1	2	5	5	4	5	1	5	4	3	4	4	5	3	2	1	4	2	1	4	4	3	4	4	5	4	1	3	3	3	4	1	4	3	4	4	1	0
10050024	3	3	2	2	3	3	3	3	3	3	3	3	3	3	3	1	3	3	2	3	3	3	3	3	3	3	3	3	3	3	5	5	3	3	4	3	4	5	4	4	3	4	4	3	3	3	2	5	3	2	5	2	4	5	3	4	3	3	4	3	3	5	4	5	1	3	4	3	3	4	2	3	3	4	5	5	4	5	4	4	4	4	2	4	1	5	5	2	5	4	3	3	2	3	5	4	3	2	4	5	3	4	1	4	3	3	3	2	4	3	4	1	0
10050025	5	2	1	5	5	5	3	5	4	5	5	1	1	5	4	1	5	4	2	5	1	4	4	5	4	4	5	5	5	5	1	5	4	5	5	1	3	5	4	3	5	5	5	5	3	1	2	5	5	5	5	1	5	4	5	4	4	2	4	4	1	5	5	5	5	5	5	5	5	5	3	2	3	2	3	5	2	4	5	4	5	1	5	5	1	5	5	2	5	5	1	3	2	4	5	5	2	5	5	5	2	5	1	5	4	5	4	5	1	4	5	1	0
10050027	4	3	4	3	4	3	1	5	2	4	2	5	1	2	3	2	3	2	1	4	4	5	3	2	2	3	2	4	3	4	4	3	2	4	2	1	3	4	3	5	3	2	3	4	3	2	3	1	3	3	4	2	4	4	4	3	4	4	2	3	2	4	2	2	4	3	1	4	3	2	2	4	1	3	4	3	2	2	3	3	3	5	3	3	2	3	2	1	3	4	2	4	2	1	3	4	2	2	3	3	3	2	1	4	4	4	2	3	3	3	4	1	0
10050028	3	3	2	5	4	4	5	5	3	4	4	5	5	5	3	1	5	4	5	3	1	1	5	5	3	4	5	3	4	5	1	4	3	5	4	5	1	4	4	1	3	5	5	5	3	1	3	5	5	3	5	4	5	3	5	3	3	1	5	3	2	5	4	2	5	5	2	3	5	5	1	2	1	4	5	5	3	3	4	2	4	3	5	3	1	3	5	1	5	5	3	1	1	5	5	1	3	5	3	4	3	4	1	4	5	1	4	4	1	4	5	1	0
10050030	-99	-99	-99	-99	-99	-99	-99	-99	-99	-99	-99	-99	-99	-99	-99	-99	-99	-99	-99	-99	-99	-99	-99	-99	-99	-99	-99	-99	-99	-99	-99	-99	-99	-99	-99	-99	-99	-99	-99	-99	-99	-99	-99	-99	-99	-99	-99	-99	-99	-99	-99	-99	-99	-99	-99	-99	-99	-99	-99	-99	-99	-99	-99	-99	-99	-99	-99	-99	-99	-99	-99	-99	-99	-99	-99	-99	-99	-99	-99	-99	-99	-99	-99	-99	-99	-99	-99	-99	-99	-99	-99	-99	-99	-99	-99	-99	-99	-99	-99	-99	-99	-99	-99	-99	-99	-99	-99	-99	-99	-99	-99	1	0
10050032	3	4	3	2	3	4	3	4	2	2	3	3	1	3	3	3	5	2	2	3	3	3	3	3	3	3	3	3	2	5	5	3	3	3	4	3	2	3	2	4	2	1	3	3	2	4	3	3	4	4	3	3	4	4	3	2	2	5	3	2	2	4	4	3	1	2	5	3	1	1	1	2	1	4	1	3	3	2	2	4	3	3	5	4	1	3	3	2	3	2	1	3	3	3	3	2	3	2	2	4	1	3	2	4	4	3	2	3	3	3	3	1	0
10050035	3	3	3	3	2	3	3	3	3	3	4	3	3	3	2	3	3	4	4	3	3	4	4	3	3	3	3	4	2	3	4	3	4	3	3	4	3	3	3	3	4	4	3	4	3	3	3	3	3	3	4	3	3	3	3	3	4	3	3	2	3	3	3	3	3	3	3	3	3	3	3	3	3	5	3	3	4	3	3	3	3	3	3	4	4	3	3	2	4	3	3	3	3	3	3	3	3	3	3	4	2	3	3	3	3	3	3	3	3	3	3	1	0
10050039	4	2	1	5	3	4	4	3	4	4	5	5	4	5	4	1	5	5	4	4	2	3	4	3	4	4	3	4	4	4	1	5	1	4	5	2	3	5	4	1	4	4	4	2	4	1	1	5	4	3	5	1	5	5	4	4	4	1	3	3	2	5	5	5	5	4	5	4	4	4	5	2	4	4	5	3	1	4	4	4	4	2	4	3	1	4	5	1	4	5	2	2	1	5	5	3	3	4	3	5	3	5	1	3	1	4	2	3	4	4	4	1	0
10050040	3	2	2	3	2	3	3	3	3	2	3	4	4	2	3	2	4	2	3	2	3	2	2	2	3	4	3	2	3	3	4	3	2	3	3	2	2	4	3	3	3	2	3	2	2	3	2	4	3	3	3	3	3	4	3	3	2	3	4	3	2	4	4	3	4	5	2	4	2	4	1	2	2	3	3	2	3	3	3	3	3	3	2	5	2	2	4	2	4	3	2	3	2	4	4	2	3	2	3	4	2	3	2	2	3	2	3	4	3	2	3	1	0
10050046	5	1	1	5	5	5	3	5	5	5	5	5	5	1	5	1	3	5	5	5	5	5	5	5	5	5	3	5	3	5	2	5	1	5	5	2	1	5	4	1	5	5	5	4	3	3	3	5	1	5	5	2	5	5	4	5	5	1	5	2	2	5	3	5	5	5	1	3	5	5	3	3	3	4	5	4	1	3	5	4	4	5	5	3	1	5	5	1	5	5	2	3	1	5	5	3	3	3	3	5	5	5	1	5	3	5	5	5	2	4	5	1	0
10050047	5	1	1	4	4	5	5	5	1	3	5	1	1	3	4	1	4	3	1	4	1	3	4	5	4	4	4	4	3	2	2	5	1	4	4	3	4	5	3	2	4	5	3	2	3	1	3	5	4	1	5	1	5	5	4	4	5	2	3	3	1	5	5	4	3	4	5	4	5	2	3	1	1	5	5	3	1	5	5	5	4	5	4	4	1	5	5	1	4	5	3	2	2	5	5	4	2	2	4	5	3	5	1	3	4	3	1	3	2	4	4	1	0
10050048	4	5	2	2	2	4	3	4	2	1	3	2	3	3	2	3	3	3	3	2	4	3	3	2	2	2	4	2	4	2	1	4	2	2	3	1	5	5	5	2	1	3	2	3	4	3	2	5	3	3	4	3	3	2	2	5	1	1	4	3	2	5	3	2	4	3	2	2	1	4	3	1	1	5	4	3	3	3	2	1	5	2	4	4	1	4	3	4	3	1	1	2	1	1	5	4	4	1	3	4	4	3	4	3	2	5	2	4	2	3	4	1	0
10050054	3	3	1	3	3	3	2	4	3	4	5	4	4	2	3	3	3	4	4	3	3	3	4	4	4	4	2	4	4	4	4	4	4	5	4	2	2	3	3	3	4	3	4	3	3	5	3	5	4	4	4	4	4	3	3	3	2	2	4	4	2	5	5	3	4	5	5	3	3	2	2	4	3	3	3	3	2	3	3	3	3	3	3	3	3	3	5	1	5	4	2	3	3	5	5	3	3	2	3	3	5	5	2	5	3	1	3	3	5	2	4	1	0
10050056	4	1	1	5	4	4	2	4	4	4	5	2	3	2	1	3	3	3	3	4	2	2	3	2	2	3	3	3	2	2	1	4	2	4	4	4	4	5	4	3	4	4	3	3	4	1	2	4	2	4	5	2	4	5	4	4	4	2	4	4	2	5	5	4	3	3	5	4	4	5	5	2	3	3	5	4	2	4	4	4	4	2	4	3	1	5	3	1	4	4	4	2	1	4	5	3	2	3	4	4	4	5	2	4	2	4	3	4	2	4	4	1	0
10060001	5	2	1	5	5	5	3	5	5	5	5	1	5	5	5	1	4	4	5	5	1	3	5	5	5	4	5	4	5	5	1	5	1	5	5	3	5	5	5	1	5	5	5	5	5	1	2	5	5	5	5	1	5	5	5	4	5	1	5	5	1	5	5	5	5	5	5	5	5	5	5	1	2	5	5	5	2	5	5	5	5	1	5	5	1	5	5	1	5	5	2	2	2	5	5	5	3	5	5	5	3	5	4	5	5	5	2	5	2	5	5	1	0
10060003	5	1	1	5	5	4	2	4	4	5	5	1	5	4	4	1	1	4	5	4	1	4	5	4	5	2	4	4	4	5	2	3	1	4	4	4	4	5	5	2	2	5	5	2	4	3	4	5	3	4	5	1	5	5	4	4	4	1	3	3	2	5	5	4	2	5	4	4	4	4	4	2	2	3	3	4	2	5	4	4	4	1	4	3	2	5	5	2	5	5	4	4	1	5	4	3	3	2	4	5	3	3	3	5	2	3	5	5	3	4	2	1	0
10060004	4	1	1	5	5	5	3	5	4	5	5	1	5	5	4	1	2	5	4	4	1	3	5	5	5	4	5	4	4	5	1	5	2	5	4	3	4	5	4	1	4	5	5	4	5	1	3	5	4	5	5	1	5	5	5	5	5	1	4	3	1	5	5	4	4	5	5	5	5	3	4	3	2	5	5	5	2	5	5	4	5	1	5	4	1	5	5	2	5	5	4	3	2	5	5	5	5	5	4	5	5	5	2	5	3	4	4	5	1	4	5	1	0
10060005	5	1	1	4	3	5	5	5	4	4	4	1	3	3	5	1	4	5	3	5	1	2	5	5	5	5	4	4	4	4	2	5	2	4	4	4	4	5	5	1	5	5	4	5	4	2	2	5	5	3	5	2	5	5	5	4	4	2	5	4	2	5	5	4	5	5	5	5	5	5	3	2	3	4	5	5	2	5	4	4	5	5	5	4	2	5	5	1	4	5	3	2	1	5	5	3	2	5	4	5	3	5	1	5	1	4	2	4	3	5	5	1	0
10060008	5	1	1	5	5	5	5	5	5	5	5	2	5	5	5	1	5	3	5	5	1	2	5	5	5	5	5	5	5	3	1	5	5	5	5	5	5	5	5	1	4	5	5	5	5	1	4	2	5	5	5	1	5	5	5	5	5	1	5	5	1	5	5	5	4	5	5	5	5	5	1	5	3	5	5	5	2	5	5	5	5	5	5	5	1	5	5	1	5	5	5	1	1	5	5	5	5	5	5	5	3	5	1	5	1	5	5	5	2	5	5	1	0
10060010	3	2	2	4	4	3	3	3	4	3	4	4	4	3	3	2	4	4	5	3	3	4	3	3	3	3	2	3	3	4	2	2	2	3	3	1	3	4	3	2	2	3	4	3	4	2	4	3	2	5	3	3	3	4	3	3	2	1	3	1	2	4	3	5	4	2	4	4	5	3	3	3	2	2	4	5	4	3	3	3	3	5	2	3	1	2	5	2	4	5	2	4	2	5	4	4	3	3	2	2	3	4	1	3	1	3	5	3	3	3	3	1	0
10060011	5	1	2	3	5	4	5	3	3	3	2	2	1	4	4	1	2	5	3	5	4	2	5	3	5	5	5	3	5	5	2	5	1	3	5	1	2	4	3	2	5	4	4	4	5	1	2	2	4	3	4	1	4	4	4	4	2	2	3	4	3	5	3	2	2	5	3	4	3	3	2	2	1	5	2	3	1	3	4	3	4	3	4	4	1	2	3	1	3	4	1	1	2	3	3	4	1	2	2	5	4	1	3	4	2	3	2	4	4	5	4	1	0
10060013	5	3	1	3	4	2	3	2	2	4	3	4	2	2	3	2	2	3	2	4	3	2	3	3	3	4	3	3	3	3	2	2	2	4	3	3	3	3	3	3	2	2	4	4	2	2	2	2	3	1	3	2	3	2	5	3	3	2	4	2	4	4	3	3	3	3	3	3	3	2	3	2	3	4	2	5	2	3	4	3	2	2	3	3	1	2	4	3	4	3	3	2	3	3	4	4	3	3	2	3	3	5	2	5	5	3	3	4	2	3	3	1	0
10060015	5	2	1	5	4	3	1	3	4	3	4	2	4	2	4	1	5	3	5	4	2	4	5	5	3	4	4	5	2	4	1	4	2	5	5	2	2	5	4	1	5	4	4	3	4	3	4	5	4	5	5	2	4	4	3	3	3	2	4	3	2	5	5	4	3	5	5	5	5	3	5	3	2	4	3	2	3	2	5	3	3	5	5	3	2	4	5	2	4	5	2	2	2	4	5	1	3	3	2	4	4	4	2	4	5	4	3	2	1	3	4	1	0
10060016	3	2	2	3	1	3	4	4	4	1	3	3	4	3	3	3	4	4	4	2	4	3	3	4	3	3	3	3	3	2	3	4	4	2	2	4	3	3	4	3	4	4	3	3	2	2	3	3	4	3	5	2	3	3	3	3	4	1	4	5	3	5	4	4	5	2	4	4	4	5	4	2	5	2	4	5	1	5	2	3	3	2	3	4	1	5	5	1	5	5	1	2	2	5	5	3	3	5	5	5	4	4	3	5	3	2	2	4	2	3	4	1	0
10060017	4	2	2	4	3	4	4	4	4	4	4	2	4	3	2	2	5	3	4	3	4	3	3	4	4	4	4	4	3	4	2	3	3	3	4	3	2	4	3	3	3	3	4	4	4	2	3	4	4	4	4	2	4	4	4	3	3	2	3	3	2	4	3	4	3	4	3	4	4	4	3	3	2	4	3	4	3	3	3	4	4	1	4	4	2	4	4	2	3	4	3	2	2	4	4	3	2	3	2	4	4	4	2	4	2	3	3	4	2	3	3	1	0
10060018	4	1	1	5	4	5	4	3	1	3	5	5	2	2	4	1	1	5	3	3	2	3	5	4	4	3	3	4	3	5	5	5	3	2	2	4	3	5	3	4	5	4	2	4	4	3	2	5	2	3	5	3	5	5	4	3	3	4	5	4	2	5	5	3	3	5	5	4	2	1	1	4	3	5	3	5	1	4	4	4	3	1	5	5	1	5	5	1	4	2	5	4	1	4	5	4	5	2	5	5	5	3	3	4	3	2	2	4	5	4	5	1	0
10060021	4	1	1	4	4	5	3	4	1	3	4	1	1	2	2	2	4	3	1	3	5	3	3	2	2	4	4	4	3	3	3	4	3	3	4	4	2	5	2	5	3	2	3	3	2	2	2	2	3	1	3	3	4	5	1	3	4	5	2	3	4	4	4	2	1	4	4	3	2	2	3	3	1	2	2	3	4	2	3	3	3	2	3	4	4	2	3	2	4	3	3	2	2	1	4	4	3	4	3	4	3	2	2	4	3	2	4	4	3	2	2	1	0
10060025	3	5	1	5	5	5	3	5	5	4	4	5	4	1	3	1	1	5	4	5	2	5	5	1	5	3	2	5	3	4	2	3	1	2	4	2	4	5	5	5	2	1	3	4	3	1	3	3	3	2	5	1	4	5	2	4	5	2	3	4	2	5	4	4	1	3	1	5	2	2	5	2	2	3	2	4	2	5	4	3	4	5	3	2	1	2	5	2	3	5	2	5	2	5	5	4	2	2	4	3	3	3	3	5	1	5	2	4	3	5	3	1	0
10060026	3	2	2	4	3	4	4	3	3	3	3	2	3	2	3	3	4	3	3	3	3	2	4	2	3	3	4	3	3	4	3	4	3	3	3	3	2	4	3	3	3	3	3	3	3	3	3	4	3	2	4	3	4	4	2	3	4	2	3	3	3	4	3	3	2	3	4	4	4	3	2	4	3	3	4	4	3	3	3	3	3	5	3	3	4	4	2	2	4	3	4	3	2	4	4	3	3	4	3	4	3	4	3	4	3	3	3	3	4	3	3	1	0
10060029	4	3	2	4	4	4	4	5	3	3	4	2	2	3	3	3	4	2	2	4	4	4	4	3	2	4	5	5	3	4	1	4	2	4	3	3	2	4	2	3	4	4	3	3	3	3	3	5	4	1	3	2	4	4	2	4	3	4	3	4	2	4	3	4	3	3	4	4	4	3	2	4	3	3	3	3	2	3	4	3	3	1	3	3	2	5	3	4	3	4	2	3	2	3	3	2	2	3	3	4	2	4	3	4	4	4	4	4	3	3	3	1	0
10060032	5	1	1	5	5	5	4	5	5	5	5	2	4	4	4	1	5	5	4	5	1	3	5	5	4	5	5	5	5	5	1	5	3	5	5	1	2	5	5	1	4	5	5	4	5	1	4	3	5	5	5	1	5	4	5	4	4	1	5	4	1	5	5	5	5	5	4	5	5	5	5	3	3	5	5	5	2	4	5	5	5	1	5	5	1	4	5	1	5	5	1	4	1	5	5	5	2	5	4	5	4	5	2	5	5	5	5	4	1	4	5	1	0
10060033	5	3	1	5	5	4	5	5	5	5	5	3	5	5	5	1	5	5	5	5	1	4	5	3	5	5	3	5	5	5	1	3	2	5	5	5	4	4	5	2	3	5	5	3	5	1	2	2	4	5	4	2	5	4	5	4	5	1	5	5	1	5	5	5	1	5	4	5	5	2	5	1	3	5	2	5	2	5	5	4	5	1	5	5	1	3	5	3	5	5	3	3	1	5	5	5	5	5	5	3	4	5	3	5	5	5	4	5	1	5	5	1	0
10060034	4	2	2	5	4	4	3	4	4	4	2	2	4	4	4	2	5	2	5	5	2	3	4	2	5	4	4	3	4	4	1	4	2	4	5	2	5	4	5	5	4	2	2	4	5	2	2	1	4	5	5	2	4	3	4	3	3	1	5	3	3	5	4	5	2	4	3	5	5	4	5	2	4	4	2	3	3	5	4	3	4	1	3	4	2	3	3	3	4	4	2	3	2	4	3	4	2	3	3	4	3	2	2	5	5	5	3	4	3	4	4	1	0
10060035	4	4	1	4	5	5	4	1	4	4	2	1	3	3	4	2	5	3	4	5	1	3	3	4	4	3	4	3	4	5	2	4	2	4	5	3	4	4	5	3	3	3	3	5	5	2	3	3	4	3	4	2	5	4	4	3	3	2	4	4	3	5	3	5	2	5	3	4	4	1	4	2	2	3	4	4	2	5	4	3	5	5	5	4	2	4	4	4	5	5	2	3	2	4	4	4	2	4	3	4	3	5	3	5	2	5	2	4	1	5	5	1	0
10060036	5	3	1	5	5	5	3	4	3	5	4	2	4	2	4	1	3	5	4	5	2	2	4	2	4	5	3	5	3	4	1	4	1	5	4	4	3	5	5	2	4	2	5	4	4	1	3	1	5	1	4	1	5	5	5	3	5	2	4	3	1	5	5	5	2	4	5	5	5	3	5	3	3	4	3	5	1	4	5	5	5	5	5	5	1	4	5	1	5	5	4	2	2	4	5	4	4	5	4	5	3	5	1	5	1	5	3	5	2	5	5	1	0
10060039	4	2	2	3	2	2	2	4	3	4	2	5	3	2	3	2	1	5	3	3	4	5	4	3	4	3	3	3	4	4	3	3	2	4	2	2	4	4	4	3	2	3	4	2	3	2	2	4	2	3	3	3	4	4	3	3	3	3	2	3	3	4	4	3	2	3	2	3	3	2	3	2	2	3	3	2	2	4	4	4	3	3	3	3	2	4	4	2	3	3	3	5	1	3	4	3	3	2	3	3	4	3	3	3	2	2	3	3	3	3	3	1	0
10060041	5	2	1	5	5	5	5	5	4	5	5	1	1	5	4	1	5	3	2	4	1	2	5	3	4	3	5	4	3	4	1	5	3	3	5	4	2	5	4	3	5	5	5	4	4	3	5	3	5	2	5	1	5	5	3	3	5	3	5	3	1	5	5	4	5	5	5	5	5	5	3	2	4	4	5	5	2	4	4	4	5	5	5	5	1	5	5	2	5	5	4	4	1	3	5	5	2	4	4	5	3	4	2	5	1	5	3	4	1	5	4	1	0
10060043	3	2	2	3	4	4	4	4	3	4	3	3	2	3	4	3	4	3	2	3	4	4	3	2	3	3	3	3	3	4	3	3	3	3	3	3	2	4	3	3	3	2	3	3	2	3	3	4	3	2	3	3	3	4	3	4	3	4	2	3	3	3	4	3	2	2	2	3	3	3	3	3	2	3	2	3	3	2	3	3	3	4	3	3	3	3	3	3	3	3	3	3	3	2	3	3	3	2	3	3	3	3	2	3	3	3	3	3	3	3	3	1	0
10060044	5	3	1	5	5	4	3	5	5	4	4	2	4	4	4	1	4	4	4	4	2	3	4	3	4	4	3	5	4	4	1	4	2	5	2	4	2	4	3	2	4	2	5	2	3	2	2	2	4	4	5	2	5	4	4	3	5	1	5	4	1	5	5	5	4	3	5	5	5	4	3	2	5	5	2	4	2	4	4	4	4	1	2	5	1	4	5	1	5	5	3	3	2	4	5	4	3	4	4	5	3	5	2	4	5	4	4	5	2	5	4	1	0
10060045	5	3	2	4	3	4	2	4	4	3	4	1	4	3	3	2	3	4	4	3	3	4	3	4	5	4	4	4	3	5	3	3	1	4	2	3	4	4	4	3	3	4	3	2	3	2	2	2	3	4	4	2	4	4	4	4	4	2	3	4	2	4	4	3	4	4	4	4	4	4	4	2	2	4	4	4	2	4	4	4	4	2	3	4	2	3	4	2	4	5	3	3	2	4	4	4	3	3	4	3	3	3	2	4	2	3	4	4	3	3	4	1	0
10060046	4	2	2	4	4	4	4	3	3	4	4	3	3	4	4	3	2	4	3	4	3	4	2	3	4	4	4	4	3	3	4	4	3	4	3	2	2	3	3	4	3	4	3	2	4	2	3	4	4	2	4	3	4	3	4	4	3	4	4	4	2	4	4	4	4	4	4	4	4	4	3	2	3	4	3	4	3	4	4	3	3	4	4	4	1	3	5	2	4	3	1	3	3	2	5	3	5	4	5	2	4	4	4	4	5	4	3	3	4	2	5	1	0
10060048	5	1	1	5	5	5	4	5	5	3	5	1	5	2	4	1	3	4	5	5	4	2	5	5	4	5	4	4	4	5	1	5	1	4	5	5	2	5	4	1	5	5	5	3	3	1	3	5	3	5	5	1	5	5	5	3	5	1	3	3	1	5	5	5	5	3	5	5	5	5	5	2	4	3	5	3	1	4	5	5	4	1	5	5	2	4	5	1	5	5	5	1	1	5	5	5	2	3	4	5	4	5	1	5	5	3	2	5	2	5	5	1	0
10070001	5	4	2	4	5	3	3	3	4	5	3	3	3	4	4	1	2	3	3	5	1	4	3	4	4	4	4	5	4	5	1	2	2	5	5	5	5	3	5	1	2	4	5	4	4	1	3	5	4	3	5	2	3	2	5	3	3	1	3	3	1	5	4	5	5	5	3	5	4	2	1	1	2	5	3	5	1	5	5	5	5	1	5	5	1	3	5	1	5	5	3	3	2	4	4	5	3	4	5	2	4	5	3	5	3	4	3	5	1	4	4	1	0
10070006	3	3	1	4	3	5	2	1	3	4	5	2	3	1	3	1	1	3	3	2	3	3	3	1	3	3	2	4	2	4	4	2	3	3	3	2	3	4	3	3	3	1	5	3	2	3	1	1	3	3	4	5	5	3	3	2	1	1	3	2	3	5	3	5	2	1	5	3	3	5	1	3	1	2	1	5	5	3	5	1	3	5	5	2	1	4	3	4	3	4	2	3	2	3	3	3	2	3	3	3	1	4	3	3	1	3	3	3	3	3	3	1	0
10070007	5	3	1	4	5	4	4	4	4	4	5	3	5	4	4	1	3	3	5	4	1	3	4	4	4	4	4	5	4	4	2	4	2	5	3	3	4	5	4	1	4	4	4	2	2	1	3	5	3	3	5	2	5	4	3	4	4	2	2	4	2	5	5	3	4	4	4	4	3	5	4	2	2	4	5	5	2	4	4	5	4	5	4	4	1	4	4	1	4	5	4	3	1	5	4	4	3	4	4	4	3	4	1	4	1	4	5	4	1	4	4	1	0
10070009	5	1	1	5	5	5	4	3	5	5	5	1	5	4	5	1	3	4	5	5	1	4	5	5	4	5	2	5	3	3	1	5	2	5	4	2	4	5	4	1	4	5	5	2	4	1	4	5	3	5	5	2	5	5	5	3	5	4	3	4	1	5	5	5	5	5	5	5	5	4	5	2	4	4	5	5	1	5	5	5	5	1	5	5	1	5	5	2	5	5	3	2	1	5	5	3	3	4	5	4	4	5	1	4	5	5	5	3	2	4	5	1	0
10070010	3	2	2	5	3	5	4	3	3	4	3	2	5	4	3	1	3	3	5	3	1	4	4	5	4	4	4	3	4	5	3	5	2	4	5	1	3	5	5	2	3	4	4	4	3	3	3	2	4	5	5	2	5	5	4	4	3	1	4	3	2	5	4	5	3	4	5	4	3	4	1	1	3	4	4	3	1	5	4	2	3	2	4	3	1	3	5	3	4	5	2	3	1	5	3	3	3	3	4	4	3	4	2	5	2	3	3	5	2	4	4	1	0
10070013	4	1	1	4	5	5	4	3	2	3	5	1	1	3	4	1	1	5	1	5	5	5	4	2	3	5	5	5	3	5	4	5	2	5	2	5	3	5	4	1	4	2	4	4	4	5	3	3	4	2	5	1	5	5	5	4	3	4	4	4	2	5	5	2	1	5	5	4	3	2	4	3	2	4	2	4	2	3	4	4	4	5	4	3	2	5	5	1	5	3	4	1	2	2	5	2	3	3	4	5	3	5	3	4	4	3	4	4	3	4	4	1	0
10070016	4	2	2	3	4	4	4	3	2	4	5	5	1	2	4	1	2	5	1	4	3	3	4	2	3	4	4	4	3	2	4	4	2	4	4	4	3	5	3	3	4	3	4	4	4	3	3	3	4	2	5	2	4	5	2	4	2	3	4	3	3	5	3	5	1	3	5	4	3	4	1	4	2	3	3	2	2	3	4	4	3	2	3	4	4	3	4	2	4	3	2	3	3	3	4	2	3	2	4	2	3	4	3	2	3	4	4	3	3	3	3	1	0
10070018	3	2	3	2	3	4	5	3	3	2	4	3	2	2	3	1	3	3	2	4	2	3	3	2	2	3	3	3	3	2	1	2	3	4	3	3	3	5	3	3	4	3	4	3	3	2	3	4	4	1	4	3	4	5	3	3	2	3	3	4	3	4	4	2	1	3	4	2	2	1	4	1	2	4	3	2	1	4	3	2	3	4	2	3	2	5	2	2	4	3	3	3	2	3	5	3	3	3	2	3	2	3	1	3	4	4	3	4	3	2	4	1	0
10070022	3	2	2	2	3	3	3	3	3	3	3	3	2	3	3	3	3	4	4	3	3	4	4	3	3	3	3	4	2	4	4	4	3	3	4	3	3	4	3	3	3	3	3	2	3	2	2	3	3	2	3	3	3	2	3	3	3	4	3	3	3	3	4	3	3	3	3	2	3	3	3	3	4	3	2	3	4	3	4	2	3	3	3	3	2	3	4	1	3	4	3	1	4	4	2	2	5	3	3	4	3	4	3	3	2	4	3	3	3	3	3	1	0
10070023	5	3	2	5	4	5	5	1	4	4	5	5	4	4	5	1	4	4	2	4	2	4	5	3	4	5	4	5	5	4	3	5	4	4	5	5	5	4	5	4	5	4	5	1	4	2	2	4	5	1	4	1	4	3	4	4	4	2	5	5	2	5	5	4	3	5	3	4	4	2	3	2	3	3	3	5	2	4	5	4	4	5	3	4	2	4	4	1	4	4	4	3	2	4	4	3	2	5	4	4	3	5	2	4	5	4	4	4	3	4	4	1	0
10070025	5	3	1	5	5	5	5	2	5	5	5	1	3	1	5	1	5	5	3	5	2	5	5	1	5	3	4	2	4	2	1	3	1	5	5	5	4	5	5	3	3	3	5	3	4	1	3	1	5	5	5	1	5	5	5	3	4	3	5	4	1	5	5	5	3	4	5	5	5	3	5	1	1	3	4	2	1	4	5	5	5	5	5	4	3	4	5	4	5	5	3	2	1	5	5	5	1	5	5	5	2	5	1	3	1	3	5	3	3	4	4	1	0
10070029	3	4	3	3	3	3	3	4	2	3	3	3	2	2	3	2	3	3	2	3	3	3	2	2	3	3	2	2	2	3	1	2	3	2	2	2	2	3	2	2	2	3	2	3	3	3	3	4	2	1	2	3	3	5	2	2	3	3	2	3	4	3	2	3	1	5	5	3	3	2	2	4	3	3	2	2	3	2	2	3	2	2	3	3	3	3	4	3	3	4	2	3	3	2	3	3	3	2	3	3	3	2	3	2	3	3	3	2	3	2	2	1	0
10070030	3	3	2	3	3	4	3	4	2	2	2	1	2	2	3	2	2	2	3	4	3	2	3	2	3	3	3	2	3	2	3	4	4	4	4	3	3	5	4	4	4	2	3	4	4	4	4	4	4	4	4	2	4	4	4	3	4	3	3	3	2	3	3	4	2	4	4	4	2	5	1	2	2	2	2	4	2	3	4	4	4	4	5	2	2	4	2	2	3	3	3	3	3	3	3	3	3	3	4	3	3	3	2	3	2	4	3	3	4	4	4	1	0
10070031	5	4	1	3	5	5	3	5	3	5	4	1	4	2	5	2	2	3	5	5	1	4	4	2	5	4	4	5	5	2	5	1	1	5	5	1	5	5	5	5	5	1	1	5	5	5	5	5	2	2	3	1	5	5	2	2	5	4	5	3	3	4	4	4	1	3	3	5	2	1	1	1	1	4	5	5	1	5	2	3	4	4	4	5	1	3	5	2	5	5	1	3	5	5	2	5	5	1	1	5	2	5	2	2	1	4	5	5	3	5	5	1	0
10070032	4	3	2	4	4	5	3	5	3	4	4	1	2	3	4	1	5	4	2	4	3	3	4	5	4	4	3	5	4	4	3	4	2	3	4	5	4	5	4	2	3	5	3	1	4	2	3	5	2	3	4	3	4	4	4	4	5	2	3	3	2	4	4	4	3	4	4	4	4	3	3	2	2	4	4	4	2	5	4	4	4	2	4	4	2	4	5	2	4	4	4	3	2	3	5	3	3	3	4	4	4	4	3	4	3	4	4	5	4	4	4	1	0
10070035	4	2	4	4	4	4	4	4	4	4	3	1	1	1	4	2	1	4	1	4	4	4	4	3	4	4	4	4	4	3	3	5	2	5	5	5	5	5	4	3	5	5	5	5	1	5	3	5	5	1	4	2	5	5	5	5	5	5	5	3	1	5	5	3	2	5	5	5	5	1	5	5	5	3	3	5	1	5	5	5	5	5	5	3	1	5	5	2	5	5	4	4	2	1	5	3	3	1	5	5	5	5	5	5	5	1	5	5	5	2	5	1	0
10070036	5	2	1	5	4	5	3	4	4	5	5	1	5	1	5	1	5	5	5	5	2	3	5	5	4	5	2	3	4	5	1	5	1	5	3	5	3	5	5	1	3	5	5	3	2	1	2	5	3	3	5	1	5	5	5	3	5	2	5	2	2	5	5	4	5	3	5	5	3	4	5	3	1	2	5	5	1	4	5	4	5	5	5	3	1	3	5	1	5	5	3	2	2	5	5	3	3	4	4	5	3	5	2	5	1	4	4	4	3	4	5	1	0
10070042	4	3	3	4	4	4	3	4	2	3	4	3	2	2	4	1	1	3	2	4	3	3	3	2	4	4	4	4	3	4	4	3	3	4	5	4	4	5	4	2	4	2	3	3	2	2	2	4	4	2	5	3	4	4	4	4	3	2	5	5	4	5	4	4	2	3	5	3	3	3	2	4	3	5	2	3	2	4	4	3	3	3	4	3	2	4	4	1	3	3	5	4	2	2	5	3	3	3	4	3	4	3	2	4	3	4	4	3	3	4	4	1	0
10070045	4	2	2	5	5	4	4	2	4	5	4	2	5	2	5	1	5	4	5	5	2	4	3	4	4	5	3	4	4	2	2	4	2	5	4	2	4	5	5	3	3	3	5	5	5	2	2	2	4	5	5	2	5	4	4	4	3	2	4	4	2	5	3	4	2	3	3	4	4	4	3	2	1	3	4	4	2	5	5	4	4	5	3	3	2	4	5	3	5	4	2	2	2	5	4	4	3	5	4	3	3	4	2	4	2	4	2	4	2	4	4	1	0
10070046	5	3	3	4	4	4	2	1	4	4	3	2	5	5	4	3	2	3	5	3	3	4	3	5	2	3	3	5	3	4	4	3	3	4	3	4	3	4	4	2	3	4	4	2	4	5	3	5	4	5	3	3	4	4	5	3	3	2	3	4	2	4	5	4	5	3	5	5	4	1	1	2	3	4	5	5	3	5	4	5	4	5	3	5	1	2	4	1	4	5	4	5	3	5	3	2	1	4	4	4	4	5	1	5	1	2	3	4	1	4	3	1	0
10070047	4	2	2	5	5	5	5	4	4	4	5	2	3	1	4	1	3	3	3	4	2	2	5	5	4	4	4	3	5	4	3	4	2	4	4	4	3	5	3	1	2	4	3	3	4	2	3	4	3	3	4	1	5	5	4	3	3	2	3	4	2	4	5	4	5	3	3	4	4	4	3	2	2	4	3	3	1	5	3	2	4	4	4	4	2	4	3	3	4	4	3	2	2	4	4	3	2	3	4	4	3	3	1	4	2	3	4	4	3	3	4	1	0
10070048	5	1	1	5	5	5	5	2	5	5	5	5	1	5	5	1	3	5	3	5	5	5	5	2	5	5	5	5	5	5	1	5	1	5	5	5	5	5	5	1	5	5	5	5	2	1	5	5	5	1	5	1	5	5	5	5	5	2	5	5	2	5	5	5	2	3	5	5	3	1	5	2	5	5	3	3	1	4	5	3	3	3	3	4	1	5	5	3	4	5	5	2	1	4	5	1	2	5	5	3	5	5	2	4	3	4	5	4	3	4	4	1	0
10070049	5	2	2	5	5	5	5	2	3	5	3	1	1	2	4	2	2	4	2	5	4	5	4	5	4	4	3	4	4	5	2	4	2	4	5	4	4	5	4	2	3	4	5	3	4	2	5	3	4	2	5	2	5	5	4	4	3	3	3	4	2	5	5	5	3	4	2	4	4	2	3	2	3	4	3	4	2	5	4	4	4	5	3	4	2	5	5	2	5	5	4	4	2	2	5	4	4	3	4	4	2	4	2	5	1	4	5	4	3	4	4	1	0
10070050	3	3	2	3	3	3	3	3	2	3	4	2	2	2	3	2	2	3	2	3	3	3	3	4	3	3	3	3	3	3	3	3	3	3	2	2	3	3	3	3	3	3	3	3	3	3	3	2	3	2	3	3	3	4	3	3	2	4	3	2	3	3	3	2	3	3	3	3	3	2	3	2	3	3	2	3	2	3	2	3	3	3	3	3	3	3	3	3	4	3	3	3	3	2	3	3	3	2	3	3	3	3	3	3	3	3	3	3	3	3	3	1	0
10070051	5	1	1	5	5	5	5	5	5	4	5	2	5	5	5	2	3	4	4	5	4	5	4	4	5	4	4	4	4	3	1	5	3	5	3	5	4	5	4	1	4	5	5	4	4	1	3	5	4	4	5	1	5	5	5	5	4	1	4	4	1	5	5	3	5	4	5	4	4	4	5	3	4	4	4	4	2	5	4	4	4	4	4	3	2	4	4	1	4	4	4	3	1	5	5	5	4	4	3	5	4	5	1	4	4	4	4	4	3	4	4	1	0
10080001	5	3	1	3	3	5	2	3	2	3	3	1	3	3	5	1	2	4	2	3	1	4	3	2	5	4	3	3	4	5	3	3	3	4	5	3	3	5	4	5	4	3	3	1	3	3	5	3	3	2	5	2	5	5	3	5	5	3	4	3	3	5	4	5	3	5	3	4	3	3	3	3	1	3	3	3	1	4	3	4	3	4	4	3	3	5	3	1	4	4	5	1	1	3	5	3	3	5	3	5	3	3	1	3	2	3	4	4	4	4	3	1	0
10080004	3	2	2	3	4	3	4	3	2	3	2	4	2	3	4	2	4	3	2	4	3	4	4	2	4	4	4	2	3	2	4	4	2	3	2	4	5	4	5	3	3	2	4	2	4	3	4	4	4	3	4	2	4	3	4	2	2	4	2	2	2	4	4	1	1	3	1	4	3	1	1	2	3	4	3	4	3	4	3	2	3	5	4	4	3	4	4	2	3	3	2	4	2	3	4	4	4	2	4	5	3	3	4	3	3	3	2	4	4	3	4	1	0
10080005	3	3	4	3	3	4	3	3	1	3	3	5	4	1	3	1	1	4	3	1	1	3	1	1	3	5	4	2	1	2	1	1	1	2	1	1	5	5	3	3	1	1	1	1	2	1	1	1	1	1	3	5	4	1	3	4	1	1	1	1	1	4	3	3	4	5	3	1	1	3	1	1	3	2	1	3	1	4	3	4	1	5	4	1	3	3	2	3	3	3	5	1	1	3	3	1	3	1	1	1	1	1	1	1	1	1	1	1	1	1	1	1	0
10080006	5	1	1	5	5	5	5	5	5	5	5	5	5	5	5	5	5	5	5	5	5	5	3	5	5	5	5	5	5	5	5	5	5	5	1	5	5	5	5	1	5	5	5	5	5	5	1	5	5	1	5	5	5	5	5	5	5	5	5	5	5	5	5	5	5	5	5	5	1	1	5	5	5	5	5	5	1	5	3	3	5	5	5	4	2	4	4	3	4	5	1	5	3	4	4	4	3	5	4	3	3	4	1	4	4	4	1	5	5	5	5	1	0
10080009	5	2	1	5	5	5	5	5	5	5	5	1	5	4	5	1	3	5	5	5	1	5	5	5	5	5	5	1	4	4	1	5	1	5	2	2	5	5	5	5	5	5	5	5	5	1	3	5	5	5	5	2	5	5	5	5	5	1	5	5	1	5	5	5	5	5	5	5	5	5	5	1	1	5	5	5	1	5	5	5	5	5	5	5	1	5	5	1	5	5	5	2	1	5	5	2	5	5	5	5	4	5	4	5	3	5	5	5	2	5	5	1	0
10080016	5	1	4	5	5	5	5	5	5	2	1	3	5	5	3	3	1	5	5	3	1	1	4	1	5	5	5	3	5	5	3	5	5	2	5	5	4	5	5	5	4	1	3	5	3	1	5	1	5	1	5	1	5	5	5	1	3	3	4	3	3	5	5	5	3	5	5	5	5	5	1	3	1	5	1	5	1	5	5	5	5	5	5	3	1	5	5	2	5	4	2	4	3	5	1	5	2	3	4	5	3	2	2	5	3	5	1	5	2	5	5	1	0
10080017	4	2	5	5	4	5	5	5	1	3	5	1	2	2	5	3	3	5	1	4	1	3	5	1	3	5	5	5	4	5	5	5	5	4	5	1	3	5	5	5	5	1	1	3	5	5	3	1	5	1	5	2	5	5	1	4	4	3	4	4	2	5	5	4	1	4	3	4	1	1	1	3	1	4	4	1	4	4	4	4	4	4	5	4	4	5	5	4	1	4	1	1	1	2	5	5	1	5	2	5	4	4	2	1	5	4	4	4	4	4	4	1	0
10080018	4	4	2	4	3	3	2	5	4	4	4	2	3	2	3	2	4	4	3	4	4	4	4	4	4	4	3	4	3	3	2	5	2	4	2	3	3	4	4	2	3	3	4	2	2	2	2	2	3	4	4	4	4	4	4	4	3	2	3	4	2	4	4	4	4	3	5	3	4	2	4	2	3	3	2	4	2	4	4	3	3	2	4	3	1	3	5	2	4	5	3	5	2	5	4	5	1	3	4	5	3	4	2	3	3	2	5	4	4	4	4	1	0
10080020	4	4	2	4	4	4	4	3	3	4	4	1	4	4	4	4	4	4	4	4	4	3	4	4	4	5	5	5	4	4	2	5	1	5	4	3	2	5	3	2	4	4	4	4	3	2	2	4	4	4	4	2	4	4	4	4	4	2	4	5	1	5	4	4	5	5	5	4	5	3	4	1	2	5	1	4	1	4	4	4	4	4	5	4	1	5	3	2	5	5	5	2	1	3	5	5	3	5	5	5	5	5	1	5	3	3	4	4	4	4	5	1	0
10080021	4	1	2	5	2	5	5	3	3	4	5	1	2	4	4	2	2	5	2	5	2	2	5	4	4	5	5	3	5	4	2	5	2	5	3	4	3	5	5	2	4	4	4	3	5	2	3	5	5	1	5	1	5	5	3	4	4	3	5	5	2	5	4	4	3	5	5	3	3	4	4	1	4	4	2	4	2	5	4	3	4	5	4	4	2	5	4	2	4	4	3	4	1	2	5	3	4	4	4	5	4	5	2	5	4	4	4	4	2	4	4	1	0
10080022	4	2	3	4	4	1	2	3	2	3	2	4	2	2	4	2	2	4	2	3	4	3	4	2	3	4	2	4	3	4	2	3	2	3	3	5	4	3	4	4	2	2	4	2	4	2	2	3	2	2	4	2	3	3	4	4	4	2	3	3	2	4	3	3	3	3	1	3	3	4	2	2	5	4	1	3	2	4	4	4	4	5	2	4	2	4	2	1	4	3	4	2	2	4	4	4	2	3	4	3	2	3	2	3	4	2	4	4	4	3	4	1	0
10080024	4	4	2	4	4	3	3	2	3	4	3	4	3	2	4	1	1	3	4	3	2	3	2	4	3	4	2	4	4	4	2	2	1	5	3	1	3	4	4	2	2	4	4	3	3	1	2	3	3	2	4	2	4	3	2	3	4	2	3	4	2	5	4	4	5	3	3	3	2	2	3	2	2	5	2	3	2	4	5	4	3	4	2	4	2	3	4	1	4	4	2	2	2	5	4	3	4	4	4	2	2	4	5	3	2	4	4	4	2	4	4	1	0
10080025	5	1	2	4	5	5	4	4	2	4	4	1	3	4	2	1	3	2	3	5	1	4	3	5	3	2	3	5	2	4	1	5	3	5	4	4	4	5	4	2	3	4	5	5	3	2	3	1	3	2	5	2	4	5	4	5	2	2	2	2	1	4	3	4	2	4	3	5	3	4	1	3	1	3	3	5	2	4	2	4	4	1	5	5	2	5	3	2	5	5	4	2	2	4	5	5	2	3	3	4	3	4	3	4	2	3	3	3	1	3	3	1	0
10080030	3	2	2	3	3	4	2	4	3	3	3	2	3	2	3	2	4	2	3	3	3	3	3	3	3	3	3	2	3	3	3	3	4	3	3	2	2	4	3	2	2	3	4	3	3	4	3	2	4	4	3	2	3	4	3	2	3	2	3	3	2	4	4	3	3	3	5	4	4	3	3	2	3	4	4	3	2	3	3	4	4	1	3	3	2	3	5	2	4	5	2	4	2	5	4	4	2	2	3	4	3	4	2	3	2	3	3	3	2	3	3	1	0
10080032	5	1	1	5	5	5	3	5	3	4	3	5	5	4	5	1	5	5	5	5	1	2	5	5	4	4	3	4	4	5	1	5	2	4	5	4	3	5	4	2	5	4	3	3	3	1	3	3	4	5	5	1	5	5	5	3	4	1	4	5	1	5	4	5	5	5	4	4	5	5	5	2	1	4	5	5	2	5	5	5	5	5	5	5	1	3	5	1	5	5	3	4	1	5	5	5	1	4	5	5	3	5	2	4	1	5	4	3	4	5	4	1	0
10080035	4	2	2	3	4	5	4	5	1	4	4	1	1	3	4	2	3	4	1	4	1	3	3	3	3	4	4	1	3	5	5	5	2	4	4	4	4	5	4	4	4	3	1	2	4	3	2	5	2	1	4	2	3	4	3	4	2	5	3	3	4	4	4	4	1	3	5	4	4	1	1	4	3	3	4	5	2	4	4	4	4	5	4	4	2	4	5	3	3	3	3	3	3	1	4	3	2	2	4	5	2	5	3	2	2	4	2	4	4	4	3	1	0
10080036	5	4	1	5	5	3	3	3	4	5	4	4	3	3	4	1	2	4	4	5	3	4	4	3	4	5	4	4	5	3	1	5	3	5	4	3	3	5	4	2	4	3	4	3	4	2	4	4	4	4	5	2	5	3	4	4	5	3	4	4	2	5	3	5	5	5	2	5	4	5	3	3	5	4	3	3	2	4	4	3	3	5	4	5	2	4	3	2	5	5	3	3	1	5	5	4	4	5	5	4	5	5	3	5	2	5	5	5	3	5	5	1	0
10080039	5	3	1	5	5	5	2	2	5	3	5	2	5	5	5	1	5	2	5	5	1	2	5	2	5	5	5	5	5	5	1	3	1	5	5	3	4	5	5	3	4	1	5	5	5	1	4	1	5	5	5	1	5	5	5	4	5	1	5	5	1	5	5	5	3	4	5	5	5	5	5	2	1	5	5	5	1	5	5	5	5	1	3	5	1	5	5	2	5	5	3	2	2	5	5	5	3	5	5	5	5	5	2	5	1	5	5	5	1	5	5	1	0
10080040	3	4	2	3	3	5	3	5	3	4	4	2	3	3	3	2	1	3	4	4	3	3	3	4	4	4	3	3	3	2	4	4	2	4	2	2	2	5	3	3	4	4	3	3	3	3	3	4	4	4	4	2	3	5	5	3	3	2	2	3	2	4	4	2	2	4	5	4	3	4	2	2	2	3	3	4	2	2	4	3	3	5	4	4	3	3	5	2	4	3	3	5	2	4	4	3	2	3	4	2	3	3	2	2	1	2	4	4	4	3	3	1	0
10080048	5	2	2	5	4	5	5	5	2	3	5	1	2	1	3	1	4	5	2	1	4	1	5	5	3	4	4	4	2	4	5	4	5	5	2	4	2	5	3	5	4	5	3	5	4	3	5	3	5	1	5	5	5	5	3	5	2	4	2	3	4	5	5	2	2	4	4	5	5	3	3	4	3	3	4	4	4	4	5	1	4	1	4	3	2	4	3	1	5	3	3	2	2	3	4	5	2	2	3	4	2	3	2	3	4	1	5	2	2	2	3	1	0
10080049	4	4	1	5	4	5	2	5	1	4	4	1	1	2	3	1	5	4	1	4	1	4	3	4	4	4	5	4	3	5	2	4	2	4	5	4	2	5	4	2	5	5	4	4	2	2	2	4	3	2	5	2	5	5	4	4	4	5	4	3	2	5	5	4	3	4	5	3	4	3	4	2	1	3	4	5	3	4	4	4	4	4	5	4	1	4	4	2	5	4	2	1	1	1	4	4	4	3	3	5	4	4	2	4	3	4	4	4	1	4	4	1	0
10080057	3	3	3	4	5	4	3	4	4	4	4	5	3	2	3	2	4	3	3	4	2	3	3	4	4	4	4	4	3	5	2	2	3	4	3	3	4	4	4	2	2	4	4	3	4	3	3	3	4	4	4	3	4	4	4	3	4	3	3	3	3	4	4	3	4	4	4	4	3	3	3	4	2	4	4	4	2	4	4	4	4	3	4	4	3	3	4	2	4	4	2	4	3	4	4	4	4	3	3	3	3	4	3	4	4	4	2	3	3	3	3	1	0
10080058	3	3	2	5	4	4	3	5	3	4	5	2	3	3	4	2	4	4	3	4	2	3	3	5	5	4	3	2	4	5	2	4	1	4	5	2	4	5	4	2	3	5	5	3	4	2	3	5	4	3	5	2	4	5	5	4	4	1	5	3	1	4	5	5	4	4	5	5	4	3	3	2	3	4	3	5	2	5	4	3	4	5	4	3	1	4	4	3	5	5	2	2	3	5	5	3	4	3	4	3	3	5	3	5	1	5	3	5	3	5	3	1	0
10080059	3	2	1	5	5	5	3	4	4	5	5	1	4	4	5	1	4	5	4	5	1	5	5	5	5	5	5	5	5	5	2	4	2	5	5	1	5	5	5	1	5	5	5	5	5	5	5	5	5	3	5	1	5	5	3	5	2	4	5	5	2	5	5	4	4	4	5	5	5	1	2	4	3	5	5	5	2	5	5	4	5	5	5	4	1	5	5	4	5	5	1	5	1	4	5	5	4	5	5	5	5	5	3	1	5	5	5	5	3	5	5	1	0
10080061	5	2	2	4	5	3	5	4	2	5	5	4	2	3	5	1	5	5	2	5	3	3	5	3	3	5	3	5	5	4	3	4	1	4	4	3	2	5	5	2	2	4	5	2	3	3	2	4	2	4	5	2	5	5	5	5	4	3	4	4	1	5	5	4	3	2	5	5	3	3	4	2	4	5	4	5	2	4	5	5	5	5	5	4	2	4	5	2	5	5	3	2	1	4	5	3	3	3	4	4	5	5	2	5	4	4	5	5	1	4	4	1	0
10080062	5	1	2	5	4	5	4	5	3	4	5	3	4	3	5	2	1	4	2	3	2	4	4	1	3	5	2	4	3	4	5	5	2	4	5	5	2	5	3	2	3	4	5	2	3	2	2	5	4	3	5	2	5	5	3	4	4	5	3	3	2	5	5	3	1	4	3	4	2	4	1	3	1	5	3	3	2	3	4	4	3	3	4	5	3	5	3	1	5	3	4	3	2	3	5	3	2	2	3	5	3	3	2	3	3	2	2	3	5	2	3	1	0
10080064	5	1	1	5	3	5	5	5	2	4	5	1	2	4	4	2	4	3	1	2	2	3	2	2	2	2	2	5	2	3	2	5	3	5	3	5	2	5	4	5	5	5	4	4	4	2	1	4	5	2	4	1	5	5	5	4	4	5	4	4	1	5	5	2	4	4	5	5	5	2	4	4	2	3	5	5	1	4	5	5	4	3	5	2	2	5	5	2	4	5	4	3	2	1	4	3	2	4	4	5	4	5	1	5	2	1	5	2	1	4	5	1	0
10080066	5	5	2	4	5	3	3	5	5	5	5	4	5	2	5	1	2	3	5	5	5	5	4	4	5	5	3	4	5	5	1	4	4	5	4	4	3	5	4	2	3	5	5	4	4	2	5	5	4	3	4	2	5	5	4	3	4	3	3	4	2	5	4	4	3	3	2	4	3	5	5	4	3	4	5	5	2	3	4	4	5	2	4	3	2	2	3	1	5	5	3	5	2	5	5	5	3	4	5	4	3	4	2	4	2	4	3	4	4	4	4	1	0
10080068	4	3	3	4	5	4	2	4	2	3	2	5	2	4	4	1	3	4	2	3	3	2	3	2	2	3	3	3	4	2	5	5	2	3	2	4	3	4	3	5	2	2	1	2	3	4	2	3	4	2	5	3	4	5	4	4	3	3	4	4	4	5	5	2	2	3	2	4	3	2	1	4	2	3	2	4	3	4	4	3	3	4	5	3	2	4	3	2	3	1	4	5	1	2	5	4	3	3	4	5	3	3	1	4	3	2	2	4	3	3	4	1	0
10080071	4	1	1	4	4	4	4	4	5	2	5	2	4	4	4	1	2	4	5	1	1	3	5	5	2	5	5	5	3	5	1	4	1	4	2	4	2	5	3	1	4	5	5	4	4	2	5	5	5	5	5	1	5	5	5	3	5	1	3	2	1	5	5	3	5	2	5	4	5	5	1	4	3	2	3	5	2	3	2	4	4	4	5	3	1	4	5	1	5	5	3	4	1	5	3	5	5	4	3	4	3	4	1	4	1	3	3	4	1	3	4	1	0
10080073	5	5	1	3	1	3	4	4	1	3	5	1	1	5	4	2	3	5	1	1	1	2	5	5	4	5	4	4	4	5	2	5	4	5	5	2	1	5	2	4	3	4	1	2	4	2	2	4	5	1	4	1	5	5	5	3	4	5	4	2	2	5	5	4	5	5	2	4	5	1	1	4	3	4	4	5	4	3	5	5	3	3	5	4	1	5	1	4	4	5	1	4	2	1	5	3	5	5	4	5	5	5	4	5	5	3	2	5	3	3	4	1	0
10080074	5	2	1	4	5	5	4	4	4	4	5	4	4	5	4	1	2	5	4	4	2	3	5	5	5	5	4	4	5	5	1	5	2	5	4	5	4	5	5	2	3	4	5	4	4	2	4	5	5	4	5	2	4	5	5	4	3	2	4	4	1	5	5	3	5	4	5	4	4	4	4	2	3	4	4	2	1	5	5	4	4	1	4	5	1	5	5	4	5	5	4	2	3	4	5	5	2	5	5	4	3	5	2	4	3	2	4	2	2	4	5	1	0
10080076	4	4	2	5	3	4	4	2	4	4	3	2	4	2	4	1	3	4	4	4	3	4	4	4	5	4	3	4	4	4	3	5	1	4	5	2	5	3	4	2	4	4	4	2	4	2	4	4	3	2	5	2	4	4	4	4	2	1	4	3	2	5	4	5	3	4	3	4	4	5	4	2	3	4	3	4	2	5	3	3	4	2	2	4	1	5	5	2	5	5	2	2	1	5	5	4	3	5	5	5	3	4	1	5	3	5	4	4	3	5	4	1	0
10080077	5	4	2	4	3	4	3	4	1	4	5	1	1	2	3	1	4	3	1	4	5	4	3	2	2	2	2	4	3	4	3	3	2	4	4	1	1	5	2	3	4	4	4	4	2	3	3	3	3	1	3	3	4	5	2	4	4	4	3	2	4	4	5	2	2	2	2	4	2	2	4	4	2	3	3	3	2	3	3	4	4	5	4	4	2	4	4	2	2	3	2	2	2	2	4	4	3	1	4	5	2	3	3	3	2	4	4	4	3	4	4	1	0
10080081	4	4	2	4	5	4	4	4	3	3	4	1	4	5	3	2	2	4	4	4	3	3	4	4	3	4	4	5	4	5	1	4	4	4	4	2	3	4	4	2	4	3	4	4	4	2	2	2	4	3	4	3	4	4	5	4	4	3	4	4	2	4	4	4	3	4	4	3	3	4	4	3	3	5	3	4	2	4	4	4	4	1	4	4	2	4	3	2	4	5	3	3	2	4	4	3	3	4	4	4	3	4	2	4	4	4	2	4	3	4	4	1	0
10080084	3	4	2	3	3	3	4	1	3	2	3	3	5	2	1	4	2	4	3	1	4	3	2	4	3	3	4	3	4	5	4	5	1	5	4	2	1	1	3	2	3	3	2	4	4	3	4	2	4	4	4	3	4	3	4	4	3	3	5	3	2	5	4	4	5	3	5	4	3	4	2	3	1	2	3	5	2	2	5	3	3	4	5	5	1	5	4	4	5	3	3	3	1	4	5	2	4	2	3	5	2	4	2	4	3	2	4	3	3	2	5	1	0
10080088	4	2	1	4	4	4	3	4	4	4	4	2	4	4	4	2	4	4	3	4	2	4	4	4	4	4	4	2	3	4	2	4	1	4	4	3	4	4	4	1	3	4	4	3	4	2	2	4	4	4	4	2	4	4	4	3	4	2	4	4	1	5	4	4	4	4	5	4	5	4	4	2	3	4	5	5	1	4	4	4	5	1	4	4	1	4	5	2	5	5	2	4	1	4	4	4	4	4	5	4	3	5	3	5	3	3	4	5	2	5	4	1	0
10080090	5	3	1	5	5	3	3	4	5	5	5	2	5	2	5	1	2	5	5	5	1	2	3	5	4	4	1	4	5	5	1	5	1	5	5	3	5	5	5	1	3	5	3	3	5	1	1	4	2	5	5	1	5	5	5	3	3	1	3	4	1	5	5	5	5	5	5	5	4	5	5	2	1	5	5	3	1	5	5	5	5	5	1	4	1	4	5	1	4	4	3	1	1	5	5	1	1	2	5	4	3	5	1	5	1	5	3	5	5	5	5	1	0
10080091	3	2	2	3	4	5	3	2	3	4	4	2	5	1	4	1	4	2	5	5	2	2	3	2	3	4	3	4	5	2	1	4	1	5	3	1	4	5	4	2	3	2	5	2	4	3	2	1	4	5	5	1	5	4	4	3	3	1	3	3	1	5	4	4	3	4	4	5	4	5	4	1	1	5	4	1	1	4	4	4	5	5	4	4	2	4	4	2	5	4	3	4	2	5	4	5	2	5	5	4	2	3	1	4	1	2	4	4	2	2	4	1	0
10080092	3	2	2	5	3	3	3	4	3	3	4	1	2	3	3	1	3	4	3	3	3	3	3	4	3	3	2	3	3	3	3	3	1	5	3	3	3	5	4	3	2	4	3	3	3	4	2	3	3	1	5	2	3	5	3	3	3	2	3	3	3	5	4	3	4	4	4	3	3	3	3	1	3	3	3	4	1	5	3	5	3	3	3	4	3	4	5	1	3	3	5	3	3	3	5	2	3	3	3	3	3	3	2	3	1	3	4	5	5	3	3	1	0
10080101	4	2	4	5	5	3	2	4	3	2	3	5	1	3	4	3	1	3	2	3	4	4	3	2	3	5	4	4	4	3	3	1	5	2	5	2	1	5	3	1	5	1	5	5	5	3	5	1	5	1	3	2	5	5	5	1	2	5	4	5	5	4	5	1	2	5	3	5	5	1	1	5	5	5	1	5	1	2	5	5	5	5	5	5	5	5	5	3	5	3	1	1	2	1	2	5	4	5	3	5	2	4	4	5	5	5	3	4	1	5	5	1	0
10080103	5	2	1	5	4	5	4	5	5	4	5	1	4	4	4	1	5	5	3	4	2	3	4	5	4	4	4	4	4	5	2	5	3	4	4	4	2	5	3	1	4	5	4	4	3	4	2	5	3	4	5	1	4	5	5	4	4	2	3	3	2	5	5	4	5	4	5	4	4	4	5	1	3	3	5	4	1	3	5	4	4	3	5	4	2	5	5	2	4	5	5	3	2	4	5	3	4	4	4	5	4	5	2	5	2	4	4	5	3	4	4	1	0
10080106	4	3	2	4	3	3	3	3	4	4	3	5	4	2	4	2	4	4	4	4	2	4	4	4	4	4	2	4	4	4	2	3	3	4	3	3	2	4	2	3	3	4	4	3	2	2	3	4	2	4	4	3	4	3	3	4	4	3	3	3	3	4	4	2	4	2	3	3	4	3	3	3	2	4	3	4	2	4	3	4	3	5	3	4	1	3	4	2	4	3	2	3	1	5	4	3	3	5	4	4	4	3	2	4	3	3	5	5	2	3	4	1	0
10080107	3	1	2	3	5	2	3	4	2	4	2	1	3	4	3	4	2	4	2	4	4	4	3	2	3	5	4	2	4	5	3	2	3	4	4	3	3	4	4	2	4	3	4	3	4	2	2	4	4	1	3	3	3	3	2	2	4	5	3	4	2	2	2	4	1	4	1	4	2	3	2	2	2	2	4	3	2	4	2	3	4	3	4	4	2	3	4	3	2	4	2	3	3	1	2	4	4	4	4	2	3	4	4	4	4	2	4	2	3	4	4	1	0
10080109	5	1	1	5	3	5	5	5	5	3	5	1	5	4	3	2	4	2	5	3	1	1	5	5	3	5	5	4	4	5	1	5	2	4	2	4	2	5	4	1	4	5	5	4	4	2	2	5	4	4	5	2	5	5	5	3	4	1	4	5	1	5	5	4	5	5	5	5	5	5	3	4	4	3	5	5	2	3	5	5	5	1	4	4	1	5	5	1	5	5	5	3	1	5	5	4	3	4	4	5	3	5	1	5	5	3	3	4	2	3	5	1	0
10080110	5	2	1	5	1	5	5	5	5	5	5	1	5	4	5	2	4	5	5	1	5	5	5	5	3	5	5	5	4	5	3	5	1	5	5	1	4	5	5	1	5	4	5	5	5	4	4	5	5	5	5	1	5	5	5	5	5	1	3	5	1	5	5	4	5	3	5	3	5	5	5	4	5	5	4	4	2	4	5	4	4	4	5	5	1	5	5	1	5	5	5	4	5	5	5	5	5	5	5	5	5	5	5	5	1	5	5	5	1	5	4	1	0
10080111	4	2	1	4	4	5	3	4	2	4	3	1	4	5	4	1	3	4	4	3	1	3	3	3	4	4	4	3	4	4	4	5	3	4	3	2	3	5	4	3	3	3	3	3	4	2	3	2	3	3	4	2	4	4	4	4	3	2	4	3	3	4	4	3	2	4	4	4	4	3	1	3	3	4	4	4	2	4	4	4	4	3	4	4	2	5	5	2	3	3	3	2	2	4	4	2	3	5	3	4	3	4	2	4	3	3	2	4	3	4	4	1	0
10080113	5	1	1	5	4	5	5	5	5	4	5	1	4	1	4	1	5	4	4	5	2	4	5	5	4	5	4	3	4	5	3	5	2	5	3	3	3	5	4	1	3	5	4	3	3	1	2	5	3	3	5	3	5	5	5	3	4	3	5	4	2	5	5	5	4	4	5	5	5	5	2	2	3	4	5	4	2	4	5	4	4	4	5	4	2	5	5	2	5	5	3	3	1	5	5	3	4	3	5	5	3	5	2	4	3	4	4	4	3	4	3	1	0
10080114	5	1	1	5	5	5	3	5	5	5	5	5	5	5	5	1	5	5	5	5	2	3	5	5	5	5	5	5	5	5	5	5	1	5	5	3	2	5	4	1	5	5	5	5	5	1	3	3	4	5	5	1	5	5	5	3	4	5	5	5	1	5	5	5	3	5	5	5	5	5	2	2	2	5	5	5	1	5	5	3	5	1	5	5	1	5	5	1	5	5	3	5	1	5	5	5	5	5	3	5	5	5	2	5	5	4	2	5	2	4	5	1	0
10080115	3	1	1	3	5	5	5	5	5	3	5	1	5	3	3	1	2	2	5	4	2	3	4	5	3	4	3	3	3	5	1	4	2	4	5	4	2	5	3	1	2	5	2	3	2	2	2	5	4	2	5	1	5	5	4	4	4	2	3	3	1	5	5	5	3	3	5	4	5	5	3	3	3	3	4	5	1	3	5	2	3	1	5	4	1	4	4	1	4	4	3	3	2	5	4	3	4	3	4	3	3	3	3	3	2	4	5	3	1	3	4	1	0
10080123	3	2	1	5	3	5	3	3	4	3	5	5	3	2	3	1	3	3	4	3	5	3	4	3	2	2	2	3	2	2	2	2	3	3	2	3	1	4	2	1	2	5	3	2	2	4	4	3	3	3	5	1	5	5	1	3	3	3	4	3	2	5	4	3	3	3	4	4	3	3	4	4	3	3	5	4	3	1	3	3	3	2	4	3	2	3	4	2	4	4	2	3	2	4	4	2	3	4	3	2	2	4	2	3	3	3	3	3	2	3	3	1	0
10110005	5	4	1	5	5	3	3	5	4	5	5	1	1	3	5	1	3	5	2	4	5	3	5	5	5	5	4	5	4	5	2	5	2	4	5	5	3	5	3	2	4	5	5	2	4	2	3	5	3	5	5	2	5	5	5	3	5	4	3	3	2	3	5	3	3	5	2	5	3	3	2	3	2	4	4	5	2	5	5	5	5	5	3	3	1	5	5	1	3	3	5	5	1	1	5	3	2	3	5	5	5	5	2	4	2	3	5	5	2	5	5	1	0
10110011	5	2	1	5	5	5	3	3	5	5	5	2	5	5	4	2	5	4	5	5	1	5	5	5	5	5	4	5	5	5	1	5	4	4	5	1	3	5	5	3	3	5	5	4	4	1	4	5	5	5	5	1	5	5	5	3	5	1	3	4	5	5	5	5	5	5	5	5	5	5	5	2	4	5	5	5	1	5	5	5	5	1	5	5	1	5	5	2	5	5	1	1	1	5	5	5	5	5	5	5	5	5	1	5	5	5	5	5	1	5	5	1	0
10110015	5	1	1	5	5	5	5	5	5	5	5	1	3	5	5	1	5	4	3	5	3	3	5	5	3	5	3	5	3	4	2	5	1	5	3	1	3	5	3	1	4	5	5	3	3	1	2	5	3	3	5	1	5	5	5	3	5	2	3	3	2	5	5	3	5	3	5	4	3	5	5	3	1	5	5	5	1	3	5	5	4	3	3	3	1	5	5	1	5	5	1	1	1	3	5	3	3	4	3	4	4	5	2	5	3	3	2	4	3	4	4	1	0
10110017	5	2	3	5	5	2	5	2	1	5	3	5	1	3	4	2	1	5	2	4	3	5	4	2	5	4	4	3	4	1	4	3	2	4	2	2	4	3	4	3	2	2	3	3	4	3	3	5	3	1	4	3	4	3	2	3	3	4	4	4	2	5	4	4	2	4	3	4	3	2	2	3	1	4	1	3	3	4	3	3	3	5	3	3	2	3	5	3	3	3	3	4	3	2	4	2	3	3	4	3	2	3	2	3	3	4	3	3	3	3	3	1	0
10110026	5	3	1	5	5	5	5	5	5	5	5	1	3	5	5	1	5	5	3	5	1	3	5	5	5	5	1	5	5	5	1	4	5	5	5	4	4	5	5	1	2	5	5	2	4	2	5	5	5	3	5	3	5	5	5	4	5	1	4	3	1	5	5	5	5	5	5	5	5	3	2	4	1	3	5	5	3	5	5	5	5	1	5	5	1	3	5	1	5	5	3	2	1	2	5	4	4	5	5	3	2	5	1	5	3	5	3	5	1	5	5	1	0
10110030	4	2	2	4	3	5	3	5	2	4	2	2	2	5	3	1	1	3	3	3	1	3	3	2	2	3	5	3	3	5	3	5	3	3	3	3	1	5	3	3	3	3	3	2	2	2	3	5	2	1	4	3	5	5	2	3	3	3	3	2	3	5	4	4	5	3	5	4	3	3	1	4	3	3	1	3	2	3	3	3	3	5	3	3	2	3	5	2	4	3	4	3	3	3	5	3	3	3	3	4	2	5	4	2	3	3	3	3	3	3	3	1	0
10120002	5	1	2	3	5	4	4	3	4	4	5	5	4	3	3	2	2	5	3	4	2	3	4	3	4	4	4	2	3	4	2	4	2	5	2	3	3	4	5	2	3	5	3	1	3	2	3	4	3	5	5	3	4	4	3	4	4	1	3	4	2	4	4	3	1	4	4	4	4	2	1	2	4	3	4	5	1	5	5	4	4	5	4	3	1	4	5	1	4	3	1	5	1	4	5	4	4	4	5	5	4	4	1	5	1	2	3	4	3	3	5	1	0
10120004	4	3	1	3	4	4	3	4	4	4	2	2	4	3	4	1	5	3	5	5	2	3	4	4	3	3	4	2	3	4	1	4	2	4	5	4	3	3	4	2	3	4	5	4	4	2	3	2	4	4	4	1	4	3	5	4	4	1	3	4	1	5	5	3	4	3	3	5	4	2	4	2	3	4	4	4	2	4	4	4	4	5	4	3	1	4	5	3	5	5	4	3	1	5	4	5	3	4	4	4	4	4	1	4	1	3	3	4	2	3	4	1	0
10120007	4	2	2	4	3	5	3	2	5	5	5	2	3	2	3	1	4	4	5	4	2	4	3	3	2	4	2	3	4	4	3	3	2	4	4	1	3	5	3	2	2	3	4	2	4	2	3	3	2	3	5	3	3	5	5	4	3	3	2	3	2	5	4	3	3	2	5	3	4	3	5	4	5	3	3	2	2	4	4	4	4	1	4	2	4	3	5	2	4	5	2	4	2	5	5	4	4	2	3	3	4	3	2	2	5	3	4	3	3	4	4	1	0
10120010	4	5	2	4	3	4	2	3	2	4	3	4	4	3	4	3	2	3	4	4	4	5	3	2	4	4	3	3	4	4	4	3	2	5	5	4	4	5	5	4	2	2	3	3	4	3	3	4	3	2	4	4	3	5	2	4	4	3	4	4	3	4	4	5	2	2	4	3	2	1	2	3	3	3	3	2	3	5	4	3	4	4	3	4	2	2	5	2	4	2	3	3	3	5	4	3	3	2	4	4	2	3	3	3	3	4	4	4	5	4	4	1	0
10120011	5	2	2	3	4	5	3	5	2	3	3	1	1	4	3	1	1	3	1	3	5	3	4	5	4	5	5	5	4	5	2	5	1	4	5	4	2	5	3	3	5	4	3	3	2	2	2	4	4	1	4	1	5	5	4	4	5	2	3	4	2	4	5	5	5	3	2	4	4	3	5	3	2	3	3	4	3	3	4	5	4	5	4	3	2	3	5	2	4	4	5	3	1	2	4	3	4	3	4	5	3	3	3	4	2	4	5	5	3	4	4	1	0
10120014	4	1	2	3	4	4	3	4	3	5	5	2	2	2	3	2	2	4	2	5	2	3	4	3	4	4	4	4	3	4	3	4	3	4	4	4	3	5	3	2	3	3	4	4	4	2	2	2	4	2	4	2	4	5	4	3	4	4	4	3	2	4	4	4	3	3	4	3	3	3	3	1	2	4	2	2	2	4	4	2	3	1	4	4	3	4	3	5	4	4	2	2	3	4	4	5	2	4	5	4	2	4	3	4	2	3	4	4	3	4	4	1	0
10120016	3	2	3	3	3	3	3	4	3	2	3	2	5	4	4	2	3	3	4	2	3	3	4	5	3	3	3	2	4	4	4	4	3	4	4	4	4	4	4	2	4	4	3	2	4	3	2	5	4	5	4	3	4	5	4	3	4	2	4	4	3	4	5	5	4	4	5	3	4	5	2	3	2	3	4	5	3	5	4	3	2	4	4	3	1	4	3	2	4	5	4	2	2	5	4	4	3	4	4	5	3	4	2	4	2	4	4	4	2	5	4	1	0
10120017	5	2	1	5	5	3	2	1	4	5	2	5	5	2	4	2	3	5	5	4	4	3	3	3	4	5	2	4	4	2	2	2	2	5	4	5	5	3	5	2	1	4	5	3	4	1	4	3	3	3	5	2	4	3	4	4	5	2	3	4	2	4	4	5	4	3	2	4	3	3	1	2	4	4	4	2	4	5	4	4	5	4	4	4	3	3	4	1	5	3	4	1	3	5	4	4	2	4	4	2	4	3	2	4	2	4	3	3	4	4	4	1	0
10120018	5	1	1	4	5	5	5	4	4	5	5	5	4	1	4	1	4	4	4	5	5	3	4	5	3	4	1	4	5	5	1	5	3	5	1	3	4	5	5	1	3	5	5	1	3	2	1	5	3	1	5	2	5	5	4	5	5	3	4	4	1	5	4	5	5	3	5	5	5	2	3	1	4	4	2	1	1	4	5	5	4	4	4	5	1	4	5	2	5	5	1	4	3	3	5	5	3	3	4	3	2	5	1	4	2	3	4	4	3	5	5	1	0
10120029	5	1	1	3	1	3	4	2	1	4	5	5	2	3	4	2	5	4	1	3	5	3	4	3	1	4	1	5	1	5	5	4	1	5	2	5	3	5	3	1	2	5	5	3	3	1	2	5	1	1	4	1	5	5	5	5	4	3	3	3	2	4	5	3	3	4	4	3	3	3	3	2	2	3	3	2	2	3	4	2	2	5	2	3	2	5	5	1	3	4	5	3	1	3	3	3	3	4	5	5	4	3	1	3	5	3	5	3	4	2	3	1	0
10120031	4	1	1	4	3	5	2	3	3	3	5	2	3	1	4	1	3	3	3	3	4	5	3	3	4	4	2	5	5	5	3	4	3	5	3	1	3	5	4	3	3	3	3	1	4	3	2	4	3	4	5	3	5	5	5	4	4	2	2	3	3	5	4	4	3	3	5	3	3	5	2	2	1	4	4	5	4	4	3	3	4	5	4	4	3	5	5	2	4	4	3	3	2	5	5	2	2	2	5	4	4	4	1	3	2	3	5	5	2	4	3	1	0
10120033	4	3	2	4	3	4	5	5	2	4	4	2	1	2	4	2	1	2	1	4	3	4	4	3	4	4	3	4	2	4	2	5	1	4	5	2	3	4	4	4	4	5	4	3	3	3	3	4	3	2	5	3	4	4	4	4	5	3	3	3	3	3	4	4	4	4	5	3	3	2	3	4	2	3	3	4	4	2	4	4	3	5	5	4	2	4	4	2	3	4	4	2	3	1	3	3	3	2	4	5	3	3	2	4	2	2	5	3	3	4	4	1	0
10130002	4	3	1	5	4	4	4	5	2	4	4	5	3	3	4	2	2	4	3	4	2	3	4	5	4	4	3	3	3	3	3	5	2	4	4	4	4	5	4	2	4	4	4	4	4	2	3	4	4	4	4	2	5	5	5	3	4	2	5	3	2	5	5	3	5	5	5	4	4	5	1	2	2	3	3	4	2	4	4	4	3	3	4	3	1	4	5	1	5	4	4	2	1	5	4	3	5	3	3	5	5	4	1	4	3	3	5	4	3	4	4	1	0
10130008	4	4	2	4	3	3	3	2	4	4	2	2	2	4	4	2	4	2	3	4	2	4	2	1	2	4	2	4	4	4	2	3	2	4	5	2	4	2	5	4	3	2	2	3	5	2	4	2	4	2	4	2	2	2	2	2	4	2	3	4	4	4	2	5	1	4	3	5	4	4	4	2	1	2	4	4	2	5	4	5	5	1	4	4	2	2	2	4	4	4	2	5	5	4	3	4	2	5	3	3	2	2	2	5	3	4	1	5	3	5	4	1	0
10130010	4	2	2	3	4	3	2	3	4	3	2	4	2	3	4	2	3	3	3	4	4	4	4	3	3	4	4	4	4	4	2	3	4	4	2	3	3	4	4	4	4	3	4	2	3	4	3	4	4	3	4	2	3	5	3	3	3	3	2	3	2	4	4	3	2	3	4	4	2	3	2	3	2	3	4	3	3	4	5	4	3	1	3	4	2	3	4	2	4	3	3	4	3	3	3	4	3	4	3	3	2	4	2	3	4	3	3	3	3	3	4	1	0
10130011	4	1	2	4	5	5	4	3	3	4	4	4	3	1	3	1	2	3	3	4	2	3	4	3	3	4	3	4	4	4	4	3	2	4	3	1	3	3	3	3	3	4	4	4	3	2	3	4	4	3	4	2	4	3	3	4	4	3	3	3	4	4	4	3	3	2	4	4	3	2	2	4	3	4	3	5	2	4	3	4	3	1	3	3	2	4	4	2	4	3	1	2	2	3	4	3	3	2	4	3	2	4	2	3	3	3	2	4	4	4	3	1	0
10130018	4	3	1	3	5	5	5	5	4	5	3	1	5	2	3	2	1	3	5	3	5	2	3	2	5	5	4	3	5	5	4	5	3	5	3	3	5	5	5	2	4	1	3	4	2	3	4	3	4	3	5	5	3	5	3	3	3	1	3	5	2	4	5	3	2	2	5	2	3	5	2	3	4	2	3	2	4	5	4	3	3	2	2	3	2	4	4	1	5	4	3	5	3	5	5	3	2	5	5	4	3	4	1	5	5	2	5	3	5	2	5	1	0
10130019	4	4	2	4	4	4	3	5	4	4	5	5	5	2	4	1	3	5	4	3	4	4	4	3	5	5	4	3	3	5	3	3	3	4	3	3	3	5	5	3	3	3	5	3	3	3	3	5	3	3	5	3	4	5	5	4	4	3	4	2	2	5	5	3	3	4	3	4	3	4	3	3	4	3	4	5	3	4	5	3	3	5	4	3	2	4	4	2	4	4	3	4	2	4	4	4	3	4	4	4	3	4	3	4	2	3	5	4	4	3	4	1	0
10130022	4	2	4	3	3	3	4	3	4	2	3	3	2	3	2	3	3	4	3	2	2	3	2	5	4	4	3	3	3	3	2	3	4	3	3	2	2	3	2	2	3	5	4	4	2	3	3	2	4	2	3	3	3	3	2	4	3	5	4	2	4	4	2	2	2	3	4	4	4	4	5	4	4	2	2	4	4	2	4	4	3	1	3	4	2	2	2	4	4	5	2	2	4	1	4	3	4	3	2	3	2	3	4	4	4	2	5	2	3	3	4	1	0
10130023	5	1	1	5	5	5	2	1	3	5	5	1	3	1	4	1	3	3	2	5	5	5	5	4	5	5	3	5	5	5	1	5	2	5	1	5	2	5	2	5	1	4	5	1	5	1	5	5	3	3	5	2	5	5	1	5	4	1	5	5	1	5	5	1	4	1	3	5	4	3	5	5	3	5	5	1	3	3	5	5	5	1	1	5	3	5	5	1	5	1	5	4	1	4	5	5	3	5	5	5	5	5	1	5	5	2	1	4	5	3	5	1	0
10130024	4	2	2	3	3	3	3	3	2	4	4	2	3	3	4	2	4	4	3	3	2	4	3	2	4	5	4	4	4	2	2	3	2	5	3	4	3	3	3	3	3	4	3	2	3	2	3	4	3	2	4	4	4	3	4	3	3	2	3	4	5	4	3	3	2	4	3	3	3	3	2	4	3	4	2	1	3	4	5	3	2	1	3	3	3	3	4	3	4	3	4	4	2	4	5	3	3	3	3	3	3	3	2	3	5	3	4	4	3	3	4	1	0
10130025	3	3	3	3	3	4	3	3	4	4	4	3	2	1	2	4	3	3	4	4	3	3	4	5	2	4	3	2	3	5	3	4	3	4	4	3	3	4	3	2	2	3	3	4	3	3	3	3	2	2	4	3	3	4	4	3	4	3	3	2	2	4	4	4	4	3	3	3	3	4	4	3	3	4	5	3	2	4	4	3	3	1	3	4	3	4	5	2	4	4	4	4	3	4	4	3	4	2	3	4	3	4	3	3	5	3	4	4	3	3	4	1	0
10130026	5	2	2	4	4	5	3	4	3	4	5	2	3	3	4	2	3	5	3	4	3	4	4	4	4	4	3	4	3	5	3	5	2	4	4	4	4	5	4	2	4	4	3	4	3	2	2	5	3	3	5	1	5	5	5	4	3	2	4	5	2	5	5	4	3	4	5	4	4	5	4	1	4	4	4	4	2	4	4	4	4	4	4	3	2	4	4	1	3	3	3	1	1	4	5	4	3	3	3	5	5	5	1	4	4	4	4	4	4	4	5	1	0
10130028	4	2	2	4	4	4	4	4	4	4	4	3	4	3	4	2	3	4	3	4	3	4	4	3	4	4	4	3	4	3	4	4	2	4	4	4	3	4	4	3	4	3	4	3	3	3	4	4	4	2	5	3	4	4	4	4	4	3	4	4	3	4	4	4	3	4	4	4	4	4	2	2	3	3	3	4	2	4	4	4	4	3	3	4	3	3	3	3	4	3	4	4	2	4	4	3	4	4	4	4	3	4	1	4	3	3	3	4	4	3	4	1	0
10130031	4	2	1	3	5	5	4	5	3	4	4	3	2	1	3	2	2	4	3	4	4	4	4	3	5	4	4	5	3	4	4	4	3	4	3	3	3	5	3	2	4	3	4	3	2	3	4	5	3	2	4	2	5	5	5	4	3	3	4	3	2	4	5	3	2	4	5	5	3	4	3	4	2	4	2	4	3	3	4	4	3	2	4	4	3	4	4	1	4	4	3	4	2	3	4	3	4	3	3	4	4	4	3	4	4	3	3	4	4	4	4	1	0
10130032	4	3	2	4	4	2	3	2	5	4	3	2	4	3	4	1	4	2	5	4	1	3	4	4	5	5	3	4	4	5	1	3	1	5	5	3	5	2	5	2	2	4	5	5	5	1	2	2	4	4	4	2	5	2	4	2	4	1	4	5	1	5	3	5	3	3	4	5	5	4	4	1	3	5	2	5	2	5	4	5	5	1	3	5	1	2	2	1	5	5	4	3	2	5	4	5	1	4	4	3	2	4	2	5	5	5	2	4	1	5	4	1	0
10130033	5	4	3	5	5	2	2	2	3	5	5	5	2	3	4	1	3	4	2	3	5	5	5	3	4	5	1	3	3	4	3	1	1	5	3	5	3	3	4	2	3	3	5	3	3	1	3	5	4	1	5	3	4	2	3	4	5	2	5	5	5	5	5	3	3	5	1	4	3	3	3	3	2	4	4	4	2	4	4	4	4	3	4	3	2	2	3	2	5	5	5	3	2	4	4	5	4	4	3	5	3	3	2	4	3	2	3	4	3	3	4	1	0
10130034	4	3	1	4	4	4	4	4	3	4	5	2	3	5	4	2	4	4	3	4	3	4	4	3	4	5	3	3	4	5	2	4	3	4	4	2	2	5	3	3	4	3	4	4	3	3	3	4	4	2	5	2	5	5	4	5	4	3	4	5	2	3	5	4	3	4	5	3	4	4	4	4	3	3	4	3	2	4	5	2	4	3	4	4	2	4	5	1	5	5	4	5	2	4	5	4	3	2	5	3	3	3	3	4	3	3	3	4	3	4	4	1	0
10130041	5	3	1	4	3	4	2	5	5	3	2	2	5	5	4	2	3	4	4	3	3	2	3	5	3	2	4	1	3	5	4	4	3	3	4	2	4	5	5	1	4	4	4	4	4	2	4	5	5	4	4	2	4	4	5	2	4	2	5	3	2	4	4	5	5	5	2	5	4	4	1	4	2	4	5	4	2	5	3	5	4	3	5	3	2	3	5	3	4	5	3	4	1	5	4	4	1	4	4	4	3	5	3	4	2	2	4	4	2	3	4	1	0
10130043	4	3	1	4	3	4	2	5	4	3	4	2	4	2	3	1	3	5	5	2	1	3	4	5	3	3	4	2	2	4	3	3	2	3	4	3	3	5	3	2	2	5	3	2	3	1	2	5	4	4	5	1	5	5	5	4	4	2	3	3	2	5	5	4	4	3	5	3	3	5	3	2	2	3	5	5	1	4	4	4	3	1	3	3	2	4	5	1	5	4	4	2	1	5	5	3	1	2	3	4	3	3	1	4	5	2	3	4	3	2	3	1	0
10130045	5	2	1	5	5	5	3	5	1	2	2	2	1	4	3	1	4	1	1	3	1	3	2	1	3	4	5	5	3	4	4	4	4	3	4	2	3	5	5	5	5	1	5	5	1	5	3	2	5	2	5	5	5	5	3	3	1	5	3	1	2	4	3	4	1	3	5	3	3	2	2	2	1	2	3	5	3	3	4	3	3	4	3	4	1	3	4	3	2	5	1	3	4	2	4	5	3	1	4	4	1	1	2	3	2	3	2	2	3	2	3	1	0
10130047	5	1	1	4	5	5	4	4	3	3	5	1	2	5	3	2	2	5	3	3	2	4	4	4	3	5	5	5	5	5	3	5	2	5	3	5	2	5	3	2	3	3	5	4	4	1	4	2	3	2	4	3	4	5	5	4	4	3	3	4	1	4	5	4	4	4	5	5	4	3	3	3	4	4	5	4	2	4	5	5	4	1	5	5	2	3	4	2	5	5	5	4	2	4	5	4	4	2	3	4	2	5	2	4	2	2	3	4	3	4	3	1	0
10130049	4	1	3	3	2	2	4	4	3	4	3	5	3	2	3	2	1	3	3	4	3	3	3	4	2	4	2	5	2	3	3	2	3	4	3	2	3	3	4	3	2	5	3	3	2	2	3	5	3	3	3	3	3	3	3	3	2	2	3	2	3	3	3	3	5	3	2	3	3	5	1	3	3	3	4	2	3	2	3	3	3	2	5	3	3	4	5	2	3	3	2	2	2	4	3	3	3	1	4	2	3	4	2	2	3	3	5	4	3	3	3	1	0
10130051	3	3	1	5	4	5	3	3	5	5	5	3	4	1	3	1	4	3	5	3	3	2	4	5	4	4	3	3	3	4	4	3	2	4	3	3	2	5	4	1	3	4	3	2	3	2	3	3	3	3	5	2	5	5	5	4	4	2	3	4	2	5	5	4	4	3	5	4	3	4	3	2	4	3	5	5	2	4	3	4	4	5	3	4	1	4	5	2	5	5	3	3	3	5	5	4	3	3	4	4	3	4	1	3	1	4	4	4	4	3	3	1	0
10130052	4	1	1	5	4	5	5	5	5	2	5	1	5	5	5	1	3	5	5	2	2	3	4	5	5	5	4	4	4	5	3	4	4	4	3	4	2	5	4	1	3	5	5	3	3	2	2	2	5	5	5	2	5	5	5	5	4	1	3	3	1	5	5	4	5	4	5	4	5	4	4	4	4	2	4	5	4	4	4	2	4	2	4	4	1	4	3	1	5	5	5	2	2	5	5	5	5	4	4	4	4	5	1	5	4	3	4	4	3	4	5	1	0
10130053	4	2	1	3	5	3	3	3	4	2	3	2	4	3	3	1	2	3	4	3	5	4	3	2	2	3	4	2	3	4	3	3	3	3	2	4	2	4	3	4	3	3	5	3	3	4	2	3	4	3	3	3	2	4	2	2	3	2	2	3	2	2	2	2	3	1	2	5	1	4	2	2	1	3	3	4	3	3	2	3	3	1	2	2	2	3	4	2	3	2	3	5	3	4	3	3	2	2	3	4	1	3	2	2	2	1	2	3	3	2	3	1	0
10130057	4	1	1	4	3	5	5	5	3	5	3	4	3	3	4	3	3	3	3	3	3	3	3	3	3	3	3	3	3	3	3	5	3	3	3	3	3	5	3	3	3	3	3	3	3	1	3	3	3	3	5	3	3	5	3	3	3	1	3	3	3	3	3	3	3	3	3	3	3	3	3	3	3	5	3	3	3	3	3	3	3	3	4	3	3	3	3	3	3	3	3	3	1	3	3	3	3	3	3	5	3	3	3	3	3	3	3	3	3	3	3	1	0
10130059	4	2	1	3	5	4	3	3	4	2	4	4	2	3	4	2	4	3	2	2	3	3	4	4	3	3	3	4	5	3	2	4	3	4	3	4	2	4	3	4	3	4	4	3	4	2	4	3	2	2	3	2	4	4	4	3	4	2	2	3	2	4	5	4	5	3	5	4	4	3	3	3	3	3	4	4	2	3	3	4	4	2	4	3	2	3	5	2	4	4	4	3	2	3	4	4	2	3	4	4	4	4	2	4	4	3	3	4	3	3	2	1	0
10130060	5	1	2	4	4	4	3	5	5	4	3	1	5	1	4	1	2	4	5	4	5	4	5	2	4	3	3	4	4	4	3	5	1	3	4	3	4	5	4	3	2	2	4	5	1	3	4	5	4	3	5	2	4	5	5	4	5	1	4	3	1	5	5	4	5	3	2	5	2	5	5	2	2	2	5	2	5	5	5	5	4	5	4	4	2	5	5	1	4	5	4	3	2	5	5	3	1	4	4	5	2	5	1	4	1	2	5	4	1	2	5	1	0
10130061	5	1	1	4	4	4	4	4	2	4	4	3	2	2	4	2	3	4	2	5	5	3	4	5	4	5	3	4	3	4	3	4	2	5	2	4	3	5	4	2	2	5	3	2	3	4	3	4	3	3	4	2	4	5	5	4	5	5	4	3	4	4	4	3	3	4	2	4	3	4	2	2	3	4	4	3	2	4	4	4	4	4	3	4	2	4	4	2	4	3	4	3	1	2	4	3	3	2	4	5	3	4	2	4	4	2	4	4	4	4	4	1	0
10150001	5	2	1	3	5	3	4	3	3	5	5	3	3	2	3	1	4	4	3	3	4	4	4	4	3	4	2	4	2	5	3	3	2	4	4	2	3	5	4	4	4	5	4	3	3	3	4	4	3	2	5	2	5	4	5	3	3	3	4	3	4	4	4	3	3	4	4	2	3	3	3	2	4	4	3	3	1	3	4	3	3	4	2	3	2	4	5	3	4	4	2	3	4	3	5	3	3	2	3	2	3	4	2	3	3	3	4	4	4	3	3	1	0
10150006	3	3	2	3	4	4	4	2	4	4	4	5	4	1	4	2	2	4	4	4	3	3	2	2	4	4	3	3	4	3	2	4	3	4	3	4	2	5	4	5	2	2	3	2	4	2	3	4	3	1	4	2	4	4	4	3	4	1	3	4	2	4	4	4	1	2	3	4	3	5	4	3	3	4	3	2	2	4	4	4	4	2	3	2	4	4	5	2	5	4	4	4	2	5	5	4	2	4	4	3	4	4	4	5	4	5	5	4	5	4	5	1	0
10150011	3	1	1	5	3	3	4	5	1	2	5	1	1	1	3	5	5	5	2	5	1	4	3	1	4	3	4	1	2	3	5	2	3	2	5	4	2	3	4	3	1	1	3	1	2	1	1	1	3	1	3	2	4	2	2	2	1	2	3	2	3	4	3	3	1	3	5	2	2	1	3	3	1	3	3	4	2	3	3	3	5	1	5	3	2	4	1	1	5	2	1	4	5	1	1	5	3	1	3	3	3	4	4	2	5	3	1	3	4	4	1	1	0
10150012	5	1	1	5	4	5	4	3	4	5	5	1	1	3	4	2	2	4	2	4	3	4	4	2	4	5	2	5	2	5	1	4	4	4	3	4	3	5	4	3	4	2	5	3	4	4	5	5	1	3	5	3	5	5	2	4	3	2	2	3	5	5	5	2	1	3	5	5	4	2	1	4	2	2	3	5	2	4	4	5	3	4	3	3	1	4	3	1	5	5	3	2	4	3	5	4	3	3	4	4	3	3	4	3	5	2	3	3	4	3	3	1	0
10150013	4	4	1	5	3	4	5	1	2	5	5	1	3	3	5	1	5	3	3	1	1	5	5	1	5	5	3	3	3	3	3	5	2	4	3	4	5	5	4	2	5	2	5	2	5	1	4	2	4	4	5	2	5	4	4	4	5	2	5	5	2	4	4	4	1	4	3	2	4	3	3	2	4	5	4	5	3	3	3	4	4	3	3	3	3	4	3	3	4	4	3	4	3	3	3	5	3	5	4	3	3	5	2	4	3	4	5	5	4	3	4	1	0
10150014	5	1	1	5	4	5	4	3	1	4	5	3	1	3	4	1	1	5	1	4	5	3	5	3	3	4	4	4	5	1	3	3	1	5	3	3	2	5	4	2	5	4	5	4	3	2	2	5	5	1	5	1	5	5	5	4	3	3	5	4	2	5	5	1	3	4	4	4	5	1	2	3	3	5	2	5	1	4	4	4	4	2	5	4	1	5	5	1	5	1	5	2	1	2	5	2	3	4	4	5	4	4	1	5	3	3	4	5	4	3	5	1	0
10150022	4	4	5	3	3	3	3	3	3	3	3	3	3	3	3	3	3	3	3	3	3	3	3	3	3	3	3	3	3	3	1	5	1	3	4	1	3	4	4	2	4	3	3	3	4	4	2	2	5	2	4	1	4	4	4	4	3	2	4	4	2	5	5	5	3	5	2	5	3	2	1	1	3	5	1	4	1	5	4	4	4	5	3	5	2	3	4	2	3	2	3	2	2	4	5	2	5	4	4	5	5	5	1	5	4	5	5	5	2	5	5	1	0
10150024	5	1	2	3	5	1	3	1	2	3	1	1	2	2	3	1	1	2	5	4	1	4	2	4	4	2	3	5	5	2	1	3	1	2	4	4	4	2	4	1	3	3	4	3	2	2	2	3	3	1	4	3	5	2	3	2	3	3	2	3	1	4	3	3	2	4	2	2	2	5	5	1	2	5	1	4	1	5	3	5	3	5	3	3	2	4	5	5	3	4	1	3	1	5	5	2	3	4	4	3	3	5	4	3	1	4	2	4	2	4	3	1	0
10150029	5	3	3	2	1	4	2	5	1	1	1	1	1	3	2	5	1	2	1	2	2	3	3	1	3	3	3	3	3	5	4	5	3	1	3	3	2	5	2	3	3	2	1	3	4	3	3	1	2	2	4	2	2	4	4	3	3	3	2	5	2	3	4	1	2	4	4	3	2	1	4	3	4	3	2	4	4	4	4	3	3	1	4	3	5	4	5	3	3	4	1	3	2	4	2	4	4	1	3	5	3	3	2	4	2	2	3	3	1	2	4	1	0
10150030	4	4	3	3	3	3	3	2	3	3	3	3	3	3	3	3	3	3	3	3	3	3	3	3	3	3	3	3	3	3	3	5	4	3	4	2	3	2	3	3	4	4	3	4	3	3	4	3	3	3	4	3	4	2	4	3	4	2	3	4	4	4	5	3	1	3	3	3	2	3	3	3	3	3	3	3	3	3	4	3	3	5	3	1	1	2	4	3	3	2	3	4	4	2	3	3	3	2	3	3	3	5	5	3	2	3	3	2	3	4	3	1	0
10150032	4	4	2	4	4	4	2	2	1	4	4	1	1	4	4	2	5	3	1	5	2	4	4	2	4	4	2	4	4	4	4	4	2	4	4	3	4	4	4	3	4	4	3	4	4	2	2	3	3	1	4	1	4	4	4	3	4	5	5	3	2	5	4	5	1	4	4	4	4	1	4	1	3	4	4	4	1	4	4	4	4	1	3	4	4	4	5	4	4	4	4	3	2	1	4	4	4	4	4	4	2	4	1	4	4	5	4	5	3	5	4	1	0
10150036	3	3	3	3	3	3	3	3	3	4	4	2	3	3	3	3	3	3	3	3	3	3	3	3	3	3	3	3	3	3	2	4	3	3	4	3	3	4	2	3	4	3	4	3	3	3	3	3	3	2	4	2	3	4	3	3	5	3	3	2	1	4	3	3	5	3	4	5	2	2	3	3	3	3	2	2	2	3	4	3	3	5	4	4	2	4	5	2	5	5	3	3	4	4	5	4	4	3	3	3	3	5	3	5	1	4	3	2	2	3	3	1	0
10150039	4	1	1	4	4	5	4	4	4	3	5	1	4	2	3	1	2	3	4	3	2	3	4	4	3	4	4	3	4	4	2	4	3	4	3	2	3	4	3	2	4	3	4	4	4	1	2	4	4	3	5	5	5	5	5	4	4	1	4	3	1	5	5	4	4	4	5	4	5	3	4	2	3	4	4	4	4	3	3	5	3	3	4	4	3	5	3	4	2	3	4	3	3	3	2	3	5	2	3	2	3	3	4	4	3	4	2	3	4	3	3	1	0
10150050	5	2	5	4	5	5	5	5	5	3	5	1	5	5	4	1	5	5	5	2	2	1	2	5	5	4	5	5	4	5	1	4	2	4	3	4	5	5	5	1	3	5	5	4	4	2	5	5	5	3	4	2	4	5	3	3	5	1	3	4	1	5	5	1	5	5	5	5	4	4	4	4	1	5	5	4	2	5	5	5	4	1	4	5	1	5	4	1	5	2	5	4	2	5	4	4	5	2	3	5	2	2	1	5	1	1	2	4	3	5	5	1	0
10150056	5	1	1	5	5	5	5	3	3	3	5	1	2	3	5	1	2	4	2	5	3	5	5	3	3	4	5	5	3	3	1	5	5	5	5	5	3	5	4	1	5	4	5	3	4	2	3	4	5	3	5	1	5	5	5	5	5	3	4	3	1	5	5	2	5	5	5	5	5	3	5	1	3	4	2	5	1	5	3	5	5	5	3	5	1	4	4	2	4	5	5	4	3	4	5	5	5	3	3	5	3	5	5	5	1	2	5	3	4	2	4	1	0
10150057	3	2	1	4	4	5	4	5	4	3	5	3	4	2	3	1	4	4	4	4	2	3	4	3	4	4	3	4	3	5	2	3	2	4	3	3	2	5	3	3	3	3	4	3	3	2	2	5	3	3	5	3	4	5	4	3	3	2	3	3	2	4	3	4	2	3	5	3	4	3	3	3	4	3	4	3	2	3	4	3	3	1	4	4	2	3	4	2	3	4	4	3	4	5	4	3	4	3	3	3	3	3	2	3	3	3	3	3	3	3	4	1	0
10150058	5	1	1	4	5	5	5	5	5	5	5	3	5	3	3	1	4	4	5	4	2	3	4	5	4	5	5	5	4	4	1	4	2	5	4	5	2	5	4	5	3	5	4	4	4	1	3	5	5	4	5	1	5	5	5	4	5	2	4	4	1	5	5	5	5	5	5	5	5	5	5	3	5	4	5	5	4	5	5	5	5	1	5	5	1	4	5	1	5	5	5	3	1	5	5	5	4	5	5	5	3	5	2	5	5	4	3	4	1	4	4	1	0
10150059	4	2	2	2	4	4	3	4	1	4	4	1	1	2	4	3	4	3	2	4	4	2	4	2	3	4	3	2	4	4	4	4	3	4	4	3	4	4	4	4	4	2	4	3	4	3	3	2	3	2	4	3	4	4	4	4	4	4	4	3	3	4	4	2	2	3	3	4	3	4	2	2	2	4	2	3	2	4	4	4	4	4	3	2	2	4	4	2	3	3	2	3	2	2	3	4	2	3	4	4	4	4	2	4	2	4	2	4	4	4	4	1	0
10150065	4	1	2	3	5	4	3	3	5	5	3	1	4	2	4	1	5	4	4	5	4	4	4	4	5	4	4	5	4	2	2	5	3	4	4	2	2	5	4	3	4	4	4	4	5	4	2	2	5	3	5	1	5	4	4	2	4	2	4	4	4	5	4	4	3	3	5	4	5	5	1	3	2	4	2	4	1	4	4	2	4	5	5	5	1	4	4	1	4	4	1	4	2	5	5	4	4	4	4	5	4	4	2	5	5	5	4	4	2	4	4	1	0
10150066	5	1	1	4	5	5	5	2	5	5	3	4	5	2	3	1	5	3	5	5	1	3	4	5	4	5	4	5	4	3	1	3	5	5	5	2	2	5	4	4	3	5	5	5	4	1	2	5	5	5	5	1	5	4	3	2	4	1	4	4	1	5	5	5	5	2	5	5	5	5	5	4	2	4	4	5	1	5	5	4	4	1	4	5	1	4	5	1	5	5	3	1	3	5	5	4	4	5	3	5	4	4	3	5	5	5	1	3	1	5	5	1	0
10150075	5	1	1	4	5	5	4	5	2	4	5	2	1	2	2	1	3	2	1	2	4	4	2	5	2	4	5	4	4	4	3	4	4	4	4	4	2	5	2	4	4	4	5	4	3	4	2	5	4	1	4	2	3	5	5	3	3	4	2	3	2	4	4	2	4	2	5	4	4	2	3	3	4	3	4	4	2	4	4	3	2	4	3	4	2	4	5	2	4	3	3	2	1	3	4	2	4	3	2	4	2	3	2	3	3	2	4	3	3	2	4	1	0
10160076	4	2	2	5	4	5	4	5	2	4	2	1	1	3	4	1	5	3	2	4	2	4	5	3	3	4	2	3	3	4	2	4	3	4	4	4	2	4	3	2	4	2	3	3	3	3	4	5	4	1	5	2	5	4	5	3	3	1	4	3	2	5	3	4	1	2	3	4	3	3	2	2	1	4	2	3	3	4	4	4	4	4	4	4	3	4	5	2	5	4	3	3	1	3	5	3	2	2	4	4	3	5	2	5	1	2	2	4	4	5	4	1	0
10160079	3	2	3	3	3	3	2	4	1	3	3	2	1	1	3	2	3	3	2	3	2	3	3	2	3	4	3	3	3	3	3	3	3	3	4	2	3	3	3	3	3	2	3	3	3	3	2	3	3	1	2	2	3	3	3	2	2	2	3	3	3	3	3	3	2	3	3	3	3	2	1	2	2	3	2	2	3	3	3	3	3	3	3	3	2	3	2	2	3	3	2	3	2	3	3	2	2	2	3	3	2	2	2	3	3	3	2	3	3	3	3	1	0
10160080	3	3	2	3	2	4	4	3	2	3	2	3	3	3	3	3	3	3	2	3	2	2	4	4	2	2	3	2	3	4	3	4	3	4	4	2	4	5	3	3	3	4	4	2	2	3	3	5	3	3	4	2	5	4	3	3	3	2	3	4	3	3	4	3	3	3	5	3	3	3	1	4	2	4	3	3	2	1	3	4	3	4	3	3	2	3	4	3	5	3	2	2	2	4	3	3	4	3	3	3	2	3	3	3	2	2	2	3	4	1	3	1	0
10160083	4	4	2	4	4	5	5	5	2	3	4	3	1	1	3	1	3	5	1	4	5	5	5	1	3	4	3	2	2	4	3	3	1	3	4	3	3	4	3	3	3	2	2	3	3	3	2	3	3	2	5	3	4	5	4	3	3	2	3	3	4	4	3	3	1	3	3	3	3	2	2	3	1	3	1	3	2	3	3	4	3	4	4	2	3	4	4	1	3	3	3	2	2	1	4	4	3	3	4	5	2	3	3	3	4	3	4	3	3	3	2	1	0
10160084	3	1	2	3	1	5	5	5	1	2	4	1	1	2	4	4	1	3	1	3	1	1	5	2	4	4	4	1	3	3	4	5	2	3	4	1	5	5	4	3	5	4	2	3	3	4	4	3	5	1	3	1	5	4	4	2	2	5	5	3	5	4	2	2	1	5	5	5	5	1	1	2	1	2	1	5	1	5	2	3	4	3	4	2	1	4	4	1	4	5	1	4	2	1	4	2	2	2	3	5	3	4	3	4	5	2	2	4	3	4	3	1	0
10160087	4	5	2	4	3	5	5	5	4	5	4	1	3	4	5	2	3	5	4	4	2	3	5	4	3	5	5	4	3	5	1	5	2	4	4	4	2	5	2	1	4	5	5	3	2	3	4	4	4	3	4	1	5	5	4	5	4	3	4	3	2	4	5	4	5	5	5	4	4	4	2	3	3	3	3	5	3	2	4	3	3	3	5	3	1	5	5	1	5	5	1	2	2	5	4	3	2	5	4	5	3	3	3	4	4	4	5	3	4	4	4	1	0
10160088	5	5	4	3	4	2	3	3	3	4	4	2	3	3	4	3	4	3	5	4	4	4	3	4	3	4	3	4	3	2	2	5	5	3	4	4	4	5	2	4	4	5	4	3	2	2	3	4	2	3	3	3	4	2	3	5	4	2	3	4	4	3	4	4	2	3	5	4	4	4	3	3	4	5	4	4	3	4	5	3	2	4	5	4	2	3	4	3	4	4	3	4	5	3	4	5	4	5	5	5	5	5	3	5	5	4	5	5	5	4	4	1	0
10160090	4	2	2	4	4	3	4	5	3	4	3	3	3	3	4	3	3	4	3	4	3	4	4	3	4	4	3	4	3	4	2	4	2	5	3	4	3	5	4	3	3	4	4	4	3	3	2	1	3	1	5	2	4	4	5	4	4	2	4	2	3	4	4	3	4	4	2	4	4	3	2	4	2	5	1	5	1	5	4	4	4	2	4	4	2	4	4	2	5	3	4	3	1	2	5	3	3	2	3	5	3	4	2	4	1	4	2	3	3	4	4	1	0
10160091	4	3	2	3	2	3	3	4	1	3	2	3	1	3	4	2	1	4	2	4	4	4	4	1	2	3	4	4	2	4	4	4	2	3	2	4	2	4	3	5	4	2	3	4	3	3	4	2	4	2	3	2	3	3	4	4	3	4	3	3	4	3	4	2	1	4	1	4	2	2	1	3	1	3	2	4	2	3	3	4	3	2	4	2	2	3	4	4	4	4	2	4	2	2	3	3	2	3	3	4	2	3	3	4	2	2	2	4	2	4	4	1	0
10160092	5	5	1	5	5	5	5	5	1	5	3	1	1	1	5	1	5	3	3	5	1	5	5	5	5	5	5	5	5	5	1	5	3	5	5	1	5	5	5	1	5	5	5	5	5	1	3	5	5	1	5	1	5	5	3	5	5	5	5	3	1	5	5	5	1	5	5	5	5	3	1	5	1	1	1	5	1	5	5	5	5	1	5	5	1	5	5	1	5	5	5	1	1	5	5	1	3	5	5	5	5	5	1	3	5	5	5	5	5	5	5	1	0
10160095	5	1	3	3	1	5	5	4	1	3	1	1	1	3	5	1	4	3	1	3	3	1	5	3	1	5	5	1	3	1	3	5	1	1	5	5	1	5	5	1	5	3	5	1	5	1	1	5	5	1	5	3	5	5	5	5	3	3	5	5	5	5	5	5	1	5	1	5	5	1	1	1	1	5	5	5	1	5	5	5	5	5	5	1	1	5	5	1	5	1	5	5	5	1	5	5	5	5	5	5	5	5	1	5	1	4	1	3	5	5	5	1	0
10160096	4	2	2	3	3	4	3	4	3	3	2	2	3	3	3	2	2	4	2	3	3	2	2	5	3	4	4	3	4	3	2	4	3	3	3	3	2	4	4	5	4	5	3	3	3	2	3	4	3	3	4	4	4	4	4	3	4	4	3	4	3	5	4	3	4	3	5	4	5	3	4	3	3	4	4	5	2	4	4	3	3	1	4	3	1	4	4	3	5	3	2	2	1	3	4	3	1	3	4	5	4	4	3	4	4	3	2	5	3	3	3	1	0
10160097	4	4	2	3	4	4	2	5	1	2	1	2	1	4	2	4	1	2	1	2	5	3	2	1	2	2	3	2	3	4	5	4	4	2	3	4	1	4	2	5	4	1	2	5	2	4	4	1	4	1	1	1	3	3	2	2	4	5	2	2	4	2	2	2	1	4	2	3	2	2	2	4	1	2	1	4	2	2	2	4	3	2	3	4	2	4	2	4	2	2	2	4	4	2	4	2	4	2	2	4	2	2	2	2	1	1	2	2	4	2	4	1	0
10160098	3	2	2	3	3	3	3	3	1	3	2	3	2	2	3	3	3	2	1	3	2	3	3	1	3	4	3	2	3	4	3	3	3	4	3	2	4	3	5	4	2	1	3	2	4	3	2	1	3	3	3	2	3	3	2	2	2	3	2	2	1	4	3	3	2	3	3	3	4	3	1	1	2	3	2	3	2	4	3	3	4	5	3	3	3	4	3	3	4	4	2	2	2	2	4	2	4	3	3	4	2	5	2	3	3	5	2	3	2	5	3	1	0
10160100	5	5	1	4	4	5	5	4	4	5	5	1	4	3	5	1	1	5	5	4	2	3	2	5	5	5	5	5	4	4	3	5	1	4	5	4	5	5	5	1	5	5	5	3	5	1	5	3	4	4	5	1	5	4	5	5	4	2	3	3	1	5	5	5	4	3	2	5	5	4	3	1	1	5	3	3	1	5	4	5	4	5	5	4	3	4	5	2	5	3	5	3	1	4	5	2	3	4	4	5	4	5	1	5	4	5	2	4	3	5	4	1	0
10160101	4	5	1	3	3	5	3	3	1	3	4	4	2	4	3	2	4	4	2	2	3	3	4	3	3	2	4	3	4	2	3	4	3	3	2	4	3	4	4	5	4	4	3	4	4	5	4	1	4	2	4	2	4	5	4	4	4	4	4	2	3	4	5	2	1	5	5	4	4	4	4	2	1	4	5	4	2	4	4	3	4	1	4	3	2	4	4	2	4	4	4	3	2	2	2	4	3	3	4	4	3	4	3	4	3	4	3	4	4	3	4	1	0
10160102	4	3	2	3	4	3	4	3	2	4	2	3	2	3	3	2	3	4	3	4	3	3	3	2	4	4	3	3	4	4	1	4	2	4	4	4	3	3	4	3	4	3	4	3	4	3	3	1	3	2	4	2	4	3	4	4	5	2	3	3	2	5	3	4	2	4	2	4	4	3	4	2	2	4	2	4	2	4	4	4	4	1	4	3	1	4	2	2	5	5	4	2	1	3	5	3	2	3	4	4	3	3	2	4	4	4	2	4	2	4	3	1	0
10160103	3	1	3	5	5	4	5	1	1	4	2	2	1	3	4	2	5	5	2	4	5	4	5	1	3	4	5	4	4	5	3	4	2	3	5	1	4	5	4	5	4	2	4	5	3	2	3	4	4	1	4	2	5	3	3	4	2	4	5	4	2	5	2	4	1	5	2	4	5	1	4	2	2	3	1	3	2	4	4	5	4	1	5	3	1	4	4	3	5	4	1	4	1	1	4	4	1	4	3	5	3	1	1	5	2	4	3	4	4	4	4	1	0
10160105	5	1	1	3	4	4	4	3	2	4	2	3	2	3	4	2	2	5	2	3	4	3	5	4	4	4	3	3	4	2	3	5	1	4	4	5	2	5	3	2	3	3	4	3	4	2	5	3	5	3	4	1	5	4	5	4	5	3	4	3	3	4	4	3	2	3	2	4	3	4	4	2	2	4	1	4	2	3	4	3	4	3	4	3	1	5	2	3	4	3	4	3	2	3	4	3	2	4	5	5	3	3	3	4	3	3	4	4	3	3	4	1	0
10160106	4	3	2	3	2	4	3	4	2	3	4	2	2	3	3	2	3	3	2	3	2	3	3	2	2	3	3	3	4	4	3	4	3	3	2	4	3	4	3	3	4	4	3	4	3	3	2	2	3	3	3	2	3	4	3	3	4	4	3	4	3	3	3	2	3	3	4	3	3	2	3	4	2	4	3	4	3	3	3	4	4	4	4	3	1	4	3	2	4	4	3	3	4	2	3	4	2	5	3	4	3	4	2	3	4	2	3	3	3	2	3	1	0
10160107	4	2	2	3	3	4	4	4	2	4	3	1	2	4	3	3	1	4	2	2	2	3	4	2	3	4	3	3	3	4	2	5	3	3	4	4	3	5	3	2	4	2	3	4	3	2	2	1	4	1	4	2	5	5	5	4	3	4	4	5	3	4	4	4	3	4	4	3	4	2	3	3	2	3	3	4	2	3	4	3	3	3	4	3	4	4	4	3	4	4	3	2	3	2	4	3	4	4	4	4	3	4	2	3	2	3	2	2	3	3	4	1	0
10160108	4	2	2	5	1	5	5	4	3	4	5	1	3	4	4	2	5	4	4	4	1	5	5	2	4	4	4	4	4	5	4	4	4	3	5	4	3	5	5	4	4	4	4	4	4	2	4	4	5	4	4	1	5	5	5	4	5	1	4	5	2	4	4	4	3	5	5	5	5	3	1	2	1	4	3	5	1	4	5	2	4	5	1	4	2	5	4	3	4	5	4	3	1	1	4	4	4	4	5	5	3	4	2	4	4	4	2	4	3	4	4	1	0
10160110	3	3	3	3	3	3	3	3	3	3	3	3	3	3	4	4	4	3	3	3	3	3	4	3	3	4	4	4	3	3	3	4	4	4	4	2	4	5	4	4	4	4	4	4	4	4	4	4	4	4	4	4	4	4	4	4	2	1	2	2	3	3	3	4	3	3	4	3	3	3	3	3	3	3	4	3	2	2	3	3	3	3	3	3	3	4	3	2	4	2	4	2	2	1	3	2	2	3	3	5	3	4	4	2	3	2	2	3	3	2	3	1	0
10160114	3	2	3	3	3	3	3	4	3	4	3	4	2	3	3	2	2	3	2	3	3	4	3	2	3	4	3	2	3	4	3	4	3	4	4	3	2	4	3	3	3	3	4	4	3	2	3	2	3	3	4	2	3	3	3	3	3	2	3	3	2	4	4	2	3	3	3	3	3	2	3	2	3	4	1	3	2	4	4	3	3	5	4	2	3	4	4	3	4	3	4	2	1	1	4	3	2	3	3	5	3	4	4	4	3	2	1	3	3	2	4	1	0
10160117	3	3	4	3	1	4	3	3	1	4	4	3	1	3	3	3	2	4	1	3	4	4	4	2	2	4	4	2	3	4	3	3	3	3	4	3	2	5	3	2	4	1	3	3	3	3	3	1	3	1	4	3	4	5	3	4	3	5	3	3	2	3	3	4	1	3	5	3	3	1	1	2	2	3	2	3	2	2	2	3	3	1	4	3	4	4	4	2	2	3	1	4	2	1	3	3	4	3	2	4	4	3	2	2	3	3	1	2	3	3	3	1	0
10160118	4	3	3	3	3	3	3	4	3	3	3	3	2	3	3	3	2	3	2	3	3	3	4	4	2	3	3	3	3	3	3	4	3	3	4	3	2	4	3	2	4	4	3	3	3	3	3	3	3	3	4	3	4	4	3	3	3	4	3	3	3	4	4	4	2	3	2	3	3	2	3	4	2	3	3	4	3	3	3	3	3	3	3	4	2	4	4	3	4	4	3	3	4	2	3	3	4	3	3	4	3	3	3	3	3	2	3	3	3	2	3	1	0
10160120	4	3	3	3	3	3	4	5	1	3	2	2	1	3	3	2	2	3	1	3	2	3	3	1	3	3	3	3	2	4	3	5	3	3	2	3	3	4	3	2	3	2	2	3	3	2	3	1	4	1	3	3	4	4	5	3	3	4	4	3	3	3	3	2	1	4	2	2	4	1	2	2	2	3	2	5	3	3	3	2	3	2	4	3	1	4	4	3	3	2	2	3	1	1	3	3	3	3	3	4	4	3	3	4	3	1	2	3	3	2	3	1	0
10160124	4	1	1	3	3	3	3	2	2	3	5	2	1	2	3	2	1	5	1	2	3	4	2	2	2	5	2	3	2	3	5	5	2	3	3	3	2	5	3	2	2	2	3	2	2	1	3	1	1	1	5	2	4	3	3	3	3	3	3	2	2	3	4	2	2	5	5	3	3	1	1	3	2	3	3	2	1	2	4	3	2	3	4	3	3	3	3	1	4	3	3	2	2	2	4	2	2	3	5	5	5	2	1	3	5	1	2	2	5	2	3	1	0
10160126	3	2	3	3	3	2	2	3	2	4	2	3	3	2	3	2	3	2	3	3	2	3	3	2	3	3	3	3	2	2	3	2	3	3	2	3	2	2	3	2	3	2	4	3	2	3	3	3	2	3	3	2	2	3	3	3	3	3	3	3	2	3	3	3	3	2	2	3	3	2	3	3	3	2	3	2	2	2	3	2	2	2	3	3	2	3	3	2	3	3	2	2	2	2	3	2	2	2	3	4	4	2	2	3	2	2	2	3	3	3	3	1	0
10160128	3	3	3	3	2	4	3	3	2	4	5	2	1	2	4	4	4	2	3	2	3	3	4	3	2	4	4	3	3	4	3	3	3	3	3	3	3	3	3	3	3	3	3	3	3	3	3	3	3	3	3	3	3	3	3	3	3	2	4	3	2	4	3	3	3	3	3	3	3	3	3	3	2	3	3	3	3	3	3	3	3	3	3	4	2	3	4	3	5	4	2	3	2	3	4	2	2	2	4	4	4	4	2	3	2	4	2	3	2	3	4	1	0
10160129	5	2	2	4	4	3	3	4	3	4	4	2	2	2	3	1	3	5	2	4	2	3	4	4	4	3	4	4	4	3	4	4	2	3	5	4	3	5	4	3	4	4	4	4	3	3	3	2	4	1	4	1	4	4	4	3	3	3	4	4	2	4	4	3	5	5	5	4	4	3	2	2	1	5	3	3	1	3	4	4	4	5	4	4	3	4	5	2	4	3	4	3	2	3	4	3	3	3	3	5	2	4	1	4	3	3	2	4	4	3	4	1	0
10160130	3	3	3	3	3	3	3	3	4	3	2	2	2	3	4	3	4	3	3	3	2	3	2	4	3	3	3	3	3	3	3	3	3	4	3	5	2	3	4	2	4	3	3	3	3	4	3	3	3	3	3	3	3	3	4	3	3	4	4	3	4	4	4	3	3	4	5	2	4	4	4	4	3	3	3	5	4	4	4	2	3	4	4	2	2	4	3	4	3	2	3	4	2	2	2	3	3	3	3	3	3	3	3	3	3	3	3	3	3	3	3	1	0
10160131	5	2	3	3	3	1	3	3	2	4	3	5	3	3	4	2	1	5	2	4	2	3	4	3	4	4	2	3	5	5	3	3	2	4	5	3	3	3	4	4	4	3	3	3	4	2	4	3	2	1	3	2	3	2	3	4	3	3	3	3	3	4	4	3	2	4	5	3	3	3	2	2	2	4	3	4	2	4	4	3	3	3	4	3	3	4	4	3	4	3	4	2	2	2	3	3	3	3	3	3	3	3	2	4	3	3	3	3	3	3	3	1	0
10160135	4	1	1	3	4	4	4	3	1	3	4	4	2	3	3	3	3	3	4	4	3	3	3	3	3	3	3	3	3	3	3	4	2	3	4	2	3	4	3	3	4	3	4	3	4	3	3	2	4	2	4	2	4	4	3	4	3	3	4	3	2	4	3	3	2	2	4	4	3	2	3	2	2	4	1	4	1	4	3	4	4	2	4	4	2	4	4	2	4	3	2	2	2	2	5	3	3	3	4	4	2	3	2	4	3	4	3	4	3	5	4	1	0
10160136	2	2	3	3	3	3	4	3	3	3	4	3	3	3	3	3	3	2	4	3	2	4	3	3	2	2	2	4	3	3	4	4	3	4	3	4	4	4	3	3	3	3	3	4	3	3	3	4	4	3	3	4	3	2	3	3	3	4	2	3	3	3	2	3	1	3	3	3	4	3	3	2	3	4	2	3	3	3	4	4	3	3	4	3	4	4	3	4	3	3	2	3	4	1	3	4	3	3	3	3	3	3	4	3	4	4	3	4	4	3	4	1	0
10160137	3	2	1	3	5	4	4	4	1	4	3	3	1	3	4	2	1	3	2	3	3	3	4	5	2	3	3	4	4	4	4	4	3	4	3	1	3	4	3	4	3	3	3	3	3	3	3	3	3	2	3	3	3	4	3	4	3	4	4	3	3	4	4	2	2	3	1	3	3	3	2	3	3	3	4	4	2	3	3	3	3	5	4	2	3	3	5	3	3	3	2	3	3	4	4	4	3	3	3	4	3	4	3	3	2	2	3	4	3	3	4	1	0
10160138	2	4	3	3	3	3	3	3	3	3	3	3	5	3	3	3	3	3	3	3	3	3	3	3	4	3	3	3	3	3	3	2	2	2	4	2	5	3	4	2	4	4	3	3	4	4	1	3	3	3	4	1	3	3	5	3	3	3	3	2	4	5	3	2	1	3	3	3	3	3	3	3	2	3	3	4	3	4	4	4	3	5	3	3	3	3	4	3	3	4	3	3	2	4	3	4	3	3	2	4	3	4	3	4	1	3	2	4	3	3	4	1	0
10160140	4	2	1	4	5	4	4	4	2	4	5	3	2	4	4	1	3	3	2	4	2	4	4	3	4	4	3	4	3	4	2	5	1	4	5	4	3	5	4	3	3	3	5	2	3	2	3	4	2	1	5	3	5	5	5	4	3	2	4	3	2	5	5	3	4	3	5	5	4	5	3	3	3	4	2	4	3	4	4	4	5	5	3	4	2	4	4	2	3	5	3	2	1	4	5	4	2	2	4	5	3	4	3	3	1	5	4	4	3	4	2	1	0
10160142	4	1	2	4	3	3	3	5	4	3	3	1	4	2	3	3	5	3	4	3	3	3	3	2	3	4	4	3	3	3	3	4	3	4	4	2	4	4	3	3	4	3	3	3	3	3	3	5	3	4	5	2	4	4	3	4	2	1	2	3	2	4	3	4	5	5	5	3	4	4	3	3	3	3	3	3	2	4	4	2	3	2	5	4	2	5	4	1	5	4	3	2	1	5	4	3	3	3	3	4	2	4	2	3	2	3	4	4	3	3	3	1	0
10160146	4	3	2	4	2	4	4	4	4	3	4	1	3	2	3	2	3	4	3	3	2	3	4	4	3	4	4	2	3	5	3	5	2	3	4	3	3	4	4	4	4	4	4	4	4	2	4	4	3	3	4	2	4	4	4	4	4	2	4	3	2	5	4	3	4	3	3	4	4	4	4	2	3	3	2	4	3	3	4	3	3	3	4	3	2	4	4	2	3	4	3	3	2	4	4	4	2	3	4	5	3	4	2	3	3	3	4	3	3	3	4	1	0
10160148	4	3	2	4	4	4	3	2	3	4	4	2	4	2	4	3	2	4	3	4	3	4	4	2	4	4	4	4	4	3	4	4	2	4	4	3	4	4	4	3	2	4	4	3	4	4	4	4	3	3	4	2	4	4	4	3	4	3	2	4	2	4	4	4	2	4	2	3	2	2	2	3	2	3	2	4	2	3	4	4	4	5	3	3	2	4	4	3	4	3	3	4	2	4	4	4	3	3	3	5	3	3	3	4	3	3	2	4	4	4	4	1	0
10160149	5	2	2	4	5	4	4	4	3	3	4	3	3	4	4	2	2	4	2	4	2	4	4	4	4	4	3	5	4	4	3	4	2	4	3	3	3	4	3	2	3	3	5	3	3	3	3	2	3	3	4	2	4	3	4	3	4	4	3	4	1	4	4	3	3	4	3	4	4	4	3	3	2	4	4	4	2	4	4	4	4	5	4	4	2	4	4	2	4	4	3	2	2	4	4	4	3	4	4	3	3	4	2	4	4	4	3	4	3	4	4	1	0
10160150	4	3	1	4	3	4	2	4	5	3	4	2	5	3	3	2	2	3	5	3	3	4	3	5	4	3	3	3	4	5	2	3	2	3	4	4	2	4	3	2	3	5	4	3	4	3	3	3	4	5	3	2	4	4	4	3	4	2	3	4	2	4	4	2	5	2	5	4	4	3	2	3	2	2	3	4	3	3	4	4	3	1	3	3	2	4	4	2	4	5	4	3	1	5	3	3	2	2	4	4	3	4	2	4	2	1	5	3	4	2	4	1	0
10160151	5	3	1	5	3	5	1	5	3	5	5	1	3	3	4	1	1	4	1	5	1	1	5	1	3	3	5	3	5	5	3	5	1	5	5	3	1	5	3	1	5	3	1	5	3	1	1	5	5	1	5	2	4	5	2	5	5	1	5	5	4	5	5	5	5	5	5	5	5	5	5	3	1	3	5	5	1	3	4	5	3	3	5	5	3	5	5	3	5	2	5	3	1	4	5	3	5	4	5	5	3	4	1	5	1	4	3	4	3	4	4	1	0
10169001	5	3	1	4	5	5	4	3	2	5	4	5	1	3	5	2	1	1	1	5	1	3	4	4	4	3	4	3	5	5	1	5	1	3	5	2	4	5	5	1	3	5	4	1	4	5	3	4	3	1	4	3	4	5	5	4	4	4	3	4	2	4	5	5	4	5	5	5	3	1	4	1	2	4	4	4	1	4	4	4	4	5	5	3	2	4	5	1	4	4	4	4	1	1	4	4	2	3	4	5	4	4	2	3	1	3	5	5	4	4	4	1	0
10169002	3	3	3	3	3	3	3	3	3	3	3	3	1	1	3	3	3	3	3	3	3	3	3	3	3	4	3	3	3	3	3	3	3	3	3	3	3	2	2	2	4	3	3	3	3	3	3	3	3	3	3	3	3	3	3	3	2	4	3	3	3	3	3	3	3	3	3	3	3	3	3	3	3	3	3	3	3	3	3	3	3	3	3	3	2	4	4	3	4	4	4	4	2	3	3	3	3	3	3	3	4	3	3	4	4	2	3	4	4	1	4	1	0
10169003	4	2	4	2	5	5	4	5	1	4	1	1	1	1	3	3	1	3	1	5	3	4	4	4	2	4	1	4	3	3	3	4	1	5	5	2	3	5	3	2	4	4	3	2	3	2	2	2	3	2	2	2	4	5	5	4	1	5	4	3	2	4	5	5	2	4	5	2	5	1	1	4	1	4	4	3	2	4	4	3	3	1	4	2	1	5	5	3	5	5	1	3	2	1	5	3	2	2	3	4	3	4	3	4	3	4	3	4	3	5	4	1	0
10180008	3	3	2	3	3	2	3	5	2	3	3	4	2	3	3	2	2	4	2	3	2	3	3	2	3	3	3	3	3	3	3	5	1	3	3	4	3	3	3	3	3	3	3	3	3	2	2	5	3	2	4	2	3	3	3	3	4	3	3	3	3	5	4	3	2	3	1	4	3	2	2	2	2	3	3	4	2	4	3	3	3	3	2	3	2	5	5	2	5	3	4	2	2	2	4	3	3	3	4	5	3	4	2	4	3	3	4	3	2	3	3	1	0
10180009	5	4	3	1	3	5	3	5	1	4	1	1	1	3	1	2	1	1	1	2	5	5	2	1	1	5	3	4	1	1	3	1	3	3	5	3	1	5	1	3	1	1	1	1	1	5	1	1	1	1	3	1	1	4	1	1	1	5	1	1	3	4	1	3	1	2	5	1	1	3	1	5	4	5	1	1	1	1	3	4	2	1	3	1	1	1	3	2	2	3	1	3	4	1	3	3	3	3	1	2	1	4	1	1	3	2	1	2	3	1	1	1	0
10180010	4	2	2	4	4	4	4	3	4	4	4	4	4	4	4	2	4	4	3	4	2	4	4	4	4	4	3	3	4	4	2	4	2	4	4	3	4	4	4	3	2	4	4	4	4	2	2	4	3	2	4	2	4	2	4	4	4	2	4	4	2	5	4	4	4	2	5	4	4	4	4	2	3	4	4	4	2	4	4	4	4	4	4	3	2	4	5	2	4	4	2	2	2	4	4	4	2	4	3	4	4	4	2	4	2	4	3	4	4	4	4	1	0
10180014	5	4	2	4	4	5	2	4	2	4	4	1	2	3	4	1	2	4	1	4	1	5	3	4	4	4	1	4	3	4	4	4	1	4	4	2	4	5	4	3	4	3	3	4	4	3	2	1	4	2	4	4	3	4	4	4	4	3	4	2	1	5	4	4	5	4	3	4	3	2	2	2	1	4	5	5	2	4	5	4	4	4	5	4	2	4	2	1	5	4	2	3	3	2	4	3	2	3	3	4	3	4	2	5	3	4	4	4	2	4	4	1	0
10180020	4	1	2	3	4	5	3	2	4	3	5	1	5	1	3	2	4	3	5	4	3	4	4	4	4	4	3	4	4	4	4	4	2	4	4	3	4	5	4	2	4	3	3	3	4	1	2	4	3	3	4	3	4	4	3	4	2	1	3	2	2	4	4	4	3	3	5	4	3	2	2	2	2	4	5	4	2	4	4	4	3	5	2	4	1	4	5	2	4	4	3	2	3	5	3	4	3	3	3	4	3	4	2	4	2	4	3	4	4	4	3	1	0
10180024	4	1	3	5	3	3	3	5	5	4	5	5	4	3	3	2	3	3	5	3	3	3	4	4	3	4	2	4	4	3	3	5	3	3	4	3	4	5	3	3	4	5	4	4	4	2	4	4	4	4	5	4	4	5	5	4	3	3	4	4	4	3	4	4	4	3	5	4	3	4	3	3	3	3	4	3	1	4	3	4	4	4	3	4	2	3	3	2	3	5	4	4	2	4	4	1	5	1	4	5	4	4	5	4	3	1	4	3	3	3	3	1	0
10180025	5	5	1	4	1	3	4	5	3	5	5	1	5	1	4	1	5	4	5	5	1	4	5	5	5	4	5	4	4	4	2	5	1	5	4	4	4	4	4	1	5	5	4	1	3	1	2	5	3	2	5	1	5	5	5	3	3	2	3	3	2	5	5	3	5	2	3	3	4	4	4	1	5	4	3	5	1	4	5	1	4	5	1	3	1	4	5	1	4	3	3	1	1	5	4	3	3	2	3	5	3	5	1	2	1	2	5	5	3	5	3	1	0
10180027	4	3	1	5	5	5	1	3	1	5	5	5	2	1	3	2	5	3	3	5	2	4	3	2	1	5	2	5	2	3	1	2	3	4	5	4	4	3	3	2	2	3	5	5	2	1	2	1	2	2	4	4	5	3	4	1	1	2	4	3	1	5	5	5	1	3	5	3	5	2	4	3	3	3	5	5	3	4	5	3	4	1	2	4	1	3	5	1	5	5	1	4	2	3	3	5	5	2	3	2	3	4	2	3	4	4	4	3	4	4	4	1	0
10180032	4	2	2	4	3	4	2	2	2	4	4	4	3	2	4	2	4	5	2	4	3	4	4	5	4	4	3	2	4	3	3	4	1	4	3	3	4	5	4	2	3	4	4	4	3	2	3	3	3	2	5	2	4	5	2	4	4	3	4	3	1	5	5	2	4	4	3	4	3	3	3	2	2	4	4	4	1	5	4	4	4	2	3	3	1	4	5	1	4	4	3	2	2	3	5	4	2	4	4	4	4	5	1	4	1	4	3	4	1	4	5	1	0
10180033	5	1	1	4	5	4	4	4	5	4	5	1	3	4	5	1	4	4	3	5	1	3	4	4	5	5	3	5	5	5	1	4	1	5	5	4	4	5	5	2	3	4	4	5	4	1	3	5	4	3	5	2	5	5	4	2	5	1	5	4	1	5	5	5	4	4	3	5	4	4	4	1	2	4	4	5	1	5	5	5	5	5	4	4	2	4	4	2	5	5	4	2	2	4	5	3	2	3	4	5	4	4	2	4	3	5	2	5	2	5	4	1	0
10180036	3	3	2	4	3	3	4	4	2	3	3	5	1	2	4	2	2	4	1	3	3	3	3	1	4	3	4	3	4	4	3	4	2	3	2	3	4	4	4	4	4	2	3	3	3	2	4	5	2	1	4	2	4	5	4	3	4	4	3	3	3	3	4	2	2	3	1	4	2	2	3	2	1	4	2	3	1	5	4	4	3	5	4	3	4	3	4	2	3	3	4	2	2	2	4	4	3	4	4	4	4	3	2	3	5	2	3	4	4	4	4	1	0
10180038	4	1	2	5	4	5	4	4	4	4	4	1	3	3	4	1	5	4	4	4	1	3	4	5	5	5	4	5	5	4	1	5	1	4	5	3	5	5	5	2	3	4	3	2	3	1	2	4	4	2	5	1	5	5	5	3	5	1	5	5	3	5	5	5	2	5	5	5	5	5	3	1	3	5	5	5	1	5	4	5	5	1	3	4	1	5	5	3	5	5	4	1	1	5	5	3	2	5	3	5	3	5	1	5	1	5	5	5	1	5	5	1	0
10180039	3	1	3	3	2	5	3	3	1	3	4	2	1	2	2	3	1	3	1	1	3	3	4	1	4	4	3	3	3	4	4	3	3	3	4	3	2	5	3	2	4	3	3	3	2	1	2	5	3	1	4	2	3	5	2	4	2	4	4	3	4	3	4	4	2	3	4	2	3	1	1	3	2	4	3	2	3	4	3	2	3	5	1	3	2	4	4	1	4	5	3	1	1	1	3	3	3	1	4	3	2	3	3	3	4	3	2	3	3	3	3	1	0
10180040	4	2	2	5	4	4	3	4	4	4	4	4	5	3	4	2	4	4	5	4	2	4	4	4	4	4	3	4	3	5	2	3	2	4	4	3	4	5	4	2	3	4	4	3	4	2	2	3	4	3	5	2	5	5	4	3	4	5	4	3	2	5	5	5	2	3	4	4	3	5	4	2	2	4	5	4	2	4	4	4	4	5	3	4	1	3	5	5	4	5	3	3	1	5	5	4	3	4	3	4	3	5	1	4	1	4	4	4	4	3	3	1	0
10180041	5	1	3	3	3	5	3	4	2	3	4	1	2	2	3	2	1	3	2	3	2	3	3	4	3	4	3	4	5	4	3	3	3	4	5	2	3	4	3	3	3	4	2	3	3	4	3	3	4	2	4	2	3	4	3	4	3	3	3	3	3	4	4	4	3	3	3	4	3	3	3	2	3	4	3	3	3	3	4	4	3	2	3	4	4	4	4	2	3	3	2	2	2	3	4	3	3	3	4	3	2	4	1	3	3	3	3	3	4	3	4	1	0
10180043	3	2	2	3	3	4	3	3	3	3	3	2	2	1	4	1	3	4	2	4	2	3	3	2	4	4	3	3	4	3	3	4	2	3	4	3	2	4	4	2	3	4	4	3	3	3	2	4	3	3	4	2	4	4	4	4	3	2	3	4	3	4	4	4	3	3	4	3	3	3	3	2	2	4	3	3	2	4	4	4	3	2	3	3	3	3	4	2	4	3	3	2	2	3	4	3	3	3	4	3	3	3	2	3	3	4	3	4	4	3	3	1	0
10180047	4	3	2	3	3	2	3	4	2	4	4	4	2	2	3	2	2	4	2	3	2	3	3	3	3	4	4	4	4	3	4	3	3	4	2	3	3	3	3	3	3	3	3	2	3	2	3	2	3	2	3	2	3	3	3	4	3	4	3	3	2	3	3	2	3	3	2	3	3	2	2	3	2	3	2	3	2	3	3	3	3	2	4	2	2	3	3	2	3	3	3	3	2	2	3	2	3	3	3	3	3	3	2	4	3	2	5	3	2	2	3	1	0
10180049	4	2	4	4	4	2	3	3	4	4	2	5	2	2	4	2	2	3	3	3	3	3	2	3	3	4	3	4	3	3	4	2	3	4	3	3	3	3	3	2	2	2	4	2	3	3	3	4	3	2	3	2	3	4	3	3	4	5	4	4	3	4	4	3	2	3	1	4	2	2	1	3	3	3	1	3	3	4	4	4	3	5	3	4	3	3	5	4	4	3	3	3	3	3	4	3	4	3	4	3	3	3	4	4	2	4	2	3	3	3	4	1	0
10180052	4	3	1	4	3	4	1	5	1	4	4	1	1	3	4	1	4	3	1	4	3	4	4	2	4	5	4	4	4	3	4	5	1	5	3	4	1	5	3	2	5	4	4	1	3	3	2	3	3	1	5	1	4	5	3	5	4	2	2	3	2	5	5	3	4	5	5	5	3	1	1	2	1	5	1	3	1	4	5	4	5	5	4	5	4	4	3	2	4	3	3	4	2	1	5	2	3	3	4	5	3	5	1	3	1	1	5	5	5	2	4	1	0
10180053	3	3	2	3	4	5	2	2	3	4	5	4	5	1	3	1	1	3	5	2	3	5	3	1	2	3	3	1	2	3	1	4	2	3	2	2	3	5	3	1	3	1	2	4	3	2	2	2	3	4	3	3	4	5	2	2	2	2	4	2	2	3	4	2	3	2	5	3	2	2	1	3	1	2	3	2	1	3	2	2	2	3	3	2	3	4	2	3	4	2	3	3	2	5	4	2	2	3	2	3	4	2	1	3	2	2	4	3	2	2	2	1	0
10180058	5	1	1	5	4	5	4	5	5	4	4	1	3	3	5	1	2	5	5	4	1	5	5	5	5	5	5	4	4	4	3	5	2	5	5	2	4	5	5	2	5	5	5	5	5	2	2	3	5	2	5	4	5	5	4	5	5	2	5	5	2	5	5	5	2	5	5	5	5	5	3	2	2	4	4	5	2	5	5	4	4	5	5	4	2	5	5	2	5	5	2	2	2	5	5	3	4	4	5	5	4	5	1	4	1	5	5	5	5	5	5	1	0
12150078	3	3	3	3	3	3	3	3	3	3	3	3	3	3	3	3	3	3	3	3	3	3	3	3	3	3	3	3	3	3	3	3	3	3	3	3	3	3	3	3	3	3	3	3	3	3	3	3	3	3	3	3	3	3	3	3	4	2	4	4	4	4	4	4	4	4	5	4	3	3	5	2	3	3	2	5	3	5	4	3	3	3	3	3	1	5	3	2	4	3	4	3	2	3	2	4	2	3	4	5	3	5	3	4	2	4	3	3	4	5	5	1	0
