     1.000     4.000     1.000     4.000     1.000    -1.162
     2.000     2.000     3.000     3.000     1.000     0.209
     2.000     3.000     1.000     4.000     1.000    -0.453
     2.000     2.000     2.000     3.000     2.000     0.190
     0.000     4.000     0.000     4.000     1.000    -1.650
     3.000     2.000     3.000     4.000     3.000     0.454
     2.000     3.000     2.000     3.000     1.000    -0.189
     2.000     1.000     3.000     3.000     2.000     0.554
     3.000     1.000     2.000     2.000     2.000     0.963
     2.000     3.000     2.000     3.000     1.000    -0.189
     3.000     1.000     2.000     3.000     1.000     0.752
     1.000     3.000     3.000     2.000     0.000    -0.348
     2.000     1.000     2.000     2.000     2.000     0.644
     2.000     3.000     2.000     2.000     1.000    -0.015
     3.000     2.000     1.000     2.000     2.000     0.601
     3.000     2.000     2.000     3.000     2.000     0.508
     3.000     2.000     2.000     3.000     0.000     0.391
     1.000     4.000     0.000     4.000     0.000    -1.335
     0.000     3.000     1.000     3.000     0.000    -1.022
     3.000     3.000     0.000     2.000     2.000     0.225
     2.000     2.000     2.000     3.000     2.000     0.190
     2.000     3.000     2.000     2.000     2.000     0.037
     2.000     0.000     4.000     2.000     2.000     1.100
     3.000     1.000     3.000     2.000     2.000     1.033
     3.000     3.000     1.000     3.000     1.000     0.077
     3.000     2.000     2.000     3.000     1.000     0.458
     2.000     2.000     1.000     3.000     1.000     0.070
     2.000     2.000     3.000     3.000     2.000     0.260
     2.000     4.000     4.000     3.000     1.000    -0.422
     2.000     2.000     2.000     2.000     2.000     0.352
     3.000     3.000     2.000     3.000     2.000     0.199
     4.000     2.000     2.000     2.000     3.000     1.064
     2.000     2.000     2.000     2.000     2.000     0.352
     1.000     3.000     1.000     3.000     1.000    -0.593
     2.000     3.000     2.000     4.000     0.000    -0.458
     2.000     1.000     2.000     3.000     3.000     0.541
     1.000     3.000     2.000     3.000     0.000    -0.600
     2.000     2.000     2.000     2.000     2.000     0.352
     2.000     3.000     2.000     2.000     1.000    -0.015
     4.000     1.000     4.000     2.000     3.000     1.518
     1.000     3.000     1.000     4.000     0.000    -0.870
     3.000     1.000     3.000     2.000     1.000     0.982
     3.000     2.000     2.000     2.000     1.000     0.619
     2.000     3.000     1.000     2.000     3.000     0.025
     2.000     1.000     0.000     1.000     4.000     0.793
     3.000     2.000     2.000     3.000     1.000     0.458
     2.000     3.000     2.000     3.000     0.000    -0.264
     2.000     1.000     2.000     2.000     2.000     0.644
     1.000     4.000     2.000     4.000     0.000    -1.175
     3.000     3.000     2.000     3.000     1.000     0.147
     3.000     1.000     3.000     1.000     4.000     1.328
     3.000     3.000     1.000     1.000     1.000     0.407
     1.000     3.000     2.000     3.000     1.000    -0.522
     3.000     2.000     3.000     2.000     3.000     0.797
     2.000     2.000     0.000     1.000     2.000     0.375
     1.000     3.000     0.000     1.000     2.000    -0.272
     2.000     2.000     2.000     2.000     0.000     0.234
     1.000     3.000     2.000     3.000     2.000    -0.469
     1.000     4.000     1.000     3.000     0.000    -1.039
     2.000     2.000     2.000     2.000     2.000     0.352
     4.000     1.000     2.000     3.000     0.000     1.025
     2.000     3.000     0.000     2.000     3.000    -0.048
     2.000     2.000     3.000     1.000     0.000     0.465
     4.000     1.000     3.000     2.000     0.000     1.260
     1.000     3.000     3.000     3.000     3.000    -0.337
     3.000     3.000     1.000     2.000     1.000     0.244
     2.000     3.000     3.000     3.000     3.000    -0.002
     4.000     2.000     4.000     1.000     3.000     1.377
     2.000     3.000     2.000     3.000     1.000    -0.189
     2.000     3.000     3.000     3.000     1.000    -0.114
     2.000     3.000     2.000     3.000     2.000    -0.135
     1.000     4.000     2.000     3.000     0.000    -0.968
     0.000     3.000     1.000     1.000     1.000    -0.600
     2.000     3.000     2.000     1.000     1.000     0.151
     2.000     2.000     2.000     3.000     1.000     0.139
     2.000     3.000     2.000     3.000     1.000    -0.189
     3.000     1.000     3.000     2.000     2.000     1.033
     3.000     1.000     2.000     2.000     2.000     0.963
     0.000     3.000     2.000     4.000     3.000    -0.958
     1.000     3.000     0.000     2.000     0.000    -0.568
     4.000     2.000     0.000     1.000     2.000     1.031
     0.000     4.000     1.000     3.000     2.000    -1.258
     2.000     3.000     2.000     3.000     0.000    -0.264
     3.000     2.000     1.000     3.000     2.000     0.440
     1.000     3.000     3.000     4.000     0.000    -0.721
     2.000     1.000     2.000     2.000     0.000     0.529
     1.000     2.000     0.000     4.000     3.000    -0.392
     3.000     2.000     2.000     2.000     0.000     0.553
     4.000     3.000     3.000     3.000     1.000     0.568
     3.000     2.000     4.000     2.000     0.000     0.696
     2.000     3.000     0.000     3.000     0.000    -0.412
     3.000     3.000     0.000     4.000     0.000    -0.255
     1.000     3.000     1.000     3.000     1.000    -0.593
     2.000     3.000     2.000     3.000     1.000    -0.189
     3.000     0.000     4.000     3.000     4.000     1.398
     3.000     3.000     2.000     3.000     3.000     0.257
     1.000     3.000     3.000     4.000     2.000    -0.587
     1.000     3.000     1.000     4.000     1.000    -0.789
     3.000     2.000     1.000     3.000     1.000     0.389
     3.000     2.000     2.000     1.000     2.000     0.831
     1.000     3.000     2.000     3.000     0.000    -0.600
     2.000     3.000     3.000     3.000     3.000    -0.002
     3.000     2.000     1.000     3.000     3.000     0.496
     2.000     2.000     2.000     4.000     3.000     0.065
     3.000     1.000     3.000     2.000     1.000     0.982
     2.000     3.000     1.000     3.000     0.000    -0.336
     3.000     2.000     2.000     1.000     1.000     0.780
     3.000     3.000     2.000     2.000     3.000     0.422
     2.000     3.000     2.000     3.000     2.000    -0.135
     4.000     3.000     3.000     3.000     0.000     0.503
     2.000     2.000     2.000     3.000     0.000     0.070
     3.000     3.000     2.000     3.000     1.000     0.147
     2.000     3.000     2.000     4.000     2.000    -0.327
     2.000     3.000     0.000     4.000     0.000    -0.608
     2.000     3.000     2.000     2.000     2.000     0.037
     0.000     4.000     2.000     4.000     0.000    -1.572
     2.000     2.000     3.000     3.000     0.000     0.141
     0.000     3.000     1.000     4.000     0.000    -1.228
     1.000     3.000     0.000     4.000     0.000    -0.949
     2.000     2.000     2.000     2.000     2.000     0.352
     2.000     3.000     1.000     3.000     1.000    -0.260
     1.000     3.000     1.000     3.000     1.000    -0.593
     1.000     4.000     2.000     3.000     0.000    -0.968
     2.000     2.000     3.000     3.000     3.000     0.316
     3.000     1.000     3.000     1.000     3.000     1.255
     2.000     3.000     3.000     2.000     2.000     0.110
     2.000     2.000     2.000     2.000     1.000     0.302
     2.000     2.000     1.000     3.000     1.000     0.070
     2.000     2.000     3.000     4.000     3.000     0.136
     1.000     3.000     2.000     3.000     1.000    -0.522
     3.000     3.000     1.000     2.000     2.000     0.295
     2.000     4.000     1.000     4.000     0.000    -0.901
     1.000     2.000     1.000     1.000     3.000     0.173
     2.000     3.000     1.000     3.000     0.000    -0.336
     1.000     3.000     0.000     4.000     0.000    -0.949
     3.000     3.000     3.000     3.000     1.000     0.219
     1.000     3.000     0.000     3.000     0.000    -0.748
     2.000     2.000     0.000     2.000     0.000     0.096
     2.000     2.000     1.000     1.000     3.000     0.500
     3.000     3.000     3.000     3.000     2.000     0.271
     2.000     3.000     2.000     3.000     2.000    -0.135
     2.000     3.000     3.000     2.000     0.000    -0.014
     2.000     2.000     3.000     3.000     2.000     0.260
     3.000     3.000     2.000     3.000     1.000     0.147
     3.000     3.000     1.000     1.000     3.000     0.515
     0.000     3.000     1.000     4.000     0.000    -1.228
     2.000     2.000     3.000     2.000     1.000     0.372
     2.000     4.000     2.000     3.000     2.000    -0.513
     1.000     3.000     1.000     3.000     2.000    -0.540
     2.000     2.000     2.000     4.000     2.000     0.009
     0.000     4.000     1.000     3.000     0.000    -1.406
     0.000     3.000     0.000     3.000     3.000    -0.908
     1.000     3.000     2.000     3.000     1.000    -0.522
     2.000     1.000     0.000     4.000     0.000     0.052
     3.000     3.000     2.000     1.000     3.000     0.585
     1.000     3.000     2.000     3.000     1.000    -0.522
     3.000     1.000     3.000     3.000     3.000     0.930
     2.000     2.000     2.000     3.000     0.000     0.070
     1.000     3.000     1.000     3.000     1.000    -0.593
     3.000     4.000     1.000     2.000     0.000    -0.209
     2.000     2.000     1.000     3.000     1.000     0.070
     2.000     3.000     1.000     4.000     0.000    -0.530
     2.000     4.000     3.000     2.000     0.000    -0.397
     0.000     3.000     0.000     3.000     2.000    -0.966
     4.000     0.000     1.000     2.000     3.000     1.628
     3.000     2.000     3.000     3.000     0.000     0.461
     1.000     3.000     1.000     3.000     0.000    -0.671
     3.000     2.000     2.000     3.000     1.000     0.458
     1.000     4.000     2.000     4.000     1.000    -1.089
     1.000     3.000     0.000     4.000     1.000    -0.867
     0.000     4.000     0.000     4.000     0.000    -1.765
     2.000     2.000     2.000     2.000     2.000     0.352
     1.000     3.000     1.000     3.000     1.000    -0.593
     4.000     1.000     2.000     2.000     3.000     1.365
     4.000     2.000     3.000     1.000     3.000     1.300
     1.000     2.000     1.000     3.000     0.000    -0.318
     2.000     3.000     3.000     4.000     1.000    -0.305
     2.000     3.000     1.000     2.000     2.000    -0.033
     3.000     1.000     2.000     2.000     2.000     0.963
     1.000     3.000     1.000     3.000     0.000    -0.671
     2.000     2.000     2.000     2.000     1.000     0.302
     2.000     2.000     3.000     3.000     0.000     0.141
     3.000     2.000     2.000     3.000     0.000     0.391
     3.000     3.000     1.000     4.000     0.000    -0.181
     3.000     1.000     1.000     2.000     2.000     0.894
     3.000     2.000     3.000     2.000     1.000     0.689
     1.000     3.000     3.000     3.000     3.000    -0.337
     3.000     2.000     2.000     3.000     2.000     0.508
     2.000     2.000     2.000     3.000     2.000     0.190
     1.000     2.000     0.000     3.000     3.000    -0.213
     2.000     3.000     4.000     3.000     3.000     0.072
     1.000     2.000     2.000     4.000     4.000    -0.185
     2.000     3.000     1.000     3.000     2.000    -0.207
     4.000     1.000     0.000     1.000     0.000     1.214
     1.000     4.000     3.000     4.000     0.000    -1.096
     2.000     2.000     1.000     3.000     2.000     0.121
     2.000     3.000     1.000     3.000     1.000    -0.260
     3.000     3.000     2.000     3.000     0.000     0.076
     1.000     3.000     2.000     4.000     0.000    -0.797
     2.000     1.000     2.000     3.000     0.000     0.369
     3.000     2.000     1.000     2.000     1.000     0.551
     2.000     3.000     3.000     2.000     2.000     0.110
     1.000     3.000     2.000     3.000     1.000    -0.522
     4.000     0.000     4.000     2.000     0.000     1.677
     2.000     2.000     3.000     3.000     0.000     0.141
     1.000     4.000     3.000     2.000     1.000    -0.640
     1.000     3.000     1.000     4.000     3.000    -0.676
     1.000     4.000     2.000     3.000     0.000    -0.968
     3.000     2.000     4.000     4.000     4.000     0.598
     3.000     2.000     2.000     3.000     1.000     0.458
     3.000     0.000     3.000     1.000     1.000     1.466
     1.000     2.000     1.000     4.000     1.000    -0.427
     3.000     3.000     2.000     3.000     2.000     0.199
     2.000     2.000     2.000     4.000     1.000    -0.042
     3.000     3.000     1.000     4.000     0.000    -0.181
     3.000     2.000     3.000     1.000     3.000     0.959
     1.000     3.000     1.000     3.000     2.000    -0.540
     2.000     2.000     1.000     3.000     2.000     0.121
     2.000     2.000     1.000     2.000     2.000     0.284
     3.000     1.000     2.000     2.000     2.000     0.963
     1.000     4.000     0.000     4.000     4.000    -1.051
     3.000     3.000     1.000     2.000     1.000     0.244
     3.000     3.000     1.000     2.000     1.000     0.244
     2.000     2.000     2.000     3.000     3.000     0.246
     1.000     3.000     1.000     3.000     0.000    -0.671
     4.000     2.000     4.000     1.000     2.000     1.317
     1.000     4.000     4.000     4.000     1.000    -0.936
     3.000     2.000     3.000     2.000     3.000     0.797
     2.000     3.000     2.000     3.000     0.000    -0.264
     3.000     2.000     1.000     2.000     3.000     0.658
     1.000     3.000     1.000     3.000     4.000    -0.408
     1.000     4.000     1.000     4.000     1.000    -1.162
     1.000     3.000     2.000     2.000     1.000    -0.347
     2.000     3.000     2.000     3.000     1.000    -0.189
     2.000     2.000     3.000     2.000     0.000     0.305
     3.000     3.000     2.000     3.000     2.000     0.199
     3.000     1.000     3.000     2.000     1.000     0.982
     2.000     3.000     1.000     3.000     1.000    -0.260
     3.000     1.000     2.000     2.000     1.000     0.912
     2.000     3.000     2.000     3.000     1.000    -0.189
     2.000     2.000     1.000     2.000     1.000     0.234
     3.000     3.000     1.000     3.000     2.000     0.129
     0.000     4.000     0.000     4.000     0.000    -1.765
     2.000     2.000     2.000     2.000     3.000     0.409
     2.000     4.000     4.000     1.000     0.000    -0.166
     1.000     4.000     1.000     2.000     0.000    -0.858
     2.000     2.000     2.000     2.000     1.000     0.302
     3.000     1.000     1.000     2.000     4.000     1.023
     1.000     3.000     1.000     4.000     3.000    -0.676
     2.000     3.000     1.000     2.000     0.000    -0.160
     3.000     4.000     3.000     4.000     3.000    -0.239
     4.000     1.000     2.000     1.000     1.000     1.423
     3.000     1.000     2.000     2.000     1.000     0.912
     2.000     2.000     3.000     2.000     1.000     0.372
     3.000     3.000     0.000     3.000     3.000     0.115
     3.000     3.000     3.000     3.000     3.000     0.328
     2.000     4.000     0.000     2.000     2.000    -0.484
     1.000     3.000     2.000     3.000     0.000    -0.600
     1.000     3.000     2.000     3.000     2.000    -0.469
     1.000     2.000     3.000     3.000     0.000    -0.181
     1.000     3.000     2.000     3.000     0.000    -0.600
     3.000     2.000     3.000     3.000     3.000     0.636
     2.000     3.000     2.000     4.000     2.000    -0.327
     3.000     3.000     1.000     3.000     0.000     0.006
     2.000     2.000     3.000     1.000     0.000     0.465
     4.000     1.000     1.000     1.000     3.000     1.464
     1.000     4.000     1.000     4.000     0.000    -1.250
     2.000     3.000     1.000     3.000     0.000    -0.336
     0.000     4.000     0.000     3.000     0.000    -1.496
     0.000     3.000     2.000     3.000     0.000    -0.952
     2.000     3.000     2.000     3.000     2.000    -0.135
     3.000     1.000     2.000     2.000     2.000     0.963
     3.000     1.000     2.000     2.000     1.000     0.912
     2.000     3.000     2.000     3.000     2.000    -0.135
     3.000     3.000     1.000     2.000     2.000     0.295
     2.000     2.000     2.000     3.000     2.000     0.190
     4.000     2.000     1.000     2.000     0.000     0.823
     4.000     2.000     2.000     3.000     2.000     0.848
     4.000     1.000     2.000     3.000     3.000     1.200
     2.000     3.000     2.000     2.000     0.000    -0.088
     1.000     3.000     2.000     3.000     2.000    -0.469
     3.000     2.000     2.000     3.000     1.000     0.458
     3.000     3.000     2.000     4.000     0.000    -0.111
     2.000     2.000     2.000     2.000     2.000     0.352
     1.000     3.000     2.000     3.000     2.000    -0.469
     4.000     3.000     3.000     3.000     0.000     0.503
     1.000     4.000     1.000     4.000     1.000    -1.162
     1.000     3.000     0.000     2.000     0.000    -0.568
     2.000     3.000     2.000     3.000     3.000    -0.076
     2.000     2.000     3.000     3.000     2.000     0.260
     3.000     1.000     3.000     3.000     4.000     1.002
     0.000     3.000     2.000     4.000     0.000    -1.155
     1.000     1.000     0.000     4.000     0.000    -0.263
     1.000     4.000     0.000     2.000     1.000    -0.855
     0.000     3.000     2.000     4.000     1.000    -1.071
     0.000     3.000     1.000     4.000     1.000    -1.143
     2.000     2.000     2.000     3.000     1.000     0.139
     2.000     3.000     2.000     3.000     3.000    -0.076
     2.000     3.000     0.000     3.000     2.000    -0.282
     2.000     2.000     3.000     3.000     1.000     0.209
     2.000     3.000     2.000     2.000     2.000     0.037
     2.000     3.000     1.000     3.000     1.000    -0.260
     0.000     4.000     2.000     4.000     3.000    -1.343
     4.000     2.000     3.000     1.000     3.000     1.300
     2.000     3.000     3.000     4.000     2.000    -0.252
     2.000     3.000     2.000     3.000     0.000    -0.264
     3.000     2.000     2.000     3.000     1.000     0.458
     2.000     2.000     4.000     0.000     0.000     0.742
     1.000     4.000     1.000     3.000     0.000    -1.039
     2.000     3.000     2.000     3.000     1.000    -0.189
     3.000     3.000     2.000     4.000     0.000    -0.111
     1.000     3.000     1.000     4.000     0.000    -0.870
     1.000     3.000     1.000     4.000     0.000    -0.870
     1.000     2.000     2.000     3.000     1.000    -0.181
     4.000     2.000     3.000     4.000     2.000     0.737
     2.000     3.000     2.000     3.000     3.000    -0.076
     3.000     2.000     3.000     3.000     3.000     0.636
     2.000     2.000     0.000     3.000     0.000    -0.070
     1.000     3.000     3.000     3.000     2.000    -0.395
     2.000     1.000     2.000     2.000     2.000     0.644
     1.000     3.000     1.000     2.000     0.000    -0.493
     3.000     1.000     2.000     2.000     3.000     1.021
     2.000     3.000     2.000     2.000     1.000    -0.015
     2.000     2.000     2.000     2.000     1.000     0.302
     3.000     3.000     1.000     3.000     1.000     0.077
     0.000     3.000     3.000     4.000     0.000    -1.078
     2.000     2.000     1.000     3.000     0.000     0.001
     3.000     1.000     2.000     3.000     4.000     0.932
     3.000     2.000     2.000     2.000     2.000     0.670
     3.000     2.000     3.000     2.000     2.000     0.740
     1.000     4.000     1.000     3.000     0.000    -1.039
     1.000     4.000     4.000     4.000     0.000    -1.019
     2.000     2.000     3.000     2.000     0.000     0.305
     2.000     3.000     3.000     4.000     2.000    -0.252
     2.000     3.000     1.000     3.000     2.000    -0.207
     1.000     4.000     2.000     4.000     3.000    -0.974
     2.000     3.000     3.000     3.000     0.000    -0.189
     2.000     3.000     1.000     3.000     1.000    -0.260
     1.000     3.000     1.000     3.000     0.000    -0.671
     2.000     2.000     0.000     2.000     0.000     0.096
     1.000     2.000     2.000     3.000     1.000    -0.181
     3.000     2.000     2.000     2.000     1.000     0.619
     1.000     3.000     3.000     2.000     2.000    -0.222
     2.000     4.000     3.000     4.000     2.000    -0.627
     2.000     3.000     3.000     3.000     2.000    -0.061
     2.000     2.000     2.000     3.000     1.000     0.139
     2.000     1.000     1.000     3.000     1.000     0.367
     2.000     3.000     2.000     3.000     1.000    -0.189
     2.000     3.000     1.000     3.000     1.000    -0.260
     1.000     3.000     2.000     3.000     1.000    -0.522
     2.000     4.000     0.000     4.000     0.000    -0.979
     2.000     3.000     1.000     2.000     3.000     0.025
     2.000     3.000     1.000     2.000     3.000     0.025
     4.000     2.000     0.000     2.000     0.000     0.756
     1.000     1.000     2.000     2.000     1.000     0.269
     2.000     3.000     1.000     3.000     1.000    -0.260
     1.000     4.000     1.000     3.000     2.000    -0.905
     2.000     3.000     2.000     2.000     2.000     0.037
     1.000     4.000     1.000     4.000     0.000    -1.250
     2.000     4.000     3.000     3.000     1.000    -0.493
     2.000     4.000     0.000     4.000     4.000    -0.715
     3.000     3.000     3.000     4.000     2.000     0.086
     4.000     0.000     4.000     2.000     3.000     1.870
     3.000     1.000     2.000     2.000     0.000     0.848
     2.000     2.000     2.000     2.000     2.000     0.352
     2.000     3.000     3.000     4.000     0.000    -0.382
     2.000     2.000     2.000     3.000     1.000     0.139
     3.000     2.000     4.000     3.000     0.000     0.534
     0.000     4.000     2.000     4.000     1.000    -1.469
     1.000     3.000     1.000     3.000     1.000    -0.593
     3.000     2.000     2.000     1.000     2.000     0.831
     1.000     3.000     2.000     2.000     1.000    -0.347
     3.000     2.000     2.000     3.000     3.000     0.565
     2.000     2.000     2.000     3.000     2.000     0.190
     2.000     2.000     2.000     2.000     0.000     0.234
     3.000     2.000     2.000     2.000     2.000     0.670
     2.000     3.000     2.000     4.000     0.000    -0.458
     1.000     4.000     1.000     4.000     3.000    -1.047
     2.000     2.000     2.000     2.000     2.000     0.352
     1.000     2.000     1.000     2.000     0.000    -0.154
     3.000     1.000     2.000     1.000     2.000     1.126
     2.000     4.000     4.000     2.000     3.000    -0.150
     2.000     3.000     2.000     3.000     2.000    -0.135
     1.000     2.000     1.000     3.000     2.000    -0.198
     1.000     3.000     2.000     4.000     0.000    -0.797
     3.000     3.000     1.000     3.000     1.000     0.077
     3.000     1.000     2.000     3.000     2.000     0.803
