     0.000     0.000     4.000     0.000     2.000    -1.287
     1.000     1.000     1.000     0.000     3.000    -0.142
     0.000     0.000     1.000     0.000     0.000    -1.050
     0.000     0.000     0.000     0.000     2.000    -0.800
     3.000     2.000     2.000     2.000     1.000     0.727
     0.000     2.000     4.000     1.000     1.000    -0.313
     1.000     1.000     3.000     1.000     2.000    -0.222
     1.000     2.000     2.000     2.000     2.000     0.259
     1.000     1.000     3.000     1.000     1.000    -0.260
     1.000     1.000     3.000     0.000     0.000    -0.427
     2.000     2.000     3.000     1.000     3.000     0.399
     3.000     3.000     3.000     2.000     1.000     0.988
     0.000     2.000     4.000     2.000     0.000    -0.287
     0.000     1.000     4.000     0.000     1.000    -0.823
     1.000     1.000     1.000     1.000     1.000    -0.115
     0.000     0.000     4.000     4.000     3.000    -0.728
     1.000     3.000     1.000     3.000     3.000     0.768
     0.000     1.000     3.000     2.000     0.000    -0.548
     1.000     2.000     3.000     0.000     4.000     0.101
     2.000     3.000     1.000     2.000     4.000     1.007
     1.000     2.000     0.000     0.000     2.000     0.241
     1.000     1.000     3.000     1.000     1.000    -0.260
     1.000     1.000     3.000     2.000     2.000    -0.138
     0.000     0.000     3.000     0.000     3.000    -1.064
     1.000     1.000     3.000     1.000     1.000    -0.260
     2.000     2.000     3.000     0.000     1.000     0.229
     1.000     1.000     3.000     1.000     2.000    -0.222
     0.000     0.000     3.000     0.000     0.000    -1.277
     2.000     2.000     1.000     0.000     3.000     0.444
     2.000     1.000     3.000     0.000     2.000    -0.056
     0.000     3.000     3.000     0.000     1.000     0.020
     1.000     1.000     3.000     1.000     0.000    -0.317
     1.000     1.000     3.000     2.000     1.000    -0.177
     0.000     1.000     4.000     0.000     3.000    -0.733
     3.000     3.000     3.000     2.000     4.000     1.129
     1.000     1.000     1.000     1.000     1.000    -0.115
     0.000     1.000     3.000     4.000     3.000    -0.224
     1.000     1.000     3.000     0.000     2.000    -0.329
     1.000     1.000     3.000     1.000     4.000    -0.127
     0.000     2.000     3.000     2.000     4.000     0.002
     0.000     0.000     3.000     2.000     4.000    -0.739
     0.000     1.000     3.000     0.000     1.000    -0.703
     0.000     0.000     3.000     0.000     3.000    -1.064
     2.000     1.000     3.000     0.000     1.000    -0.094
     0.000     0.000     1.000     0.000     0.000    -1.050
     2.000     3.000     2.000     2.000     4.000     0.934
     1.000     1.000     3.000     1.000     2.000    -0.222
     1.000     1.000     3.000     1.000     0.000    -0.317
     0.000     2.000     2.000     3.000     3.000     0.102
     1.000     3.000     3.000     2.000     1.000     0.471
     0.000     0.000     4.000     0.000     0.000    -1.476
     0.000     2.000     4.000     2.000     0.000    -0.287
     1.000     2.000     1.000     1.000     1.000     0.210
     1.000     1.000     3.000     1.000     2.000    -0.222
     0.000     0.000     0.000     0.000     0.000    -0.924
     1.000     0.000     3.000     2.000     1.000    -0.538
     1.000     2.000     2.000     2.000     3.000     0.297
     3.000     3.000     1.000     3.000     3.000     1.298
     2.000     4.000     3.000     4.000     3.000     1.354
     2.000     2.000     2.000     2.000     3.000     0.549
     0.000     0.000     3.000     0.000     2.000    -1.119
     1.000     2.000     2.000     2.000     0.000     0.169
     0.000     1.000     3.000     0.000     2.000    -0.658
     0.000     1.000     4.000     0.000     3.000    -0.733
     0.000     1.000     3.000     0.000     1.000    -0.703
     3.000     3.000     3.000     2.000     4.000     1.129
     0.000     1.000     2.000     0.000     1.000    -0.613
     2.000     4.000     2.000     0.000     0.000     0.967
     2.000     3.000     1.000     1.000     1.000     0.786
     1.000     0.000     0.000     0.000     1.000    -0.493
     1.000     2.000     2.000     2.000     1.000     0.222
     1.000     2.000     3.000     0.000     2.000     0.007
     3.000     3.000     1.000     3.000     4.000     1.362
     2.000     4.000     0.000     2.000     4.000     1.484
     2.000     2.000     2.000     2.000     1.000     0.475
     3.000     2.000     2.000     3.000     3.000     0.880
     2.000     1.000     1.000     0.000     2.000     0.087
     0.000     0.000     4.000     1.000     3.000    -1.041
     0.000     3.000     0.000     0.000     1.000     0.250
     0.000     0.000     1.000     0.000     3.000    -0.867
     1.000     1.000     3.000     2.000     0.000    -0.233
     3.000     3.000     2.000     2.000     4.000     1.202
     0.000     2.000     2.000     2.000     3.000     0.021
     0.000     0.000     4.000     0.000     1.000    -1.356
     0.000     2.000     4.000     0.000     2.000    -0.384
     1.000     1.000     3.000     1.000     2.000    -0.222
     1.000     2.000     2.000     0.000     0.000    -0.011
     1.000     0.000     3.000     0.000     0.000    -0.797
     2.000     3.000     2.000     3.000     4.000     1.016
     0.000     0.000     4.000     1.000     0.000    -1.245
     3.000     3.000     2.000     2.000     1.000     1.060
     0.000     0.000     3.000     2.000     2.000    -0.848
     1.000     3.000     3.000     2.000     3.000     0.546
     2.000     2.000     3.000     2.000     3.000     0.479
     0.000     0.000     0.000     1.000     2.000    -0.666
     0.000     3.000     1.000     1.000     3.000     0.330
     2.000     2.000     2.000     2.000     4.000     0.606
     3.000     3.000     1.000     3.000     3.000     1.298
     2.000     1.000     3.000     1.000     1.000     0.008
     1.000     2.000     3.000     1.000     0.000     0.015
     2.000     1.000     3.000     3.000     3.000     0.243
     2.000     1.000     2.000     1.000     1.000     0.081
     1.000     3.000     1.000     3.000     4.000     0.828
     1.000     1.000     3.000     2.000     4.000    -0.043
     3.000     3.000     0.000     0.000     3.000     1.133
     1.000     2.000     1.000     1.000     4.000     0.341
     1.000     3.000     3.000     1.000     3.000     0.465
     0.000     1.000     3.000     0.000     0.000    -0.771
     1.000     1.000     1.000     0.000     1.000    -0.220
     4.000     3.000     2.000     4.000     4.000     1.684
     1.000     3.000     2.000     2.000     2.000     0.579
     2.000     2.000     2.000     1.000     3.000     0.469
     0.000     0.000     3.000     1.000     3.000    -0.904
     0.000     1.000     4.000     3.000     2.000    -0.463
     1.000     2.000     1.000     1.000     2.000     0.247
     2.000     1.000     3.000     3.000     3.000     0.243
     0.000     0.000     4.000     0.000     0.000    -1.476
     2.000     3.000     1.000     0.000     1.000     0.692
     2.000     2.000     1.000     2.000     3.000     0.618
     1.000     1.000     2.000     1.000     3.000    -0.107
     0.000     0.000     0.000     0.000     1.000    -0.848
     0.000     0.000     4.000     1.000     1.000    -1.151
     0.000     0.000     4.000     3.000     4.000    -0.762
     1.000     1.000     3.000     1.000     1.000    -0.260
     1.000     1.000     1.000     1.000     3.000    -0.038
     1.000     1.000     3.000     3.000     3.000    -0.017
     1.000     1.000     3.000     0.000     0.000    -0.427
     2.000     2.000     2.000     2.000     4.000     0.606
     1.000     2.000     1.000     0.000     4.000     0.243
     2.000     2.000     3.000     2.000     3.000     0.479
     1.000     2.000     3.000     1.000     2.000     0.106
     3.000     3.000     1.000     3.000     4.000     1.362
     3.000     2.000     1.000     3.000     1.000     0.875
     1.000     2.000     3.000     3.000     3.000     0.305
     3.000     4.000     1.000     3.000     0.000     1.545
     1.000     1.000     4.000     1.000     1.000    -0.362
     1.000     1.000     2.000     3.000     3.000     0.058
     2.000     2.000     0.000     2.000     0.000     0.583
     0.000     0.000     0.000     0.000     0.000    -0.924
     1.000     2.000     3.000     2.000     4.000     0.281
     3.000     2.000     2.000     2.000     0.000     0.677
     0.000     0.000     0.000     0.000     0.000    -0.924
     1.000     2.000     3.000     2.000     2.000     0.187
     1.000     1.000     1.000     0.000     2.000    -0.181
     2.000     1.000     2.000     1.000     2.000     0.118
     0.000     0.000     4.000     0.000     1.000    -1.356
     3.000     2.000     1.000     0.000     0.000     0.573
     0.000     1.000     4.000     1.000     3.000    -0.604
     1.000     1.000     3.000     1.000     2.000    -0.222
     0.000     0.000     3.000     0.000     3.000    -1.064
     3.000     3.000     3.000     3.000     4.000     1.213
     2.000     2.000     0.000     2.000     0.000     0.583
     1.000     1.000     3.000     1.000     1.000    -0.260
     1.000     0.000     2.000     0.000     1.000    -0.654
     3.000     4.000     1.000     3.000     3.000     1.676
     3.000     3.000     0.000     2.000     3.000     1.315
     1.000     1.000     3.000     1.000     2.000    -0.222
     1.000     1.000     3.000     2.000     3.000    -0.099
     1.000     2.000     3.000     1.000     2.000     0.106
     3.000     2.000     1.000     3.000     2.000     0.911
     2.000     2.000     1.000     1.000     2.000     0.500
     0.000     1.000     2.000     1.000     0.000    -0.553
     3.000     3.000     2.000     2.000     1.000     1.060
     2.000     3.000     2.000     2.000     2.000     0.834
     1.000     1.000     2.000     1.000     1.000    -0.183
     0.000     0.000     3.000     0.000     3.000    -1.064
     0.000     0.000     4.000     3.000     1.000    -0.922
     1.000     1.000     3.000     2.000     3.000    -0.099
     0.000     1.000     3.000     0.000     2.000    -0.658
     1.000     2.000     1.000     2.000     1.000     0.291
     0.000     3.000     2.000     1.000     4.000     0.317
     2.000     2.000     2.000     2.000     1.000     0.475
     1.000     2.000     1.000     1.000     1.000     0.210
     1.000     2.000     2.000     3.000     1.000     0.302
     2.000     2.000     2.000     2.000     3.000     0.549
     2.000     2.000     1.000     0.000     2.000     0.406
     1.000     2.000     2.000     1.000     3.000     0.217
     2.000     2.000     3.000     2.000     3.000     0.479
     1.000     1.000     3.000     1.000     0.000    -0.317
     1.000     4.000     1.000     4.000     0.000     1.117
     0.000     1.000     3.000     0.000     3.000    -0.615
     0.000     1.000     4.000     1.000     2.000    -0.647
     0.000     1.000     4.000     0.000     0.000    -0.895
     0.000     0.000     2.000     0.000     2.000    -1.005
     3.000     2.000     3.000     0.000     0.000     0.433
     0.000     1.000     0.000     0.000     0.000    -0.498
     2.000     3.000     1.000     1.000     3.000     0.863
     1.000     1.000     3.000     0.000     3.000    -0.290
     1.000     2.000     1.000     0.000     0.000     0.057
     1.000     2.000     2.000     3.000     4.000     0.433
     2.000     2.000     3.000     1.000     1.000     0.324
     0.000     0.000     0.000     1.000     2.000    -0.666
     2.000     2.000     2.000     1.000     1.000     0.395
     0.000     1.000     4.000     0.000     4.000    -0.670
     2.000     3.000     1.000     2.000     1.000     0.869
     0.000     0.000     4.000     0.000     1.000    -1.356
     2.000     2.000     1.000     0.000     2.000     0.406
     0.000     1.000     2.000     2.000     3.000    -0.319
     3.000     3.000     1.000     3.000     2.000     1.257
     1.000     1.000     3.000     0.000     4.000    -0.233
     2.000     2.000     2.000     2.000     4.000     0.606
     2.000     2.000     3.000     2.000     2.000     0.441
     0.000     0.000     0.000     1.000     2.000    -0.666
     0.000     0.000     3.000     2.000     0.000    -0.973
     3.000     3.000     1.000     2.000     4.000     1.278
     1.000     1.000     3.000     0.000     3.000    -0.290
     2.000     3.000     1.000     3.000     3.000     1.028
     0.000     1.000     3.000     1.000     1.000    -0.576
     0.000     0.000     4.000     0.000     0.000    -1.476
     0.000     2.000     1.000     1.000     3.000     0.008
     1.000     1.000     3.000     1.000     4.000    -0.127
     0.000     0.000     3.000     0.000     1.000    -1.178
     2.000     3.000     1.000     2.000     1.000     0.869
     0.000     2.000     4.000     2.000     4.000    -0.097
     1.000     1.000     3.000     2.000     4.000    -0.043
     3.000     3.000     2.000     3.000     3.000     1.222
     1.000     1.000     2.000     1.000     1.000    -0.183
     2.000     2.000     2.000     1.000     1.000     0.395
     2.000     1.000     2.000     2.000     4.000     0.291
     2.000     2.000     2.000     2.000     2.000     0.512
     2.000     1.000     1.000     2.000     0.000     0.176
     0.000     3.000     3.000     4.000     0.000     0.306
     1.000     2.000     2.000     3.000     3.000     0.377
     2.000     2.000     2.000     3.000     2.000     0.590
     0.000     1.000     4.000     1.000     0.000    -0.758
     1.000     1.000     1.000     1.000     1.000    -0.115
     1.000     1.000     1.000     2.000     4.000     0.101
     3.000     2.000     3.000     1.000     4.000     0.709
     1.000     1.000     3.000     1.000     2.000    -0.222
     1.000     2.000     3.000     1.000     3.000     0.144
     4.000     3.000     2.000     0.000     0.000     1.131
     2.000     4.000     1.000     3.000     3.000     1.405
     2.000     2.000     3.000     1.000     1.000     0.324
     1.000     1.000     3.000     1.000     2.000    -0.222
     0.000     0.000     3.000     0.000     2.000    -1.119
     2.000     2.000     3.000     2.000     3.000     0.479
     0.000     0.000     4.000     0.000     3.000    -1.224
     2.000     3.000     1.000     1.000     2.000     0.823
     0.000     1.000     3.000     0.000     0.000    -0.771
     3.000     3.000     2.000     1.000     2.000     1.014
     1.000     1.000     3.000     1.000     1.000    -0.260
     1.000     3.000     1.000     2.000     3.000     0.688
     2.000     2.000     1.000     4.000     4.000     0.839
     2.000     2.000     3.000     1.000     1.000     0.324
     1.000     1.000     2.000     1.000     2.000    -0.145
     0.000     0.000     4.000     2.000     0.000    -1.118
     0.000     1.000     2.000     1.000     0.000    -0.553
     2.000     1.000     1.000     1.000     2.000     0.185
     1.000     2.000     2.000     1.000     2.000     0.179
     1.000     1.000     3.000     1.000     3.000    -0.183
     1.000     2.000     1.000     2.000     3.000     0.366
     2.000     2.000     4.000     1.000     0.000     0.176
     3.000     3.000     1.000     1.000     4.000     1.192
     1.000     1.000     3.000     1.000     1.000    -0.260
     1.000     1.000     4.000     2.000     3.000    -0.200
     0.000     1.000     1.000     1.000     2.000    -0.376
     0.000     1.000     2.000     1.000     0.000    -0.553
     0.000     1.000     3.000     0.000     3.000    -0.615
     0.000     1.000     3.000     1.000     3.000    -0.491
     0.000     0.000     3.000     0.000     4.000    -0.990
     0.000     0.000     3.000     2.000     2.000    -0.848
     1.000     1.000     3.000     1.000     0.000    -0.317
     2.000     3.000     2.000     3.000     4.000     1.016
     1.000     2.000     2.000     0.000     3.000     0.119
     0.000     0.000     4.000     0.000     0.000    -1.476
     0.000     1.000     3.000     0.000     2.000    -0.658
     0.000     0.000     4.000     0.000     3.000    -1.224
     2.000     3.000     2.000     2.000     4.000     0.934
     0.000     0.000     4.000     1.000     0.000    -1.245
     0.000     0.000     4.000     1.000     2.000    -1.094
     2.000     3.000     2.000     2.000     1.000     0.797
     0.000     1.000     3.000     0.000     0.000    -0.771
     0.000     0.000     4.000     0.000     1.000    -1.356
     0.000     2.000     3.000     3.000     3.000     0.028
     1.000     1.000     3.000     1.000     1.000    -0.260
     2.000     2.000     1.000     1.000     2.000     0.500
     1.000     1.000     1.000     2.000     2.000     0.006
     2.000     1.000     3.000     0.000     0.000    -0.149
     2.000     2.000     1.000     1.000     4.000     0.594
     2.000     3.000     1.000     1.000     1.000     0.786
     3.000     3.000     2.000     2.000     3.000     1.139
     0.000     2.000     3.000     2.000     4.000     0.002
     0.000     2.000     3.000     2.000     3.000    -0.053
     1.000     1.000     1.000     1.000     2.000    -0.077
     2.000     2.000     2.000     0.000     3.000     0.375
     4.000     3.000     1.000     4.000     4.000     1.763
     1.000     1.000     3.000     2.000     1.000    -0.177
     3.000     3.000     1.000     2.000     4.000     1.278
     1.000     1.000     1.000     2.000     2.000     0.006
     1.000     1.000     3.000     1.000     1.000    -0.260
     2.000     2.000     2.000     1.000     1.000     0.395
     0.000     0.000     3.000     2.000     3.000    -0.802
     1.000     0.000     2.000     0.000     2.000    -0.615
     0.000     0.000     4.000     1.000     0.000    -1.245
     1.000     1.000     3.000     1.000     0.000    -0.317
     0.000     3.000     3.000     0.000     1.000     0.020
     1.000     3.000     1.000     1.000     2.000     0.567
     0.000     1.000     4.000     0.000     0.000    -0.895
     0.000     0.000     4.000     0.000     1.000    -1.356
     1.000     1.000     3.000     1.000     1.000    -0.260
     2.000     3.000     2.000     2.000     3.000     0.874
     1.000     1.000     3.000     1.000     1.000    -0.260
     0.000     3.000     2.000     4.000     4.000     0.559
     1.000     2.000     2.000     1.000     4.000     0.272
     1.000     2.000     3.000     0.000     1.000    -0.031
     4.000     0.000     3.000     0.000     2.000     0.138
     2.000     2.000     2.000     1.000     3.000     0.469
     0.000     0.000     4.000     0.000     0.000    -1.476
     0.000     0.000     0.000     0.000     3.000    -0.754
     1.000     1.000     1.000     1.000     1.000    -0.115
     3.000     2.000     1.000     3.000     4.000     1.007
     2.000     3.000     2.000     3.000     1.000     0.878
     0.000     0.000     1.000     0.000     1.000    -0.967
     0.000     1.000     3.000     0.000     1.000    -0.703
     3.000     2.000     2.000     0.000     1.000     0.556
     0.000     1.000     3.000     0.000     0.000    -0.771
     3.000     3.000     1.000     2.000     2.000     1.173
     1.000     1.000     2.000     0.000     2.000    -0.251
     1.000     1.000     2.000     0.000     3.000    -0.212
     2.000     2.000     2.000     2.000     2.000     0.512
     0.000     1.000     3.000     1.000     3.000    -0.491
     1.000     3.000     2.000     3.000     3.000     0.697
     1.000     2.000     1.000     3.000     3.000     0.446
     0.000     2.000     1.000     1.000     3.000     0.008
     2.000     3.000     1.000     2.000     3.000     0.946
     2.000     2.000     2.000     1.000     3.000     0.469
     1.000     0.000     2.000     2.000     2.000    -0.424
     0.000     1.000     4.000     2.000     3.000    -0.512
     1.000     1.000     3.000     2.000     2.000    -0.138
     1.000     1.000     3.000     0.000     0.000    -0.427
     0.000     1.000     4.000     2.000     3.000    -0.512
     1.000     2.000     1.000     4.000     3.000     0.529
     3.000     3.000     2.000     0.000     3.000     0.960
     2.000     2.000     1.000     1.000     1.000     0.464
     1.000     2.000     3.000     0.000     1.000    -0.031
     1.000     1.000     1.000     0.000     4.000    -0.085
     2.000     3.000     2.000     3.000     4.000     1.016
     0.000     0.000     1.000     1.000     1.000    -0.819
     2.000     3.000     2.000     1.000     3.000     0.791
     2.000     0.000     3.000     2.000     2.000    -0.235
     1.000     2.000     2.000     1.000     2.000     0.179
     1.000     1.000     2.000     0.000     0.000    -0.348
     2.000     3.000     2.000     2.000     0.000     0.745
     0.000     0.000     4.000     0.000     1.000    -1.356
     2.000     2.000     3.000     1.000     1.000     0.324
     1.000     2.000     3.000     0.000     1.000    -0.031
     0.000     0.000     3.000     1.000     1.000    -1.003
     0.000     1.000     1.000     0.000     1.000    -0.537
     1.000     2.000     2.000     0.000     0.000    -0.011
     0.000     1.000     0.000     0.000     1.000    -0.434
     0.000     2.000     3.000     0.000     3.000    -0.241
     2.000     1.000     1.000     1.000     2.000     0.185
     2.000     1.000     1.000     1.000     2.000     0.185
     0.000     0.000     4.000     0.000     2.000    -1.287
     0.000     1.000     2.000     2.000     1.000    -0.401
     1.000     2.000     3.000     1.000     2.000     0.106
     1.000     2.000     3.000     1.000     4.000     0.200
     0.000     2.000     4.000     0.000     2.000    -0.384
     3.000     4.000     0.000     3.000     4.000     1.853
     0.000     0.000     4.000     2.000     0.000    -1.118
     2.000     4.000     0.000     1.000     4.000     1.402
     2.000     2.000     2.000     2.000     4.000     0.606
     1.000     1.000     3.000     0.000     2.000    -0.329
     0.000     1.000     3.000     1.000     3.000    -0.491
     2.000     3.000     1.000     0.000     2.000     0.729
     0.000     2.000     1.000     0.000     2.000    -0.133
     2.000     1.000     1.000     1.000     1.000     0.148
     0.000     0.000     4.000     0.000     3.000    -1.224
     0.000     0.000     3.000     0.000     3.000    -1.064
     3.000     3.000     1.000     2.000     1.000     1.135
     1.000     1.000     3.000     1.000     3.000    -0.183
     1.000     1.000     3.000     2.000     1.000    -0.177
     0.000     1.000     4.000     0.000     3.000    -0.733
     0.000     2.000     3.000     2.000     1.000    -0.129
     4.000     4.000     1.000     0.000     1.000     1.635
     1.000     1.000     2.000     1.000     2.000    -0.145
     0.000     2.000     4.000     1.000     0.000    -0.371
     4.000     4.000     1.000     4.000     4.000     2.203
     1.000     1.000     2.000     1.000     1.000    -0.183
     1.000     1.000     2.000     2.000     3.000    -0.024
     1.000     1.000     3.000     1.000     4.000    -0.127
     1.000     2.000     1.000     1.000     4.000     0.341
     0.000     2.000     3.000     2.000     1.000    -0.129
     2.000     2.000     2.000     1.000     2.000     0.432
     0.000     2.000     2.000     0.000     2.000    -0.203
     2.000     2.000     2.000     0.000     3.000     0.375
     2.000     3.000     2.000     2.000     2.000     0.834
