     1.000     3.000     2.000     0.000     1.000    -0.220
     2.000     2.000     3.000     1.000     2.000    -0.131
     2.000     4.000     3.000     1.000     1.000     0.720
     2.000     3.000     1.000     1.000     2.000    -0.068
     0.000     1.000     3.000     0.000     0.000    -1.024
     1.000     2.000     4.000     1.000     2.000    -0.146
     0.000     1.000     3.000     1.000     2.000    -0.900
     2.000     2.000     2.000     2.000     2.000    -0.269
     2.000     2.000     3.000     2.000     1.000    -0.133
     2.000     2.000     2.000     2.000     1.000    -0.307
     3.000     4.000     4.000     0.000     2.000     1.203
     2.000     3.000     3.000     3.000     3.000     0.418
     2.000     2.000     2.000     2.000     2.000    -0.269
     3.000     3.000     3.000     2.000     3.000     0.656
     1.000     2.000     2.000     1.000     2.000    -0.511
     1.000     3.000     3.000     1.000     3.000     0.088
     3.000     3.000     3.000     3.000     1.000     0.608
     0.000     3.000     4.000     0.000     2.000     0.000
     0.000     1.000     1.000     0.000     0.000    -1.314
     2.000     3.000     4.000     2.000     2.000     0.566
     3.000     3.000     3.000     2.000     3.000     0.656
     2.000     2.000     2.000     2.000     2.000    -0.269
     2.000     2.000     3.000     3.000     2.000    -0.062
     0.000     2.000     1.000     1.000     1.000    -0.909
     2.000     3.000     2.000     1.000     1.000     0.052
     1.000     2.000     3.000     0.000     1.000    -0.426
     2.000     3.000     3.000     1.000     3.000     0.339
     1.000     2.000     3.000     1.000     3.000    -0.305
     3.000     2.000     2.000     3.000     1.000    -0.026
     2.000     3.000     3.000     1.000     2.000     0.297
     1.000     2.000     4.000     3.000     2.000    -0.079
     1.000     3.000     3.000     2.000     2.000     0.088
     2.000     2.000     2.000     1.000     2.000    -0.305
     1.000     3.000     3.000     1.000     0.000    -0.038
     2.000     2.000     3.000     1.000     0.000    -0.213
     1.000     2.000     2.000     1.000     2.000    -0.511
     1.000     2.000     3.000     0.000     0.000    -0.470
     1.000     2.000     2.000     1.000     2.000    -0.511
     3.000     2.000     2.000     3.000     2.000     0.011
     2.000     3.000     2.000     0.000     1.000     0.003
     1.000     4.000     4.000     0.000     2.000     0.672
     2.000     3.000     3.000     2.000     3.000     0.381
     2.000     4.000     4.000     2.000     1.000     0.969
     2.000     3.000     3.000     1.000     1.000     0.253
     3.000     3.000     4.000     0.000     0.000     0.657
     2.000     3.000     2.000     1.000     1.000     0.052
     1.000     3.000     4.000     1.000     1.000     0.220
     3.000     3.000     4.000     2.000     4.000     0.923
     0.000     2.000     2.000     2.000     0.000    -0.772
     0.000     0.000     3.000     1.000     1.000    -1.217
     4.000     4.000     4.000     1.000     0.000     1.501
     2.000     4.000     2.000     1.000     4.000     0.647
     1.000     1.000     2.000     1.000     2.000    -0.850
     3.000     3.000     4.000     2.000     3.000     0.879
     4.000     4.000     4.000     0.000     2.000     1.555
     3.000     4.000     3.000     2.000     2.000     1.050
     2.000     3.000     3.000     1.000     1.000     0.253
     2.000     3.000     3.000     1.000     0.000     0.204
     1.000     1.000     3.000     1.000     0.000    -0.774
     2.000     3.000     3.000     2.000     2.000     0.338
     0.000     1.000     1.000     2.000     2.000    -1.152
     2.000     2.000     2.000     0.000     2.000    -0.352
     3.000     3.000     3.000     1.000     3.000     0.615
     1.000     2.000     4.000     3.000     2.000    -0.079
     2.000     2.000     2.000     1.000     1.000    -0.344
     3.000     3.000     3.000     1.000     1.000     0.531
     2.000     3.000     1.000     2.000     2.000    -0.030
     3.000     4.000     2.000     1.000     1.000     0.771
     1.000     2.000     2.000     1.000     1.000    -0.549
     0.000     3.000     3.000     0.000     2.000    -0.208
     2.000     3.000     4.000     2.000     1.000     0.522
     2.000     3.000     3.000     1.000     2.000     0.297
     2.000     4.000     3.000     0.000     1.000     0.676
     1.000     2.000     2.000     1.000     2.000    -0.511
     2.000     3.000     2.000     2.000     3.000     0.175
     2.000     3.000     3.000     1.000     1.000     0.253
     2.000     3.000     3.000     2.000     1.000     0.294
     2.000     2.000     0.000     3.000     1.000    -0.543
     2.000     3.000     3.000     1.000     1.000     0.253
     2.000     4.000     3.000     1.000     2.000     0.759
     4.000     4.000     4.000     1.000     2.000     1.620
     0.000     3.000     3.000     1.000     1.000    -0.200
     2.000     3.000     4.000     0.000     1.000     0.428
     1.000     1.000     2.000     2.000     2.000    -0.818
     1.000     3.000     2.000     0.000     1.000    -0.220
     2.000     2.000     2.000     2.000     2.000    -0.269
     1.000     3.000     3.000     0.000     1.000    -0.040
     2.000     4.000     3.000     2.000     2.000     0.795
     1.000     1.000     0.000     0.000     1.000    -1.169
     1.000     3.000     4.000     3.000     1.000     0.296
     2.000     3.000     3.000     0.000     1.000     0.201
     1.000     3.000     2.000     0.000     1.000    -0.220
     1.000     3.000     2.000     1.000     2.000    -0.135
     2.000     3.000     3.000     1.000     2.000     0.297
     2.000     3.000     2.000     2.000     2.000     0.134
     2.000     3.000     3.000     1.000     1.000     0.253
     0.000     1.000     1.000     0.000     1.000    -1.271
     0.000     2.000     2.000     0.000     1.000    -0.814
     2.000     3.000     3.000     2.000     2.000     0.338
     2.000     4.000     4.000     3.000     0.000     0.958
     2.000     3.000     3.000     1.000     0.000     0.204
     1.000     3.000     3.000     3.000     1.000     0.082
     2.000     3.000     2.000     1.000     1.000     0.052
     1.000     2.000     2.000     1.000     1.000    -0.549
     2.000     3.000     3.000     1.000     1.000     0.253
     0.000     0.000     0.000     4.000     0.000    -1.646
     3.000     3.000     3.000     1.000     1.000     0.531
     2.000     3.000     3.000     0.000     3.000     0.287
     0.000     2.000     2.000     1.000     2.000    -0.725
     0.000     2.000     3.000     0.000     2.000    -0.598
     1.000     2.000     3.000     0.000     2.000    -0.388
     2.000     4.000     4.000     0.000     1.000     0.883
     1.000     1.000     1.000     2.000     2.000    -0.940
     2.000     2.000     3.000     3.000     0.000    -0.144
     2.000     2.000     2.000     1.000     2.000    -0.305
     0.000     2.000     0.000     3.000     1.000    -0.972
     3.000     4.000     4.000     1.000     1.000     1.209
     1.000     3.000     4.000     0.000     0.000     0.124
     1.000     3.000     3.000     0.000     1.000    -0.040
     2.000     2.000     1.000     2.000     1.000    -0.453
     2.000     3.000     3.000     0.000     2.000     0.245
     0.000     1.000     3.000     1.000     2.000    -0.900
     3.000     3.000     2.000     0.000     0.000     0.227
     1.000     3.000     3.000     1.000     3.000     0.088
     2.000     3.000     3.000     1.000     2.000     0.297
     1.000     2.000     3.000     3.000     2.000    -0.273
     3.000     3.000     3.000     0.000     2.000     0.523
     2.000     2.000     2.000     1.000     1.000    -0.344
     1.000     1.000     0.000     0.000     3.000    -1.101
     1.000     3.000     2.000     1.000     1.000    -0.174
     3.000     3.000     3.000     2.000     2.000     0.615
     0.000     0.000     2.000     0.000     1.000    -1.447
     2.000     3.000     3.000     2.000     1.000     0.294
     1.000     2.000     2.000     0.000     2.000    -0.558
     1.000     2.000     1.000     0.000     2.000    -0.699
     1.000     2.000     2.000     1.000     1.000    -0.549
     1.000     3.000     3.000     1.000     0.000    -0.038
     1.000     2.000     0.000     2.000     0.000    -0.823
     2.000     2.000     2.000     2.000     4.000    -0.193
     1.000     1.000     1.000     1.000     1.000    -1.007
     2.000     2.000     1.000     2.000     1.000    -0.453
     1.000     2.000     3.000     0.000     2.000    -0.388
     1.000     2.000     3.000     1.000     2.000    -0.341
     2.000     2.000     3.000     1.000     1.000    -0.170
     3.000     3.000     3.000     3.000     3.000     0.692
     0.000     2.000     2.000     1.000     0.000    -0.811
     2.000     3.000     3.000     1.000     3.000     0.339
     1.000     3.000     3.000     1.000     2.000     0.049
     2.000     2.000     2.000     1.000     1.000    -0.344
     2.000     3.000     2.000     0.000     2.000     0.044
     0.000     1.000     1.000     0.000     1.000    -1.271
     0.000     3.000     1.000     1.000     1.000    -0.518
     1.000     2.000     2.000     1.000     1.000    -0.549
     0.000     3.000     2.000     0.000     2.000    -0.384
     3.000     4.000     3.000     2.000     3.000     1.091
     0.000     2.000     0.000     0.000     0.000    -1.144
     2.000     2.000     3.000     1.000     3.000    -0.094
     0.000     2.000     0.000     4.000     1.000    -0.937
     1.000     2.000     3.000     1.000     1.000    -0.380
     3.000     3.000     4.000     3.000     2.000     0.874
     2.000     3.000     2.000     0.000     1.000     0.003
     2.000     3.000     2.000     0.000     2.000     0.044
     3.000     4.000     4.000     1.000     1.000     1.209
     0.000     3.000     2.000     1.000     1.000    -0.375
     3.000     4.000     4.000     1.000     3.000     1.304
     0.000     3.000     1.000     2.000     1.000    -0.482
     2.000     3.000     2.000     1.000     0.000     0.006
     1.000     2.000     2.000     0.000     2.000    -0.558
     1.000     4.000     4.000     0.000     1.000     0.635
     0.000     1.000     3.000     1.000     2.000    -0.900
     0.000     0.000     2.000     0.000     0.000    -1.497
     2.000     2.000     3.000     1.000     2.000    -0.131
     1.000     3.000     4.000     1.000     1.000     0.220
     2.000     2.000     3.000     0.000     2.000    -0.178
     2.000     3.000     3.000     2.000     3.000     0.381
     1.000     3.000     1.000     0.000     0.000    -0.407
     1.000     2.000     2.000     0.000     1.000    -0.596
     2.000     4.000     3.000     1.000     0.000     0.677
     2.000     3.000     3.000     1.000     2.000     0.297
     0.000     3.000     3.000     0.000     4.000    -0.129
     2.000     4.000     4.000     1.000     2.000     0.972
     1.000     3.000     3.000     0.000     1.000    -0.040
     3.000     3.000     3.000     1.000     2.000     0.574
     2.000     3.000     3.000     1.000     1.000     0.253
     3.000     4.000     4.000     0.000     2.000     1.203
     2.000     4.000     4.000     1.000     2.000     0.972
     1.000     3.000     1.000     2.000     2.000    -0.247
     1.000     3.000     3.000     2.000     2.000     0.088
     1.000     2.000     2.000     1.000     1.000    -0.549
     1.000     3.000     2.000     0.000     2.000    -0.182
     3.000     3.000     3.000     1.000     2.000     0.574
     0.000     0.000     2.000     0.000     2.000    -1.404
     2.000     3.000     3.000     2.000     3.000     0.381
     3.000     4.000     4.000     0.000     3.000     1.249
     0.000     2.000     3.000     0.000     1.000    -0.638
     1.000     3.000     2.000     1.000     3.000    -0.097
     2.000     3.000     3.000     1.000     1.000     0.253
     0.000     3.000     3.000     0.000     0.000    -0.292
     1.000     2.000     2.000     1.000     1.000    -0.549
     3.000     4.000     4.000     0.000     2.000     1.203
     1.000     2.000     0.000     0.000     2.000    -0.825
     2.000     3.000     3.000     2.000     3.000     0.381
     1.000     2.000     2.000     1.000     1.000    -0.549
     3.000     4.000     4.000     4.000     4.000     1.502
     2.000     4.000     4.000     2.000     0.000     0.923
     3.000     3.000     1.000     1.000     1.000     0.156
     2.000     3.000     2.000     1.000     0.000     0.006
     2.000     2.000     2.000     1.000     1.000    -0.344
     2.000     3.000     3.000     3.000     2.000     0.376
     2.000     4.000     4.000     2.000     3.000     1.053
     3.000     2.000     3.000     2.000     2.000     0.150
     0.000     0.000     1.000     1.000     1.000    -1.537
     1.000     2.000     3.000     1.000     2.000    -0.341
     2.000     3.000     4.000     2.000     4.000     0.653
     0.000     0.000     3.000     2.000     2.000    -1.140
     3.000     3.000     3.000     3.000     2.000     0.651
     2.000     3.000     2.000     1.000     2.000     0.094
     2.000     2.000     2.000     0.000     2.000    -0.352
     3.000     3.000     4.000     2.000     3.000     0.879
     2.000     2.000     2.000     2.000     2.000    -0.269
     3.000     4.000     3.000     1.000     2.000     1.011
     2.000     4.000     4.000     2.000     4.000     1.097
     3.000     4.000     4.000     0.000     1.000     1.156
     2.000     3.000     3.000     1.000     2.000     0.297
     1.000     3.000     3.000     1.000     1.000     0.008
     3.000     2.000     2.000     2.000     1.000    -0.057
     0.000     3.000     4.000     0.000     1.000    -0.041
     1.000     2.000     3.000     3.000     3.000    -0.236
     1.000     2.000     3.000     0.000     2.000    -0.388
     2.000     2.000     3.000     1.000     2.000    -0.131
     2.000     3.000     2.000     0.000     2.000     0.044
     0.000     1.000     0.000     0.000     1.000    -1.410
     1.000     2.000     2.000     3.000     2.000    -0.443
     2.000     3.000     3.000     1.000     1.000     0.253
     3.000     3.000     3.000     0.000     1.000     0.480
     2.000     4.000     4.000     2.000     3.000     1.053
     2.000     3.000     3.000     1.000     3.000     0.339
     2.000     2.000     2.000     1.000     2.000    -0.305
     2.000     2.000     3.000     1.000     2.000    -0.131
     2.000     3.000     4.000     2.000     3.000     0.608
     2.000     3.000     3.000     1.000     2.000     0.297
     2.000     3.000     3.000     1.000     1.000     0.253
     0.000     3.000     2.000     0.000     1.000    -0.422
     4.000     4.000     4.000     2.000     3.000     1.739
     2.000     3.000     4.000     0.000     0.000     0.378
     3.000     3.000     4.000     1.000     1.000     0.755
     2.000     2.000     2.000     1.000     2.000    -0.305
     3.000     4.000     4.000     3.000     3.000     1.396
     1.000     1.000     1.000     1.000     1.000    -1.007
     2.000     3.000     2.000     3.000     0.000     0.081
     0.000     2.000     2.000     1.000     3.000    -0.686
     4.000     4.000     3.000     2.000     2.000     1.357
     2.000     3.000     2.000     0.000     1.000     0.003
     2.000     2.000     2.000     1.000     2.000    -0.305
     3.000     4.000     3.000     1.000     1.000     0.969
     1.000     2.000     3.000     1.000     2.000    -0.341
     3.000     4.000     4.000     0.000     1.000     1.156
     1.000     2.000     1.000     0.000     1.000    -0.737
     2.000     3.000     3.000     1.000     1.000     0.253
     2.000     3.000     3.000     2.000     1.000     0.294
     0.000     2.000     3.000     2.000     1.000    -0.551
     3.000     3.000     3.000     1.000     3.000     0.615
     2.000     3.000     3.000     2.000     2.000     0.338
     2.000     3.000     3.000     1.000     3.000     0.339
     3.000     4.000     4.000     2.000     1.000     1.254
     3.000     3.000     3.000     2.000     3.000     0.656
     0.000     1.000     1.000     0.000     0.000    -1.314
     1.000     2.000     3.000     1.000     1.000    -0.380
     1.000     3.000     3.000     0.000     0.000    -0.086
     0.000     2.000     2.000     0.000     3.000    -0.736
     2.000     2.000     3.000     1.000     1.000    -0.170
     2.000     3.000     2.000     0.000     2.000     0.044
     2.000     2.000     4.000     1.000     2.000     0.064
     0.000     2.000     2.000     1.000     2.000    -0.725
     2.000     3.000     4.000     1.000     2.000     0.524
     2.000     2.000     2.000     2.000     2.000    -0.269
     0.000     3.000     2.000     0.000     1.000    -0.422
     2.000     3.000     3.000     2.000     3.000     0.381
     2.000     3.000     3.000     2.000     3.000     0.381
     3.000     3.000     4.000     1.000     1.000     0.755
     1.000     3.000     3.000     1.000     1.000     0.008
     1.000     2.000     3.000     0.000     2.000    -0.388
     2.000     4.000     3.000     1.000     1.000     0.720
     2.000     2.000     3.000     1.000     1.000    -0.170
     3.000     3.000     1.000     1.000     3.000     0.237
     1.000     3.000     2.000     2.000     2.000    -0.098
     1.000     1.000     2.000     3.000     1.000    -0.823
     2.000     4.000     4.000     3.000     1.000     1.005
     2.000     2.000     2.000     2.000     2.000    -0.269
     2.000     3.000     3.000     2.000     3.000     0.381
     2.000     3.000     2.000     2.000     2.000     0.134
     1.000     3.000     0.000     0.000     0.000    -0.524
     0.000     3.000     2.000     0.000     1.000    -0.422
     3.000     4.000     4.000     0.000     1.000     1.156
     0.000     0.000     0.000     0.000     1.000    -1.788
     0.000     2.000     2.000     0.000     0.000    -0.861
     2.000     2.000     2.000     2.000     1.000    -0.307
     0.000     0.000     2.000     0.000     2.000    -1.404
     2.000     3.000     3.000     0.000     0.000     0.152
     2.000     2.000     3.000     1.000     1.000    -0.170
     3.000     3.000     3.000     2.000     1.000     0.572
     1.000     2.000     2.000     1.000     3.000    -0.475
     0.000     0.000     0.000     1.000     2.000    -1.670
     4.000     4.000     3.000     3.000     3.000     1.443
     2.000     3.000     3.000     2.000     1.000     0.294
     0.000     2.000     3.000     0.000     1.000    -0.638
     2.000     3.000     2.000     2.000     3.000     0.175
     3.000     4.000     4.000     0.000     0.000     1.106
     2.000     4.000     4.000     0.000     1.000     0.883
     1.000     2.000     2.000     1.000     1.000    -0.549
     0.000     2.000     3.000     3.000     3.000    -0.440
     1.000     2.000     3.000     0.000     2.000    -0.388
     0.000     1.000     1.000     0.000     1.000    -1.271
     3.000     3.000     3.000     1.000     2.000     0.574
     3.000     3.000     4.000     0.000     2.000     0.748
     1.000     2.000     2.000     0.000     2.000    -0.558
     1.000     1.000     2.000     1.000     3.000    -0.817
     0.000     0.000     0.000     0.000     1.000    -1.788
     1.000     3.000     3.000     1.000     1.000     0.008
     2.000     2.000     2.000     2.000     2.000    -0.269
     1.000     2.000     3.000     0.000     1.000    -0.426
     2.000     2.000     2.000     1.000     1.000    -0.344
     1.000     3.000     3.000     2.000     1.000     0.047
     2.000     2.000     2.000     1.000     1.000    -0.344
     2.000     3.000     3.000     1.000     1.000     0.253
     1.000     2.000     3.000     1.000     0.000    -0.423
     1.000     2.000     3.000     2.000     2.000    -0.305
     3.000     4.000     4.000     0.000     2.000     1.203
     3.000     2.000     3.000     2.000     1.000     0.113
     3.000     3.000     4.000     2.000     3.000     0.879
     0.000     0.000     1.000     0.000     1.000    -1.594
     0.000     0.000     2.000     2.000     1.000    -1.352
     1.000     1.000     1.000     0.000     2.000    -1.015
     2.000     2.000     2.000     1.000     1.000    -0.344
     2.000     3.000     3.000     1.000     1.000     0.253
     2.000     3.000     4.000     2.000     0.000     0.472
     2.000     3.000     3.000     0.000     1.000     0.201
     1.000     3.000     3.000     1.000     1.000     0.008
     0.000     2.000     4.000     0.000     2.000    -0.391
     2.000     3.000     3.000     1.000     1.000     0.253
     1.000     3.000     4.000     1.000     1.000     0.220
     3.000     3.000     3.000     1.000     2.000     0.574
     2.000     3.000     4.000     4.000     0.000     0.549
     2.000     2.000     4.000     0.000     0.000    -0.061
     2.000     3.000     2.000     2.000     2.000     0.134
     0.000     3.000     3.000     1.000     2.000    -0.160
     2.000     2.000     2.000     2.000     2.000    -0.269
     2.000     3.000     3.000     1.000     1.000     0.253
     1.000     3.000     3.000     1.000     1.000     0.008
     3.000     4.000     3.000     2.000     1.000     1.008
     0.000     3.000     2.000     0.000     1.000    -0.422
     3.000     3.000     4.000     4.000     0.000     0.823
     3.000     3.000     4.000     4.000     0.000     0.823
     2.000     4.000     4.000     0.000     4.000     1.007
     2.000     3.000     3.000     1.000     2.000     0.297
     2.000     3.000     2.000     1.000     1.000     0.052
     1.000     1.000     1.000     1.000     0.000    -1.046
     2.000     1.000     4.000     2.000     2.000    -0.303
     2.000     2.000     2.000     0.000     0.000    -0.435
     2.000     4.000     3.000     0.000     3.000     0.751
     3.000     1.000     4.000     0.000     0.000    -0.221
     2.000     2.000     3.000     2.000     2.000    -0.095
     2.000     3.000     3.000     1.000     3.000     0.339
     2.000     3.000     2.000     1.000     2.000     0.094
     3.000     3.000     1.000     1.000     2.000     0.197
     0.000     1.000     1.000     1.000     2.000    -1.187
     2.000     2.000     3.000     2.000     2.000    -0.095
     2.000     3.000     3.000     0.000     0.000     0.152
     0.000     1.000     0.000     0.000     0.000    -1.456
     1.000     1.000     1.000     0.000     1.000    -1.049
     3.000     3.000     4.000     1.000     2.000     0.798
     1.000     3.000     3.000     3.000     3.000     0.163
     1.000     3.000     3.000     2.000     3.000     0.128
     1.000     2.000     1.000     0.000     3.000    -0.663
     2.000     2.000     2.000     2.000     1.000    -0.307
     3.000     3.000     3.000     2.000     2.000     0.615
     2.000     3.000     3.000     0.000     2.000     0.245
     2.000     3.000     3.000     1.000     1.000     0.253
     1.000     2.000     3.000     1.000     2.000    -0.341
     3.000     4.000     4.000     3.000     1.000     1.296
     3.000     4.000     3.000     2.000     2.000     1.050
     0.000     3.000     3.000     0.000     0.000    -0.292
     2.000     3.000     3.000     1.000     2.000     0.297
     2.000     3.000     2.000     0.000     2.000     0.044
     1.000     2.000     2.000     0.000     0.000    -0.640
     1.000     2.000     2.000     2.000     0.000    -0.557
     2.000     3.000     3.000     2.000     2.000     0.338
