     1.000     1.000     2.000     3.000     1.000    -0.980
     4.000     3.000     3.000     4.000     3.000     0.800
     4.000     3.000     3.000     4.000     3.000     0.800
     2.000     2.000     1.000     2.000     2.000    -0.909
     4.000     4.000     3.000     4.000     1.000     0.789
     4.000     3.000     3.000     4.000     2.000     0.644
     3.000     3.000     2.000     3.000     2.000    -0.069
     2.000     3.000     2.000     2.000     2.000    -0.362
     3.000     3.000     2.000     2.000     2.000    -0.156
     2.000     2.000     1.000     2.000     2.000    -0.909
     3.000     4.000     2.000     4.000     2.000     0.254
     1.000     3.000     2.000     2.000     2.000    -0.556
     3.000     3.000     3.000     2.000     0.000    -0.030
     2.000     3.000     1.000     2.000     1.000    -0.808
     2.000     2.000     1.000     2.000     2.000    -0.909
     3.000     2.000     1.000     4.000     1.000    -0.661
     4.000     3.000     3.000     1.000     3.000     0.457
     3.000     2.000     3.000     3.000     2.000     0.058
     4.000     4.000     3.000     3.000     3.000     0.999
     3.000     3.000     2.000     2.000     1.000    -0.273
     4.000     3.000     2.000     2.000     2.000     0.064
     2.000     2.000     1.000     2.000     1.000    -1.020
     2.000     2.000     2.000     2.000     2.000    -0.576
     2.000     2.000     1.000     2.000     1.000    -1.020
     2.000     4.000     3.000     3.000     3.000     0.417
     2.000     3.000     2.000     4.000     2.000    -0.184
     3.000     3.000     2.000     2.000     2.000    -0.156
     3.000     3.000     2.000     3.000     3.000     0.047
     4.000     3.000     2.000     2.000     2.000     0.064
     2.000     3.000     2.000     4.000     2.000    -0.184
     3.000     3.000     2.000     2.000     3.000    -0.038
     2.000     3.000     3.000     2.000     3.000     0.102
     3.000     3.000     2.000     3.000     3.000     0.047
     2.000     2.000     2.000     3.000     1.000    -0.603
     4.000     4.000     3.000     3.000     2.000     0.817
     3.000     2.000     1.000     2.000     2.000    -0.719
     3.000     4.000     3.000     4.000     4.000     0.993
     3.000     2.000     2.000     3.000     2.000    -0.291
     2.000     2.000     1.000     1.000     1.000    -1.098
     0.000     0.000     1.000     4.000     0.000    -1.664
     4.000     4.000     3.000     3.000     4.000     1.230
     2.000     2.000     1.000     1.000     2.000    -0.987
     2.000     2.000     2.000     2.000     1.000    -0.686
     1.000     1.000     0.000     3.000     1.000    -1.631
     1.000     2.000     0.000     1.000     0.000    -1.712
     4.000     4.000     3.000     4.000     3.000     1.190
     4.000     4.000     3.000     3.000     4.000     1.230
     3.000     2.000     1.000     2.000     1.000    -0.826
     4.000     4.000     3.000     4.000     2.000     0.976
     2.000     4.000     3.000     3.000     4.000     0.549
     3.000     4.000     3.000     4.000     1.000     0.514
     2.000     3.000     2.000     3.000     4.000    -0.039
     4.000     3.000     2.000     3.000     2.000     0.147
     2.000     2.000     1.000     2.000     2.000    -0.909
     4.000     2.000     3.000     3.000     3.000     0.381
     3.000     3.000     2.000     3.000     1.000    -0.186
     4.000     4.000     3.000     3.000     2.000     0.817
     3.000     3.000     3.000     4.000     2.000     0.390
     4.000     4.000     3.000     4.000     4.000     1.475
     3.000     2.000     1.000     1.000     1.000    -0.903
     1.000     1.000     0.000     2.000     1.000    -1.710
     2.000     2.000     1.000     1.000     2.000    -0.987
     3.000     4.000     3.000     4.000     3.000     0.810
     2.000     3.000     2.000     2.000     2.000    -0.362
     2.000     3.000     1.000     3.000     3.000    -0.519
     4.000     3.000     3.000     4.000     2.000     0.644
     2.000     3.000     1.000     2.000     1.000    -0.808
     2.000     3.000     2.000     3.000     2.000    -0.276
     3.000     3.000     2.000     3.000     3.000     0.047
     3.000     3.000     3.000     3.000     3.000     0.412
     4.000     4.000     3.000     2.000     3.000     0.860
     4.000     4.000     3.000     3.000     3.000     0.999
     3.000     3.000     2.000     3.000     3.000     0.047
     3.000     2.000     2.000     3.000     3.000    -0.175
     2.000     2.000     1.000     3.000     2.000    -0.827
     3.000     3.000     3.000     3.000     2.000     0.288
     3.000     2.000     2.000     1.000     0.000    -0.686
     3.000     3.000     1.000     3.000     2.000    -0.444
     4.000     3.000     3.000     4.000     2.000     0.644
     1.000     2.000     1.000     3.000     1.000    -1.108
     3.000     3.000     2.000     3.000     3.000     0.047
     3.000     3.000     2.000     3.000     2.000    -0.069
     4.000     4.000     3.000     4.000     4.000     1.475
     4.000     3.000     3.000     3.000     3.000     0.666
     4.000     4.000     3.000     4.000     4.000     1.475
     3.000     3.000     2.000     2.000     1.000    -0.273
     3.000     3.000     3.000     3.000     3.000     0.412
     3.000     2.000     2.000     2.000     1.000    -0.491
     4.000     3.000     3.000     4.000     4.000     0.987
     3.000     3.000     1.000     4.000     1.000    -0.465
     3.000     3.000     3.000     3.000     3.000     0.412
     3.000     4.000     3.000     4.000     4.000     0.993
     3.000     3.000     2.000     3.000     3.000     0.047
     3.000     3.000     3.000     3.000     2.000     0.288
     0.000     1.000     0.000     2.000     0.000    -2.006
     3.000     2.000     2.000     3.000     2.000    -0.291
     3.000     3.000     2.000     3.000     2.000    -0.069
     3.000     3.000     2.000     4.000     3.000     0.140
     3.000     2.000     2.000     2.000     2.000    -0.377
     2.000     3.000     1.000     2.000     1.000    -0.808
     2.000     4.000     2.000     4.000     2.000     0.054
     2.000     3.000     1.000     2.000     0.000    -0.920
     3.000     3.000     2.000     3.000     1.000    -0.186
     1.000     2.000     2.000     3.000     2.000    -0.678
     3.000     3.000     2.000     3.000     3.000     0.047
     3.000     2.000     3.000     4.000     2.000     0.146
     2.000     2.000     3.000     3.000     2.000    -0.131
     3.000     3.000     2.000     4.000     3.000     0.140
     4.000     3.000     3.000     3.000     3.000     0.666
     3.000     3.000     2.000     4.000     3.000     0.140
     4.000     4.000     3.000     4.000     3.000     1.190
     4.000     4.000     3.000     3.000     2.000     0.817
     2.000     2.000     2.000     3.000     1.000    -0.603
     2.000     3.000     3.000     3.000     2.000     0.073
     3.000     3.000     2.000     3.000     2.000    -0.069
     2.000     3.000     2.000     4.000     2.000    -0.184
     3.000     3.000     3.000     3.000     2.000     0.288
     4.000     4.000     3.000     4.000     4.000     1.475
     4.000     4.000     3.000     3.000     3.000     0.999
     2.000     2.000     1.000     2.000     2.000    -0.909
     2.000     3.000     3.000     3.000     0.000    -0.142
     3.000     3.000     3.000     2.000     2.000     0.199
     4.000     4.000     3.000     4.000     2.000     0.976
     3.000     3.000     3.000     3.000     1.000     0.168
     3.000     3.000     2.000     2.000     3.000    -0.038
     4.000     3.000     3.000     3.000     3.000     0.666
     3.000     3.000     2.000     3.000     3.000     0.047
     3.000     3.000     2.000     3.000     2.000    -0.069
     4.000     4.000     3.000     4.000     4.000     1.475
     3.000     3.000     2.000     3.000     3.000     0.047
     3.000     3.000     2.000     2.000     2.000    -0.156
     4.000     4.000     3.000     4.000     2.000     0.976
     2.000     3.000     2.000     0.000     1.000    -0.620
     2.000     3.000     3.000     4.000     2.000     0.163
     3.000     4.000     3.000     4.000     3.000     0.810
     3.000     3.000     2.000     3.000     3.000     0.047
     4.000     3.000     3.000     3.000     2.000     0.524
     4.000     4.000     3.000     3.000     1.000     0.655
     2.000     3.000     3.000     2.000     2.000    -0.007
     4.000     3.000     3.000     2.000     2.000     0.425
     3.000     2.000     2.000     2.000     2.000    -0.377
     3.000     2.000     2.000     3.000     2.000    -0.291
     3.000     3.000     2.000     3.000     2.000    -0.069
     4.000     3.000     3.000     4.000     4.000     0.987
     2.000     1.000     1.000     3.000     2.000    -1.039
     3.000     2.000     2.000     2.000     3.000    -0.261
     3.000     3.000     2.000     3.000     2.000    -0.069
     3.000     3.000     3.000     2.000     1.000     0.084
     3.000     2.000     3.000     3.000     2.000     0.058
     3.000     2.000     2.000     3.000     2.000    -0.291
     3.000     4.000     3.000     4.000     3.000     0.810
     3.000     3.000     3.000     4.000     4.000     0.672
     3.000     3.000     2.000     2.000     2.000    -0.156
     3.000     3.000     3.000     3.000     3.000     0.412
     3.000     2.000     1.000     2.000     1.000    -0.826
     3.000     3.000     3.000     3.000     2.000     0.288
     2.000     1.000     2.000     1.000     1.000    -0.968
     1.000     1.000     0.000     1.000     0.000    -1.906
     2.000     2.000     1.000     3.000     2.000    -0.827
     0.000     1.000     0.000     2.000     0.000    -2.006
     4.000     3.000     3.000     3.000     3.000     0.666
     3.000     4.000     2.000     3.000     2.000     0.166
     4.000     3.000     3.000     2.000     4.000     0.713
     3.000     3.000     2.000     3.000     2.000    -0.069
     2.000     2.000     1.000     2.000     2.000    -0.909
     4.000     4.000     3.000     3.000     3.000     0.999
     3.000     3.000     3.000     3.000     3.000     0.412
     3.000     2.000     2.000     4.000     2.000    -0.199
     4.000     3.000     3.000     3.000     3.000     0.666
     4.000     2.000     2.000     2.000     1.000    -0.264
     2.000     4.000     3.000     4.000     4.000     0.663
     2.000     2.000     1.000     3.000     2.000    -0.827
     3.000     4.000     3.000     4.000     3.000     0.810
     2.000     3.000     2.000     3.000     2.000    -0.276
     1.000     2.000     1.000     3.000     1.000    -1.108
     4.000     3.000     2.000     3.000     2.000     0.147
     4.000     3.000     3.000     4.000     2.000     0.644
     3.000     3.000     2.000     3.000     2.000    -0.069
     2.000     2.000     1.000     2.000     3.000    -0.796
     4.000     3.000     3.000     0.000     2.000     0.265
     4.000     4.000     3.000     4.000     2.000     0.976
     3.000     3.000     2.000     3.000     3.000     0.047
     3.000     3.000     3.000     3.000     2.000     0.288
     3.000     2.000     2.000     3.000     1.000    -0.406
     4.000     3.000     3.000     2.000     3.000     0.559
     3.000     3.000     2.000     4.000     1.000    -0.092
     3.000     3.000     2.000     3.000     3.000     0.047
     2.000     3.000     2.000     3.000     2.000    -0.276
     4.000     2.000     2.000     4.000     2.000     0.018
     4.000     3.000     3.000     3.000     2.000     0.524
     4.000     4.000     2.000     2.000     2.000     0.286
     4.000     3.000     3.000     4.000     3.000     0.800
     3.000     3.000     3.000     3.000     1.000     0.168
     2.000     2.000     1.000     3.000     3.000    -0.716
     3.000     3.000     3.000     4.000     4.000     0.672
     2.000     4.000     3.000     4.000     4.000     0.663
     3.000     4.000     3.000     3.000     2.000     0.539
     3.000     4.000     3.000     4.000     3.000     0.810
     3.000     3.000     3.000     4.000     2.000     0.390
     3.000     3.000     3.000     3.000     3.000     0.412
     3.000     3.000     3.000     3.000     3.000     0.412
     2.000     3.000     2.000     3.000     2.000    -0.276
     3.000     3.000     3.000     3.000     3.000     0.412
     2.000     0.000     1.000     2.000     0.000    -1.542
     3.000     2.000     2.000     3.000     2.000    -0.291
     3.000     2.000     2.000     2.000     1.000    -0.491
     3.000     3.000     3.000     4.000     3.000     0.522
     3.000     3.000     3.000     3.000     2.000     0.288
     4.000     3.000     3.000     2.000     0.000     0.179
     2.000     2.000     2.000     2.000     1.000    -0.686
     4.000     1.000     3.000     0.000     1.000    -0.276
     2.000     1.000     1.000     1.000     1.000    -1.305
     3.000     3.000     2.000     4.000     3.000     0.140
     2.000     2.000     3.000     4.000     2.000    -0.049
     3.000     2.000     1.000     4.000     1.000    -0.661
     3.000     3.000     3.000     2.000     3.000     0.319
     3.000     3.000     3.000     2.000     3.000     0.319
     3.000     3.000     2.000     3.000     3.000     0.047
     1.000     2.000     1.000     2.000     0.000    -1.306
     2.000     2.000     1.000     1.000     2.000    -0.987
     4.000     4.000     3.000     1.000     3.000     0.733
     2.000     3.000     3.000     4.000     4.000     0.406
     2.000     3.000     3.000     2.000     0.000    -0.218
     2.000     3.000     2.000     2.000     2.000    -0.362
     4.000     3.000     3.000     3.000     2.000     0.524
     4.000     4.000     3.000     3.000     2.000     0.817
     3.000     2.000     1.000     3.000     1.000    -0.746
     2.000     1.000     1.000     2.000     1.000    -1.229
     4.000     3.000     3.000     3.000     1.000     0.391
     3.000     2.000     2.000     2.000     1.000    -0.491
     3.000     4.000     3.000     4.000     3.000     0.810
     4.000     4.000     3.000     4.000     3.000     1.190
     2.000     2.000     1.000     2.000     1.000    -1.020
     3.000     3.000     3.000     3.000     2.000     0.288
     3.000     2.000     2.000     2.000     1.000    -0.491
     3.000     3.000     3.000     3.000     2.000     0.288
     3.000     2.000     2.000     2.000     1.000    -0.491
     2.000     2.000     1.000     2.000     2.000    -0.909
     3.000     2.000     2.000     2.000     3.000    -0.261
     4.000     4.000     3.000     3.000     2.000     0.817
     2.000     2.000     1.000     2.000     2.000    -0.909
     3.000     3.000     2.000     3.000     3.000     0.047
     2.000     2.000     2.000     4.000     1.000    -0.514
     2.000     2.000     1.000     1.000     1.000    -1.098
     1.000     1.000     3.000     0.000     2.000    -0.695
     2.000     2.000     1.000     3.000     2.000    -0.827
     3.000     2.000     2.000     2.000     2.000    -0.377
     2.000     2.000     2.000     3.000     2.000    -0.492
     4.000     2.000     3.000     3.000     3.000     0.381
     1.000     2.000     1.000     2.000     0.000    -1.306
     2.000     3.000     1.000     2.000     2.000    -0.703
     2.000     2.000     1.000     2.000     1.000    -1.020
     3.000     3.000     2.000     4.000     1.000    -0.092
     3.000     3.000     2.000     2.000     3.000    -0.038
     3.000     3.000     3.000     3.000     3.000     0.412
     4.000     3.000     3.000     4.000     2.000     0.644
     3.000     2.000     3.000     3.000     3.000     0.167
     3.000     3.000     3.000     3.000     2.000     0.288
     2.000     3.000     2.000     4.000     2.000    -0.184
     3.000     3.000     2.000     3.000     2.000    -0.069
     3.000     2.000     3.000     3.000     1.000    -0.049
     3.000     3.000     2.000     3.000     3.000     0.047
     4.000     4.000     3.000     4.000     4.000     1.475
     1.000     2.000     2.000     2.000     2.000    -0.757
     3.000     3.000     2.000     2.000     3.000    -0.038
     2.000     2.000     1.000     1.000     2.000    -0.987
     3.000     3.000     3.000     4.000     1.000     0.264
     4.000     3.000     2.000     3.000     3.000     0.257
     4.000     4.000     3.000     4.000     3.000     1.190
     3.000     3.000     3.000     4.000     3.000     0.522
     3.000     3.000     3.000     3.000     3.000     0.412
     3.000     3.000     2.000     3.000     2.000    -0.069
     3.000     3.000     2.000     2.000     1.000    -0.273
     3.000     3.000     3.000     4.000     4.000     0.672
     3.000     3.000     2.000     2.000     2.000    -0.156
     3.000     2.000     2.000     2.000     2.000    -0.377
     3.000     4.000     3.000     4.000     2.000     0.656
     4.000     4.000     3.000     4.000     3.000     1.190
     2.000     2.000     1.000     2.000     2.000    -0.909
     4.000     4.000     3.000     3.000     2.000     0.817
     4.000     3.000     3.000     3.000     3.000     0.666
     3.000     3.000     3.000     3.000     3.000     0.412
     3.000     2.000     1.000     4.000     1.000    -0.661
     3.000     3.000     2.000     2.000     3.000    -0.038
     2.000     2.000     2.000     4.000     2.000    -0.402
     2.000     1.000     2.000     3.000     1.000    -0.820
     2.000     2.000     1.000     4.000     2.000    -0.741
     2.000     1.000     2.000     1.000     1.000    -0.968
     3.000     3.000     3.000     2.000     2.000     0.199
     3.000     2.000     2.000     3.000     1.000    -0.406
     3.000     4.000     3.000     2.000     3.000     0.572
     4.000     4.000     3.000     4.000     3.000     1.190
     4.000     4.000     3.000     4.000     2.000     0.976
     3.000     4.000     3.000     3.000     4.000     0.842
     3.000     4.000     3.000     2.000     3.000     0.572
     4.000     3.000     3.000     3.000     2.000     0.524
     3.000     3.000     2.000     3.000     3.000     0.047
     2.000     2.000     1.000     2.000     1.000    -1.020
     2.000     3.000     2.000     3.000     1.000    -0.390
     3.000     3.000     2.000     3.000     3.000     0.047
     3.000     3.000     2.000     3.000     1.000    -0.186
     3.000     3.000     1.000     3.000     3.000    -0.340
     0.000     4.000     0.000     4.000     0.000    -1.151
     3.000     3.000     2.000     2.000     1.000    -0.273
     2.000     1.000     2.000     1.000     1.000    -0.968
     3.000     3.000     3.000     3.000     2.000     0.288
     3.000     3.000     2.000     2.000     1.000    -0.273
     2.000     2.000     3.000     2.000     0.000    -0.407
     4.000     4.000     3.000     4.000     3.000     1.190
     3.000     3.000     3.000     4.000     3.000     0.522
     4.000     4.000     3.000     4.000     3.000     1.190
     3.000     3.000     2.000     3.000     2.000    -0.069
     2.000     4.000     3.000     4.000     4.000     0.663
     3.000     3.000     1.000     3.000     1.000    -0.547
     3.000     2.000     2.000     4.000     2.000    -0.199
     4.000     4.000     3.000     4.000     4.000     1.475
     3.000     3.000     2.000     2.000     2.000    -0.156
     4.000     4.000     3.000     3.000     2.000     0.817
     2.000     2.000     2.000     3.000     2.000    -0.492
     2.000     2.000     2.000     3.000     2.000    -0.492
     3.000     3.000     3.000     3.000     3.000     0.412
     2.000     3.000     2.000     2.000     2.000    -0.362
     3.000     3.000     2.000     3.000     2.000    -0.069
     4.000     4.000     3.000     4.000     2.000     0.976
     2.000     2.000     2.000     2.000     2.000    -0.576
     4.000     4.000     3.000     4.000     3.000     1.190
     2.000     3.000     2.000     2.000     1.000    -0.475
     4.000     3.000     2.000     3.000     0.000    -0.080
     2.000     1.000     1.000     3.000     1.000    -1.147
     2.000     2.000     1.000     2.000     2.000    -0.909
     3.000     3.000     3.000     3.000     4.000     0.552
     3.000     3.000     3.000     4.000     4.000     0.672
     3.000     4.000     3.000     3.000     4.000     0.842
     3.000     2.000     2.000     3.000     2.000    -0.291
     3.000     4.000     3.000     4.000     3.000     0.810
     2.000     4.000     1.000     2.000     0.000    -0.666
     4.000     4.000     3.000     4.000     3.000     1.190
     3.000     3.000     2.000     3.000     2.000    -0.069
     3.000     3.000     2.000     3.000     2.000    -0.069
     1.000     3.000     1.000     4.000     1.000    -0.818
     3.000     2.000     2.000     4.000     2.000    -0.199
     1.000     2.000     0.000     1.000     1.000    -1.596
     0.000     2.000     2.000     2.000     1.000    -0.981
     4.000     3.000     3.000     4.000     2.000     0.644
     3.000     3.000     2.000     3.000     2.000    -0.069
     4.000     4.000     3.000     3.000     2.000     0.817
     3.000     3.000     2.000     2.000     2.000    -0.156
     4.000     4.000     3.000     4.000     3.000     1.190
     3.000     2.000     2.000     3.000     3.000    -0.175
     4.000     4.000     3.000     4.000     3.000     1.190
     3.000     3.000     3.000     4.000     2.000     0.390
     0.000     1.000     0.000     2.000     1.000    -1.864
     0.000     1.000     0.000     2.000     1.000    -1.864
     4.000     4.000     3.000     4.000     3.000     1.190
     3.000     3.000     2.000     2.000     2.000    -0.156
     3.000     3.000     2.000     3.000     3.000     0.047
     3.000     2.000     2.000     3.000     1.000    -0.406
     2.000     4.000     1.000     2.000     3.000    -0.365
     4.000     4.000     3.000     4.000     2.000     0.976
     2.000     3.000     2.000     3.000     2.000    -0.276
     3.000     4.000     3.000     4.000     1.000     0.514
     3.000     2.000     1.000     4.000     2.000    -0.557
     2.000     3.000     2.000     4.000     2.000    -0.184
     3.000     2.000     2.000     3.000     1.000    -0.406
     2.000     3.000     1.000     3.000     1.000    -0.729
     4.000     4.000     3.000     4.000     4.000     1.475
     3.000     2.000     1.000     2.000     2.000    -0.719
     2.000     2.000     2.000     3.000     3.000    -0.377
     3.000     2.000     3.000     2.000     2.000    -0.022
     3.000     2.000     2.000     3.000     3.000    -0.175
     2.000     3.000     2.000     3.000     3.000    -0.160
     2.000     2.000     2.000     1.000     2.000    -0.655
     3.000     2.000     2.000     3.000     1.000    -0.406
     4.000     3.000     2.000     3.000     3.000     0.257
     1.000     2.000     1.000     3.000     1.000    -1.108
     2.000     2.000     2.000     3.000     2.000    -0.492
     4.000     3.000     3.000     3.000     2.000     0.524
     4.000     4.000     3.000     3.000     3.000     0.999
     3.000     2.000     2.000     2.000     2.000    -0.377
     3.000     3.000     3.000     2.000     3.000     0.319
     1.000     2.000     0.000     2.000     1.000    -1.526
     4.000     3.000     3.000     3.000     3.000     0.666
     4.000     3.000     3.000     3.000     2.000     0.524
     4.000     4.000     3.000     3.000     3.000     0.999
     4.000     4.000     3.000     4.000     4.000     1.475
     2.000     4.000     2.000     2.000     2.000    -0.114
     2.000     3.000     2.000     3.000     3.000    -0.160
