     0.000     2.000     1.000     0.000     0.000    -1.453
     1.000     2.000     2.000     1.000     2.000    -0.434
     2.000     3.000     2.000     1.000     4.000     0.206
     2.000     2.000     2.000     1.000     3.000     0.055
     3.000     3.000     4.000     3.000     2.000     1.366
     1.000     1.000     2.000     1.000     1.000    -0.585
     2.000     2.000     2.000     2.000     2.000     0.243
     2.000     2.000     2.000     2.000     3.000     0.286
     1.000     1.000     2.000     1.000     2.000    -0.548
     2.000     1.000     2.000     2.000     1.000     0.095
     3.000     2.000     4.000     1.000     4.000     0.953
     1.000     3.000     3.000     2.000     3.000     0.120
     2.000     1.000     2.000     2.000     2.000     0.132
     2.000     1.000     3.000     1.000     3.000     0.137
     1.000     1.000     3.000     1.000     2.000    -0.358
     1.000     0.000     1.000     0.000     2.000    -1.135
     0.000     0.000     1.000     1.000     3.000    -1.294
     1.000     2.000     3.000     0.000     2.000    -0.505
     2.000     1.000     2.000     1.000     0.000    -0.168
     1.000     0.000     1.000     1.000     3.000    -0.822
     0.000     0.000     2.000     0.000     2.000    -1.460
     1.000     2.000     2.000     3.000     2.000     0.007
     1.000     1.000     1.000     2.000     3.000    -0.448
     2.000     1.000     2.000     1.000     2.000    -0.099
     2.000     1.000     3.000     2.000     3.000     0.370
     1.000     1.000     2.000     2.000     1.000    -0.346
     2.000     2.000     1.000     1.000     3.000    -0.130
     0.000     0.000     3.000     1.000     3.000    -0.915
     2.000     1.000     2.000     1.000     2.000    -0.099
     3.000     1.000     2.000     2.000     3.000     0.632
     1.000     1.000     3.000     1.000     3.000    -0.315
     1.000     0.000     2.000     1.000     3.000    -0.638
     1.000     2.000     2.000     1.000     3.000    -0.391
     1.000     2.000     3.000     4.000     3.000     0.419
     4.000     4.000     3.000     3.000     2.000     1.690
     1.000     1.000     1.000     1.000     2.000    -0.731
     3.000     3.000     3.000     2.000     3.000     1.012
     1.000     1.000     2.000     2.000     1.000    -0.346
     2.000     1.000     2.000     2.000     3.000     0.175
     2.000     3.000     2.000     1.000     3.000     0.157
     1.000     0.000     3.000     0.000     3.000    -0.712
     1.000     0.000     3.000     1.000     2.000    -0.490
     2.000     2.000     2.000     2.000     3.000     0.286
     3.000     3.000     3.000     3.000     3.000     1.207
     2.000     0.000     3.000     2.000     1.000     0.157
     1.000     2.000     2.000     1.000     3.000    -0.391
     2.000     1.000     3.000     2.000     1.000     0.289
     1.000     1.000     2.000     0.000     2.000    -0.813
     2.000     3.000     1.000     1.000     2.000    -0.072
     1.000     1.000     2.000     1.000     4.000    -0.456
     0.000     1.000     4.000     0.000     2.000    -0.852
     0.000     2.000     3.000     2.000     3.000    -0.453
     3.000     2.000     3.000     0.000     1.000     0.386
     1.000     0.000     2.000     1.000     4.000    -0.589
     0.000     0.000     2.000     3.000     1.000    -0.721
     0.000     0.000     1.000     0.000     2.000    -1.691
     0.000     2.000     1.000     1.000     3.000    -1.034
     2.000     2.000     2.000     2.000     2.000     0.243
     2.000     3.000     4.000     2.000     3.000     0.801
     2.000     2.000     2.000     2.000     2.000     0.243
     0.000     0.000     2.000     1.000     2.000    -1.149
     0.000     2.000     2.000     0.000     2.000    -1.171
     1.000     1.000     1.000     1.000     3.000    -0.688
     1.000     1.000     2.000     1.000     3.000    -0.505
     2.000     3.000     3.000     3.000     1.000     0.714
     1.000     1.000     1.000     3.000     3.000    -0.235
     0.000     3.000     2.000     1.000     3.000    -0.759
     1.000     1.000     3.000     1.000     3.000    -0.315
     2.000     3.000     3.000     2.000     2.000     0.541
     0.000     0.000     2.000     1.000     2.000    -1.149
     2.000     2.000     3.000     1.000     3.000     0.249
     1.000     1.000     2.000     1.000     3.000    -0.505
     1.000     3.000     3.000     0.000     3.000    -0.360
     3.000     1.000     3.000     1.000     2.000     0.565
     2.000     2.000     2.000     2.000     2.000     0.243
     3.000     3.000     3.000     3.000     3.000     1.207
     2.000     1.000     2.000     1.000     3.000    -0.056
     0.000     1.000     1.000     0.000     4.000    -1.401
     3.000     2.000     3.000     1.000     2.000     0.666
     0.000     1.000     1.000     1.000     3.000    -1.151
     3.000     1.000     3.000     1.000     3.000     0.605
     4.000     4.000     3.000     3.000     3.000     1.734
     2.000     2.000     3.000     2.000     3.000     0.482
     2.000     1.000     2.000     0.000     1.000    -0.389
     1.000     2.000     3.000     2.000     3.000     0.024
     1.000     1.000     2.000     1.000     3.000    -0.505
     3.000     1.000     3.000     3.000     3.000     1.011
     0.000     2.000     1.000     0.000     3.000    -1.321
     1.000     2.000     3.000     2.000     2.000    -0.017
     0.000     1.000     3.000     2.000     3.000    -0.557
     2.000     2.000     3.000     1.000     3.000     0.249
     1.000     2.000     3.000     1.000     3.000    -0.203
     1.000     1.000     3.000     1.000     3.000    -0.315
     3.000     2.000     3.000     3.000     2.000     1.071
     2.000     0.000     2.000     0.000     2.000    -0.480
     1.000     2.000     2.000     2.000     2.000    -0.201
     2.000     2.000     4.000     2.000     2.000     0.658
     3.000     3.000     3.000     3.000     3.000     1.207
     2.000     1.000     2.000     2.000     1.000     0.095
     1.000     1.000     1.000     1.000     2.000    -0.731
     3.000     3.000     2.000     0.000     2.000     0.336
     1.000     1.000     2.000     1.000     2.000    -0.548
     1.000     2.000     3.000     1.000     3.000    -0.203
     2.000     2.000     3.000     3.000     3.000     0.694
     3.000     2.000     3.000     3.000     3.000     1.112
     1.000     2.000     4.000     4.000     3.000     0.617
     1.000     1.000     3.000     1.000     3.000    -0.315
     1.000     2.000     2.000     1.000     3.000    -0.391
     1.000     1.000     2.000     1.000     2.000    -0.548
     2.000     4.000     3.000     3.000     4.000     0.953
     0.000     1.000     1.000     0.000     2.000    -1.510
     4.000     1.000     3.000     3.000     3.000     1.417
     2.000     3.000     2.000     2.000     3.000     0.387
     2.000     2.000     2.000     2.000     2.000     0.243
     3.000     2.000     3.000     2.000     3.000     0.917
     2.000     4.000     2.000     2.000     3.000     0.498
     2.000     2.000     1.000     1.000     3.000    -0.130
     3.000     1.000     3.000     3.000     2.000     0.970
     2.000     1.000     3.000     1.000     3.000     0.137
     0.000     1.000     0.000     0.000     1.000    -1.807
     0.000     0.000     1.000     0.000     3.000    -1.634
     1.000     1.000     1.000     3.000     3.000    -0.235
     3.000     3.000     3.000     3.000     1.000     1.131
     1.000     1.000     1.000     1.000     2.000    -0.731
     4.000     0.000     3.000     4.000     3.000     1.504
     3.000     3.000     3.000     3.000     2.000     1.167
     0.000     1.000     1.000     0.000     2.000    -1.510
     1.000     1.000     2.000     1.000     2.000    -0.548
     3.000     3.000     3.000     3.000     2.000     1.167
     2.000     2.000     3.000     2.000     3.000     0.482
     2.000     1.000     1.000     2.000     3.000    -0.010
     2.000     2.000     3.000     1.000     3.000     0.249
     2.000     1.000     2.000     2.000     4.000     0.224
     1.000     2.000     2.000     2.000     3.000    -0.159
     0.000     2.000     3.000     1.000     2.000    -0.717
     2.000     1.000     3.000     1.000     3.000     0.137
     3.000     2.000     3.000     1.000     3.000     0.706
     1.000     1.000     3.000     1.000     1.000    -0.394
     2.000     1.000     2.000     1.000     2.000    -0.099
     2.000     2.000     2.000     2.000     2.000     0.243
     2.000     2.000     1.000     3.000     3.000     0.310
     1.000     3.000     3.000     1.000     1.000    -0.182
     2.000     2.000     2.000     2.000     1.000     0.206
     0.000     1.000     2.000     1.000     1.000    -1.049
     1.000     0.000     3.000     1.000     4.000    -0.398
     3.000     2.000     2.000     2.000     2.000     0.692
     2.000     2.000     3.000     1.000     3.000     0.249
     1.000     2.000     2.000     2.000     3.000    -0.159
     1.000     2.000     2.000     2.000     3.000    -0.159
     1.000     2.000     2.000     1.000     3.000    -0.391
     2.000     3.000     2.000     2.000     3.000     0.387
     1.000     3.000     2.000     2.000     4.000    -0.016
     1.000     1.000     3.000     1.000     2.000    -0.358
     2.000     0.000     3.000     1.000     2.000    -0.039
     0.000     1.000     0.000     0.000     4.000    -1.632
     2.000     3.000     3.000     3.000     4.000     0.842
     1.000     3.000     1.000     1.000     3.000    -0.473
     1.000     1.000     1.000     3.000     3.000    -0.235
     2.000     3.000     3.000     2.000     3.000     0.584
     3.000     1.000     4.000     2.000     3.000     1.016
     2.000     2.000     3.000     3.000     3.000     0.694
     1.000     1.000     2.000     0.000     0.000    -0.885
     1.000     2.000     2.000     0.000     2.000    -0.696
     2.000     2.000     3.000     2.000     2.000     0.438
     3.000     0.000     2.000     2.000     2.000     0.473
     1.000     3.000     2.000     0.000     0.000    -0.664
     3.000     3.000     3.000     2.000     3.000     1.012
     1.000     2.000     2.000     1.000     2.000    -0.434
     1.000     3.000     0.000     1.000     4.000    -0.613
     0.000     2.000     2.000     1.000     2.000    -0.898
     3.000     4.000     4.000     0.000     3.000     0.852
     2.000     1.000     2.000     2.000     2.000     0.132
     2.000     1.000     3.000     2.000     2.000     0.326
     1.000     1.000     3.000     1.000     4.000    -0.266
     1.000     1.000     3.000     2.000     1.000    -0.161
     2.000     2.000     3.000     3.000     3.000     0.694
     2.000     3.000     2.000     2.000     2.000     0.344
     2.000     2.000     4.000     3.000     3.000     0.906
     2.000     1.000     2.000     1.000     2.000    -0.099
     1.000     3.000     3.000     4.000     0.000     0.408
     2.000     0.000     2.000     3.000     2.000     0.216
     1.000     1.000     3.000     2.000     1.000    -0.161
     1.000     1.000     1.000     1.000     1.000    -0.768
     0.000     2.000     2.000     1.000     1.000    -0.934
     2.000     1.000     2.000     1.000     2.000    -0.099
     2.000     1.000     3.000     2.000     2.000     0.326
     2.000     2.000     2.000     2.000     3.000     0.286
     2.000     1.000     3.000     3.000     3.000     0.584
     2.000     0.000     2.000     1.000     3.000    -0.186
     2.000     2.000     2.000     2.000     4.000     0.334
     1.000     1.000     3.000     2.000     2.000    -0.125
     2.000     3.000     2.000     0.000     0.000    -0.214
     1.000     0.000     2.000     1.000     2.000    -0.681
     0.000     0.000     1.000     0.000     4.000    -1.570
     3.000     3.000     4.000     2.000     3.000     1.213
     1.000     1.000     2.000     0.000     1.000    -0.850
     3.000     2.000     2.000     2.000     2.000     0.692
     2.000     3.000     3.000     2.000     3.000     0.584
     3.000     2.000     3.000     2.000     3.000     0.917
     4.000     3.000     4.000     4.000     3.000     2.098
     2.000     1.000     3.000     2.000     2.000     0.326
     1.000     2.000     2.000     2.000     3.000    -0.159
     2.000     1.000     2.000     2.000     2.000     0.132
     0.000     0.000     0.000     0.000     3.000    -1.905
     2.000     3.000     3.000     2.000     4.000     0.633
     3.000     3.000     3.000     3.000     3.000     1.207
     3.000     3.000     4.000     3.000     4.000     1.453
     3.000     3.000     3.000     2.000     2.000     0.972
     0.000     2.000     2.000     0.000     2.000    -1.171
     2.000     2.000     3.000     1.000     2.000     0.206
     0.000     0.000     1.000     1.000     1.000    -1.379
     3.000     3.000     3.000     4.000     3.000     1.416
     1.000     2.000     2.000     1.000     2.000    -0.434
     0.000     1.000     3.000     0.000     0.000    -1.168
     2.000     3.000     3.000     1.000     4.000     0.403
     2.000     2.000     2.000     1.000     2.000     0.012
     2.000     1.000     2.000     1.000     2.000    -0.099
     2.000     1.000     3.000     2.000     3.000     0.370
     2.000     1.000     2.000     0.000     2.000    -0.353
     2.000     1.000     2.000     2.000     3.000     0.175
     3.000     2.000     4.000     3.000     4.000     1.358
     2.000     1.000     2.000     1.000     4.000    -0.008
     4.000     2.000     4.000     4.000     1.000     1.886
     2.000     2.000     3.000     2.000     3.000     0.482
     1.000     0.000     2.000     1.000     3.000    -0.638
     1.000     1.000     1.000     0.000     2.000    -0.998
     2.000     2.000     2.000     1.000     4.000     0.104
     2.000     1.000     2.000     3.000     3.000     0.389
     1.000     1.000     3.000     1.000     2.000    -0.358
     1.000     1.000     2.000     2.000     2.000    -0.310
     3.000     3.000     4.000     3.000     3.000     1.407
     3.000     2.000     4.000     2.000     3.000     1.118
     2.000     2.000     2.000     2.000     2.000     0.243
     2.000     1.000     2.000     1.000     1.000    -0.135
     1.000     1.000     2.000     0.000     1.000    -0.850
     2.000     1.000     2.000     2.000     4.000     0.224
     1.000     1.000     2.000     1.000     2.000    -0.548
     3.000     1.000     3.000     3.000     4.000     1.057
     3.000     1.000     2.000     1.000     2.000     0.385
     2.000     1.000     3.000     1.000     3.000     0.137
     1.000     1.000     2.000     1.000     2.000    -0.548
     1.000     1.000     2.000     1.000     3.000    -0.505
     2.000     3.000     3.000     1.000     3.000     0.353
     1.000     0.000     3.000     1.000     3.000    -0.447
     1.000     2.000     2.000     2.000     2.000    -0.201
     2.000     4.000     3.000     2.000     3.000     0.696
     2.000     1.000     3.000     2.000     1.000     0.289
     1.000     0.000     1.000     1.000     3.000    -0.822
     1.000     1.000     3.000     1.000     2.000    -0.358
     1.000     1.000     2.000     1.000     2.000    -0.548
     3.000     2.000     3.000     2.000     4.000     0.963
     0.000     0.000     1.000     1.000     3.000    -1.294
     2.000     1.000     3.000     2.000     3.000     0.370
     2.000     1.000     2.000     1.000     2.000    -0.099
     3.000     1.000     2.000     3.000     3.000     0.824
     2.000     1.000     2.000     2.000     2.000     0.132
     3.000     2.000     3.000     3.000     3.000     1.112
     2.000     4.000     3.000     2.000     3.000     0.696
     2.000     3.000     3.000     3.000     3.000     0.794
     0.000     1.000     1.000     1.000     3.000    -1.151
     2.000     2.000     3.000     2.000     3.000     0.482
     1.000     1.000     1.000     1.000     2.000    -0.731
     2.000     2.000     2.000     2.000     2.000     0.243
     1.000     1.000     3.000     2.000     3.000    -0.083
     1.000     2.000     3.000     1.000     2.000    -0.245
     1.000     0.000     1.000     0.000     2.000    -1.135
     3.000     4.000     3.000     1.000     3.000     0.906
     3.000     2.000     3.000     2.000     3.000     0.917
     3.000     3.000     3.000     3.000     4.000     1.254
     0.000     2.000     1.000     1.000     2.000    -1.077
     2.000     1.000     2.000     1.000     2.000    -0.099
     1.000     2.000     1.000     0.000     2.000    -0.881
     0.000     0.000     2.000     0.000     4.000    -1.352
     2.000     2.000     2.000     0.000     2.000    -0.244
     1.000     1.000     2.000     1.000     2.000    -0.548
     1.000     2.000     2.000     1.000     2.000    -0.434
     0.000     2.000     4.000     0.000     2.000    -0.741
     2.000     2.000     3.000     2.000     2.000     0.438
     2.000     4.000     2.000     2.000     2.000     0.455
     2.000     1.000     3.000     1.000     3.000     0.137
     2.000     2.000     2.000     1.000     3.000     0.055
     0.000     1.000     3.000     0.000     2.000    -1.093
     2.000     2.000     2.000     2.000     0.000     0.173
     0.000     1.000     1.000     0.000     2.000    -1.510
     4.000     4.000     4.000     4.000     4.000     2.322
     2.000     2.000     3.000     2.000     2.000     0.438
     2.000     2.000     3.000     1.000     3.000     0.249
     1.000     2.000     2.000     1.000     3.000    -0.391
     3.000     2.000     3.000     3.000     2.000     1.071
     1.000     1.000     2.000     1.000     1.000    -0.585
     1.000     2.000     2.000     3.000     3.000     0.047
     3.000     3.000     3.000     4.000     3.000     1.416
     3.000     3.000     3.000     1.000     3.000     0.801
     2.000     2.000     3.000     1.000     4.000     0.299
     4.000     2.000     3.000     3.000     3.000     1.519
     1.000     3.000     3.000     1.000     3.000    -0.104
     2.000     2.000     3.000     1.000     1.000     0.168
     2.000     3.000     1.000     1.000     2.000    -0.072
     1.000     2.000     3.000     2.000     2.000    -0.017
     2.000     2.000     2.000     2.000     3.000     0.286
     2.000     3.000     2.000     1.000     2.000     0.114
     1.000     1.000     2.000     1.000     2.000    -0.548
     4.000     4.000     4.000     4.000     1.000     2.147
     1.000     0.000     0.000     1.000     1.000    -1.087
     2.000     3.000     1.000     1.000     2.000    -0.072
     1.000     1.000     2.000     0.000     2.000    -0.813
     1.000     1.000     2.000     2.000     3.000    -0.268
     0.000     2.000     2.000     0.000     3.000    -1.126
     1.000     2.000     2.000     0.000     3.000    -0.653
     1.000     1.000     1.000     1.000     3.000    -0.688
     1.000     2.000     3.000     1.000     2.000    -0.245
     3.000     2.000     3.000     2.000     3.000     0.917
     1.000     2.000     2.000     3.000     2.000     0.007
     2.000     1.000     2.000     1.000     3.000    -0.056
     2.000     2.000     2.000     0.000     2.000    -0.244
     0.000     2.000     2.000     0.000     1.000    -1.210
     2.000     1.000     3.000     2.000     3.000     0.370
     2.000     1.000     3.000     2.000     0.000     0.255
     1.000     2.000     1.000     1.000     3.000    -0.574
     2.000     2.000     2.000     2.000     2.000     0.243
     3.000     2.000     3.000     2.000     3.000     0.917
     0.000     0.000     2.000     1.000     3.000    -1.105
     2.000     3.000     2.000     2.000     2.000     0.344
     1.000     1.000     1.000     1.000     1.000    -0.768
     2.000     1.000     3.000     3.000     3.000     0.584
     2.000     3.000     3.000     1.000     1.000     0.271
     2.000     1.000     2.000     1.000     3.000    -0.056
     1.000     1.000     2.000     0.000     3.000    -0.769
     1.000     1.000     2.000     1.000     3.000    -0.505
     2.000     0.000     2.000     2.000     3.000     0.045
     2.000     4.000     3.000     0.000     0.000     0.082
     1.000     3.000     3.000     2.000     2.000     0.079
     0.000     2.000     2.000     0.000     0.000    -1.248
     2.000     2.000     3.000     2.000     2.000     0.438
     1.000     3.000     3.000     2.000     3.000     0.120
     4.000     4.000     2.000     4.000     1.000     1.667
     2.000     1.000     3.000     2.000     3.000     0.370
     1.000     3.000     2.000     0.000     3.000    -0.550
     1.000     2.000     3.000     0.000     2.000    -0.505
     0.000     1.000     3.000     1.000     2.000    -0.827
     2.000     1.000     2.000     2.000     4.000     0.224
     1.000     1.000     1.000     1.000     1.000    -0.768
     1.000     4.000     3.000     2.000     4.000     0.268
     2.000     3.000     3.000     1.000     2.000     0.309
     2.000     2.000     2.000     2.000     3.000     0.286
     2.000     1.000     3.000     2.000     2.000     0.326
     1.000     1.000     1.000     1.000     2.000    -0.731
     2.000     3.000     3.000     2.000     3.000     0.584
     1.000     1.000     2.000     1.000     2.000    -0.548
     2.000     2.000     3.000     3.000     2.000     0.651
     3.000     2.000     3.000     2.000     0.000     0.811
     4.000     1.000     3.000     4.000     4.000     1.687
     4.000     1.000     3.000     4.000     4.000     1.687
     2.000     1.000     4.000     2.000     2.000     0.549
     2.000     3.000     3.000     2.000     2.000     0.541
     2.000     2.000     3.000     2.000     2.000     0.438
     1.000     1.000     3.000     2.000     1.000    -0.161
     1.000     2.000     4.000     0.000     2.000    -0.275
     2.000     2.000     3.000     0.000     3.000    -0.015
     2.000     0.000     2.000     0.000     4.000    -0.392
     3.000     0.000     3.000     3.000     1.000     0.813
     2.000     3.000     2.000     2.000     2.000     0.344
     1.000     0.000     3.000     3.000     2.000    -0.042
     1.000     0.000     3.000     1.000     3.000    -0.447
     1.000     0.000     1.000     1.000     2.000    -0.865
     2.000     1.000     2.000     1.000     3.000    -0.056
     2.000     1.000     2.000     1.000     2.000    -0.099
     1.000     1.000     3.000     0.000     0.000    -0.692
     1.000     3.000     3.000     2.000     4.000     0.166
     2.000     2.000     2.000     1.000     2.000     0.012
     1.000     0.000     2.000     0.000     3.000    -0.906
     0.000     1.000     1.000     0.000     4.000    -1.401
     1.000     0.000     1.000     1.000     1.000    -0.901
     2.000     2.000     3.000     2.000     2.000     0.438
     2.000     1.000     4.000     1.000     2.000     0.319
     1.000     1.000     2.000     1.000     2.000    -0.548
     0.000     1.000     3.000     0.000     1.000    -1.132
     4.000     4.000     4.000     4.000     4.000     2.322
     1.000     1.000     2.000     1.000     2.000    -0.548
     3.000     3.000     2.000     1.000     3.000     0.617
     2.000     1.000     3.000     1.000     3.000     0.137
     2.000     3.000     2.000     2.000     4.000     0.436
     2.000     1.000     3.000     2.000     2.000     0.326
     2.000     2.000     2.000     1.000     4.000     0.104
     2.000     2.000     2.000     0.000     2.000    -0.244
     2.000     2.000     2.000     2.000     2.000     0.243
     2.000     2.000     3.000     3.000     2.000     0.651
