     3.000     1.000     3.000     4.000     1.000     0.500
     1.000     2.000     3.000     3.000     1.000    -0.070
     3.000     2.000     2.000     3.000     2.000     0.324
     2.000     2.000     3.000     3.000     2.000     0.277
     4.000     2.000     3.000     3.000     3.000     0.867
     1.000     1.000     1.000     1.000     1.000    -0.931
     3.000     1.000     2.000     3.000     1.000     0.067
     2.000     3.000     3.000     2.000     2.000     0.174
     1.000     3.000     3.000     2.000     2.000    -0.042
     1.000     2.000     2.000     2.000     2.000    -0.327
     3.000     2.000     1.000     2.000     0.000    -0.293
     3.000     3.000     3.000     1.000     2.000     0.187
     1.000     2.000     2.000     2.000     1.000    -0.444
     0.000     1.000     2.000     2.000     2.000    -0.706
     1.000     1.000     2.000     2.000     1.000    -0.581
     0.000     0.000     0.000     2.000     0.000    -1.496
     0.000     3.000     3.000     1.000     3.000    -0.362
     2.000     2.000     3.000     3.000     1.000     0.154
     1.000     2.000     2.000     1.000     0.000    -0.784
     1.000     1.000     1.000     3.000     1.000    -0.515
     2.000     1.000     1.000     3.000     0.000    -0.429
     3.000     2.000     2.000     3.000     2.000     0.324
     1.000     2.000     3.000     3.000     3.000     0.181
     1.000     1.000     3.000     1.000     2.000    -0.512
     2.000     2.000     3.000     2.000     2.000     0.040
     3.000     3.000     3.000     3.000     1.000     0.512
     0.000     2.000     1.000     2.000     2.000    -0.711
     0.000     0.000     3.000     2.000     1.000    -0.837
     4.000     2.000     2.000     3.000     3.000     0.683
     1.000     2.000     1.000     1.000     2.000    -0.668
     2.000     3.000     3.000     3.000     1.000     0.295
     0.000     1.000     3.000     2.000     2.000    -0.557
     2.000     1.000     3.000     3.000     2.000     0.137
     2.000     3.000     0.000     3.000     0.000    -0.319
     3.000     3.000     4.000     4.000     2.000     1.112
     1.000     1.000     1.000     2.000     1.000    -0.725
     3.000     4.000     4.000     4.000     2.000     1.283
     1.000     1.000     2.000     2.000     2.000    -0.463
     2.000     2.000     2.000     2.000     1.000    -0.229
     3.000     3.000     3.000     3.000     3.000     0.769
     2.000     3.000     4.000     4.000     3.000     1.025
     0.000     0.000     0.000     1.000     0.000    -1.773
     2.000     1.000     3.000     1.000     3.000    -0.168
     3.000     3.000     2.000     3.000     1.000     0.342
     0.000     0.000     0.000     0.000     0.000    -2.112
     3.000     2.000     3.000     3.000     3.000     0.624
     2.000     2.000     3.000     2.000     2.000     0.040
     1.000     0.000     2.000     1.000     1.000    -0.944
     3.000     3.000     3.000     3.000     3.000     0.769
     1.000     4.000     3.000     3.000     3.000     0.485
     1.000     2.000     0.000     1.000     0.000    -1.109
     2.000     0.000     0.000     3.000     0.000    -0.760
     2.000     3.000     3.000     3.000     2.000     0.418
     0.000     2.000     1.000     2.000     2.000    -0.711
     0.000     0.000     0.000     2.000     0.000    -1.496
     2.000     1.000     1.000     1.000     0.000    -0.845
     2.000     3.000     3.000     2.000     3.000     0.298
     2.000     2.000     2.000     2.000     2.000    -0.114
     4.000     3.000     4.000     4.000     4.000     1.765
     1.000     2.000     2.000     2.000     2.000    -0.327
     1.000     2.000     2.000     2.000     3.000    -0.206
     3.000     2.000     0.000     2.000     1.000    -0.322
     1.000     1.000     0.000     2.000     0.000    -1.039
     0.000     0.000     0.000     2.000     0.000    -1.496
     3.000     3.000     3.000     3.000     2.000     0.636
     1.000     2.000     2.000     1.000     3.000    -0.402
     3.000     2.000     3.000     3.000     1.000     0.371
     2.000     4.000     2.000     1.000     2.000    -0.021
     3.000     2.000     2.000     3.000     2.000     0.324
     2.000     2.000     2.000     4.000     0.000     0.132
     2.000     3.000     3.000     3.000     2.000     0.418
     2.000     1.000     2.000     3.000     2.000    -0.026
     3.000     3.000     1.000     3.000     3.000     0.447
     1.000     3.000     2.000     3.000     2.000     0.028
     2.000     2.000     2.000     2.000     2.000    -0.114
     4.000     3.000     3.000     3.000     2.000     0.879
     1.000     1.000     1.000     1.000     0.000    -1.082
     1.000     3.000     3.000     3.000     2.000     0.192
     2.000     0.000     3.000     3.000     0.000    -0.286
     2.000     2.000     3.000     2.000     2.000     0.040
     1.000     4.000     3.000     2.000     4.000     0.393
     4.000     3.000     3.000     4.000     2.000     1.165
     2.000     2.000     3.000     3.000     1.000     0.154
     1.000     2.000     3.000     3.000     1.000    -0.070
     2.000     1.000     1.000     3.000     1.000    -0.291
     1.000     2.000     1.000     1.000     1.000    -0.788
     2.000     2.000     2.000     3.000     1.000    -0.008
     2.000     2.000     2.000     3.000     1.000    -0.008
     3.000     3.000     2.000     3.000     1.000     0.342
     1.000     4.000     4.000     3.000     2.000     0.564
     2.000     3.000     3.000     3.000     1.000     0.295
     3.000     3.000     4.000     4.000     3.000     1.253
     1.000     1.000     1.000     3.000     1.000    -0.515
     2.000     2.000     2.000     3.000     2.000     0.112
     0.000     0.000     0.000     0.000     0.000    -2.112
     2.000     2.000     3.000     3.000     1.000     0.154
     2.000     2.000     3.000     2.000     2.000     0.040
     3.000     3.000     3.000     3.000     1.000     0.512
     2.000     2.000     3.000     3.000     2.000     0.277
     1.000     0.000     1.000     2.000     1.000    -0.883
     3.000     1.000     2.000     3.000     1.000     0.067
     1.000     1.000     3.000     2.000     3.000    -0.189
     3.000     2.000     1.000     3.000     3.000     0.308
     1.000     2.000     3.000     3.000     3.000     0.181
     3.000     2.000     1.000     3.000     0.000    -0.072
     4.000     1.000     3.000     4.000     3.000     1.002
     1.000     1.000     1.000     1.000     1.000    -0.931
     3.000     1.000     3.000     3.000     3.000     0.485
     1.000     1.000     1.000     2.000     1.000    -0.725
     4.000     4.000     4.000     4.000     3.000     1.785
     1.000     3.000     3.000     3.000     2.000     0.192
     2.000     3.000     3.000     3.000     3.000     0.549
     3.000     4.000     3.000     4.000     3.000     1.211
     2.000     2.000     4.000     4.000     3.000     0.880
     2.000     3.000     2.000     3.000     1.000     0.129
     4.000     3.000     3.000     4.000     2.000     1.165
     2.000     3.000     3.000     4.000     2.000     0.685
     3.000     1.000     0.000     3.000     0.000    -0.379
     2.000     2.000     3.000     3.000     2.000     0.277
     1.000     0.000     1.000     2.000     0.000    -1.031
     1.000     1.000     2.000     3.000     1.000    -0.369
     1.000     3.000     3.000     4.000     2.000     0.462
     4.000     2.000     4.000     4.000     2.000     1.229
     1.000     1.000     2.000     1.000     2.000    -0.663
     0.000     1.000     0.000     1.000     0.000    -1.562
     3.000     3.000     3.000     3.000     2.000     0.636
     1.000     2.000     2.000     2.000     1.000    -0.444
     1.000     1.000     2.000     3.000     2.000    -0.248
     3.000     4.000     2.000     4.000     2.000     0.883
     3.000     3.000     3.000     3.000     2.000     0.636
     1.000     2.000     2.000     1.000     1.000    -0.643
     4.000     2.000     2.000     3.000     2.000     0.552
     1.000     3.000     2.000     1.000     2.000    -0.391
     3.000     0.000     1.000     4.000     0.000    -0.091
     2.000     3.000     3.000     1.000     2.000    -0.021
     2.000     3.000     2.000     3.000     3.000     0.377
     3.000     3.000     3.000     3.000     3.000     0.769
     0.000     3.000     2.000     2.000     0.000    -0.692
     2.000     1.000     2.000     3.000     1.000    -0.146
     3.000     3.000     2.000     3.000     1.000     0.342
     3.000     2.000     3.000     3.000     3.000     0.624
     3.000     1.000     3.000     3.000     1.000     0.231
     2.000     2.000     3.000     2.000     2.000     0.040
     2.000     1.000     2.000     3.000     1.000    -0.146
     1.000     1.000     0.000     1.000     0.000    -1.262
     2.000     2.000     3.000     3.000     1.000     0.154
     3.000     3.000     2.000     3.000     0.000     0.209
     3.000     2.000     3.000     3.000     2.000     0.493
     2.000     2.000     1.000     2.000     1.000    -0.369
     3.000     1.000     2.000     2.000     0.000    -0.287
     3.000     3.000     2.000     3.000     1.000     0.342
     4.000     3.000     1.000     4.000     1.000     0.692
     2.000     2.000     3.000     2.000     2.000     0.040
     0.000     0.000     2.000     2.000     0.000    -1.140
     3.000     4.000     0.000     2.000     1.000    -0.039
     3.000     2.000     0.000     3.000     0.000    -0.239
     1.000     1.000     3.000     3.000     1.000    -0.212
     2.000     1.000     3.000     2.000     3.000     0.028
     4.000     2.000     3.000     3.000     2.000     0.730
     1.000     3.000     4.000     2.000     3.000     0.286
     3.000     3.000     2.000     3.000     1.000     0.342
     1.000     1.000     3.000     3.000     1.000    -0.212
     2.000     2.000     3.000     3.000     0.000     0.019
     2.000     3.000     3.000     3.000     2.000     0.418
     0.000     1.000     1.000     1.000     1.000    -1.192
     4.000     3.000     3.000     4.000     3.000     1.317
     3.000     3.000     1.000     3.000     1.000     0.198
     1.000     2.000     2.000     3.000     2.000    -0.109
     3.000     3.000     3.000     3.000     3.000     0.769
     2.000     1.000     1.000     2.000     0.000    -0.641
     4.000     1.000     3.000     4.000     0.000     0.600
     1.000     1.000     3.000     1.000     1.000    -0.633
     3.000     1.000     1.000     3.000     1.000    -0.077
     1.000     3.000     1.000     3.000     0.000    -0.376
     3.000     1.000     3.000     1.000     1.000    -0.199
     2.000     2.000     3.000     3.000     2.000     0.277
     3.000     2.000     3.000     3.000     1.000     0.371
     2.000     3.000     2.000     2.000     2.000     0.017
     2.000     1.000     2.000     2.000     1.000    -0.363
     4.000     1.000     4.000     3.000     2.000     0.800
     1.000     2.000     2.000     2.000     0.000    -0.580
     2.000     3.000     3.000     3.000     1.000     0.295
     3.000     1.000     3.000     1.000     0.000    -0.332
     2.000     2.000     3.000     3.000     2.000     0.277
     1.000     1.000     2.000     2.000     1.000    -0.581
     1.000     1.000     2.000     3.000     1.000    -0.369
     2.000     2.000     3.000     2.000     2.000     0.040
     1.000     2.000     2.000     2.000     1.000    -0.444
     0.000     0.000     2.000     0.000     0.000    -1.667
     2.000     3.000     3.000     2.000     3.000     0.298
     1.000     1.000     1.000     2.000     1.000    -0.725
     4.000     3.000     1.000     4.000     2.000     0.816
     2.000     1.000     3.000     1.000     2.000    -0.291
     0.000     1.000     2.000     2.000     1.000    -0.825
     4.000     3.000     3.000     4.000     3.000     1.317
     1.000     0.000     3.000     2.000     2.000    -0.470
     2.000     2.000     2.000     2.000     1.000    -0.229
     4.000     2.000     2.000     3.000     1.000     0.430
     3.000     3.000     2.000     3.000     2.000     0.462
     4.000     4.000     3.000     3.000     0.000     0.782
     1.000     1.000     1.000     2.000     1.000    -0.725
     2.000     2.000     3.000     2.000     2.000     0.040
     2.000     2.000     2.000     3.000     2.000     0.112
     0.000     3.000     3.000     3.000     2.000    -0.065
     3.000     3.000     3.000     2.000     3.000     0.506
     3.000     3.000     2.000     3.000     1.000     0.342
     4.000     3.000     1.000     3.000     0.000     0.292
     3.000     2.000     1.000     3.000     1.000     0.061
     0.000     0.000     2.000     2.000     0.000    -1.140
     1.000     3.000     3.000     2.000     1.000    -0.160
     1.000     2.000     4.000     1.000     2.000    -0.161
     3.000     3.000     2.000     3.000     2.000     0.462
     3.000     3.000     2.000     3.000     3.000     0.591
     2.000     0.000     2.000     4.000     2.000     0.088
     4.000     2.000     4.000     4.000     3.000     1.383
     2.000     1.000     3.000     1.000     2.000    -0.291
     1.000     1.000     3.000     3.000     1.000    -0.212
     1.000     1.000     1.000     2.000     2.000    -0.606
     0.000     1.000     1.000     2.000     1.000    -0.973
     1.000     2.000     2.000     2.000     2.000    -0.327
     1.000     3.000     3.000     4.000     4.000     0.751
     0.000     1.000     3.000     3.000     3.000    -0.216
     3.000     2.000     0.000     3.000     0.000    -0.239
     2.000     3.000     2.000     3.000     3.000     0.377
     2.000     3.000     1.000     3.000     0.000    -0.150
     1.000     2.000     2.000     1.000     2.000    -0.524
     2.000     1.000     1.000     3.000     2.000    -0.170
     1.000     2.000     3.000     3.000     1.000    -0.070
     1.000     3.000     1.000     2.000     2.000    -0.336
     1.000     1.000     2.000     1.000     1.000    -0.783
     3.000     1.000     1.000     3.000     0.000    -0.212
     2.000     1.000     1.000     3.000     0.000    -0.429
     3.000     1.000     3.000     3.000     2.000     0.354
     2.000     1.000     2.000     3.000     1.000    -0.146
     1.000     1.000     1.000     2.000     0.000    -0.868
     1.000     1.000     3.000     3.000     2.000    -0.088
     1.000     1.000     1.000     1.000     1.000    -0.931
     2.000     3.000     3.000     2.000     3.000     0.298
     2.000     2.000     1.000     3.000     2.000    -0.032
     1.000     2.000     2.000     3.000     1.000    -0.229
     1.000     1.000     2.000     1.000     1.000    -0.783
     2.000     2.000     2.000     3.000     2.000     0.112
     4.000     4.000     4.000     4.000     3.000     1.785
     1.000     0.000     2.000     1.000     1.000    -0.944
     2.000     1.000     1.000     2.000     2.000    -0.387
     4.000     3.000     4.000     4.000     3.000     1.562
     1.000     2.000     2.000     2.000     1.000    -0.444
     0.000     2.000     1.000     2.000     1.000    -0.830
     2.000     2.000     1.000     3.000     2.000    -0.032
     1.000     2.000     2.000     2.000     2.000    -0.327
     3.000     2.000     1.000     3.000     1.000     0.061
     1.000     1.000     3.000     2.000     0.000    -0.569
     0.000     1.000     3.000     1.000     3.000    -0.636
     1.000     2.000     3.000     3.000     0.000    -0.208
     2.000     3.000     2.000     2.000     3.000     0.138
     1.000     1.000     1.000     2.000     1.000    -0.725
     3.000     1.000     2.000     3.000     0.000    -0.067
     4.000     4.000     3.000     4.000     3.000     1.515
     4.000     3.000     2.000     4.000     2.000     0.965
     2.000     2.000     1.000     3.000     0.000    -0.288
     2.000     2.000     3.000     3.000     2.000     0.277
     1.000     1.000     3.000     3.000     2.000    -0.088
     3.000     2.000     4.000     3.000     2.000     0.700
     2.000     1.000     1.000     2.000     1.000    -0.504
     2.000     2.000     3.000     1.000     1.000    -0.272
     1.000     1.000     1.000     1.000     0.000    -1.082
     3.000     1.000     4.000     4.000     0.000     0.575
     2.000     2.000     2.000     3.000     1.000    -0.008
     3.000     4.000     2.000     4.000     1.000     0.762
     4.000     1.000     4.000     4.000     2.000     1.078
     2.000     1.000     2.000     3.000     1.000    -0.146
     0.000     1.000     1.000     1.000     0.000    -1.359
     0.000     0.000     3.000     3.000     2.000    -0.504
     3.000     2.000     3.000     3.000     1.000     0.371
     1.000     2.000     2.000     3.000     1.000    -0.229
     2.000     2.000     2.000     2.000     2.000    -0.114
     3.000     1.000     1.000     3.000     0.000    -0.212
     2.000     1.000     2.000     2.000     1.000    -0.363
     4.000     1.000     1.000     3.000     3.000     0.398
     2.000     2.000     2.000     2.000     2.000    -0.114
     2.000     2.000     2.000     3.000     2.000     0.112
     2.000     2.000     3.000     3.000     2.000     0.277
     2.000     2.000     3.000     3.000     2.000     0.277
     1.000     1.000     1.000     1.000     1.000    -0.931
     4.000     4.000     3.000     4.000     2.000     1.351
     1.000     3.000     3.000     2.000     2.000    -0.042
     3.000     3.000     3.000     4.000     3.000     1.040
     2.000     2.000     3.000     3.000     2.000     0.277
     2.000     1.000     3.000     3.000     2.000     0.137
     1.000     0.000     2.000     2.000     2.000    -0.619
     2.000     3.000     1.000     2.000     1.000    -0.238
     4.000     4.000     4.000     4.000     1.000     1.448
     3.000     1.000     2.000     3.000     3.000     0.314
     3.000     2.000     2.000     3.000     3.000     0.451
     3.000     3.000     1.000     3.000     1.000     0.198
     4.000     2.000     3.000     4.000     2.000     1.007
     2.000     2.000     3.000     2.000     1.000    -0.077
     2.000     2.000     3.000     3.000     3.000     0.407
     2.000     1.000     2.000     3.000     0.000    -0.282
     2.000     2.000     2.000     3.000     2.000     0.112
     3.000     3.000     2.000     3.000     3.000     0.591
     1.000     2.000     1.000     2.000     1.000    -0.586
     4.000     4.000     4.000     4.000     4.000     2.019
     0.000     1.000     3.000     1.000     2.000    -0.761
     3.000     1.000     2.000     3.000     3.000     0.314
     1.000     1.000     2.000     4.000     0.000    -0.219
     2.000     3.000     2.000     2.000     3.000     0.138
     3.000     2.000     2.000     3.000     1.000     0.204
     2.000     1.000     1.000     3.000     1.000    -0.291
     1.000     2.000     2.000     3.000     1.000    -0.229
     3.000     3.000     4.000     3.000     4.000     1.135
     2.000     1.000     3.000     4.000     3.000     0.536
     2.000     3.000     3.000     1.000     1.000    -0.139
     2.000     2.000     2.000     3.000     1.000    -0.008
     2.000     2.000     3.000     3.000     2.000     0.277
     2.000     2.000     1.000     3.000     1.000    -0.152
     1.000     1.000     1.000     1.000     1.000    -0.931
     1.000     2.000     2.000     2.000     0.000    -0.580
     3.000     2.000     3.000     3.000     1.000     0.371
     2.000     2.000     2.000     2.000     1.000    -0.229
     3.000     3.000     2.000     3.000     3.000     0.591
     1.000     0.000     1.000     2.000     1.000    -0.883
     3.000     3.000     3.000     3.000     2.000     0.636
     1.000     1.000     2.000     3.000     0.000    -0.508
     2.000     2.000     2.000     2.000     2.000    -0.114
     4.000     2.000     3.000     4.000     1.000     0.878
     2.000     1.000     2.000     4.000     1.000     0.127
     3.000     1.000     3.000     3.000     2.000     0.354
     1.000     3.000     1.000     1.000     1.000    -0.654
     0.000     1.000     2.000     0.000     1.000    -1.306
     4.000     4.000     4.000     4.000     2.000     1.600
     4.000     1.000     1.000     4.000     0.000     0.286
     2.000     1.000     3.000     3.000     1.000     0.014
     3.000     3.000     3.000     3.000     1.000     0.512
     3.000     2.000     1.000     4.000     3.000     0.571
     4.000     4.000     2.000     4.000     0.000     0.870
     2.000     2.000     2.000     4.000     3.000     0.502
     3.000     3.000     2.000     3.000     2.000     0.462
     3.000     3.000     2.000     3.000     0.000     0.209
     2.000     1.000     3.000     2.000     3.000     0.028
     1.000     2.000     2.000     3.000     1.000    -0.229
     1.000     1.000     1.000     1.000     1.000    -0.931
     4.000     4.000     1.000     3.000     0.000     0.454
     4.000     2.000     4.000     4.000     4.000     1.573
     2.000     2.000     3.000     3.000     1.000     0.154
     2.000     2.000     1.000     2.000     0.000    -0.502
     2.000     1.000     2.000     2.000     1.000    -0.363
     3.000     3.000     3.000     3.000     2.000     0.636
     2.000     2.000     2.000     3.000     2.000     0.112
     3.000     2.000     2.000     3.000     0.000     0.072
     2.000     2.000     1.000     4.000     1.000     0.121
     2.000     2.000     1.000     1.000     1.000    -0.564
     2.000     2.000     1.000     1.000     1.000    -0.564
     2.000     1.000     1.000     3.000     0.000    -0.429
     2.000     3.000     2.000     2.000     2.000     0.017
     3.000     3.000     3.000     3.000     2.000     0.636
     3.000     2.000     1.000     4.000     2.000     0.445
     0.000     0.000     0.000     1.000     2.000    -1.427
     3.000     3.000     1.000     3.000     1.000     0.198
     2.000     3.000     3.000     2.000     2.000     0.174
     0.000     1.000     0.000     3.000     0.000    -1.093
     4.000     3.000     2.000     4.000     2.000     0.965
     1.000     0.000     0.000     2.000     1.000    -1.053
     0.000     1.000     1.000     1.000     2.000    -1.064
     1.000     0.000     1.000     3.000     0.000    -0.822
     2.000     2.000     1.000     3.000     0.000    -0.288
     1.000     2.000     2.000     3.000     2.000    -0.109
     2.000     0.000     3.000     4.000     0.000    -0.003
     4.000     2.000     3.000     3.000     1.000     0.605
     3.000     2.000     3.000     3.000     3.000     0.624
     0.000     1.000     1.000     2.000     1.000    -0.973
     1.000     3.000     3.000     3.000     3.000     0.322
     0.000     0.000     0.000     2.000     0.000    -1.496
     2.000     1.000     2.000     3.000     1.000    -0.146
     2.000     2.000     1.000     3.000     1.000    -0.152
     1.000     1.000     1.000     2.000     1.000    -0.725
     3.000     1.000     3.000     3.000     2.000     0.354
     4.000     4.000     3.000     4.000     3.000     1.515
     1.000     2.000     2.000     2.000     1.000    -0.444
     3.000     3.000     3.000     3.000     3.000     0.769
     1.000     1.000     1.000     2.000     1.000    -0.725
     3.000     3.000     3.000     4.000     2.000     0.903
     2.000     2.000     1.000     3.000     2.000    -0.032
     2.000     2.000     2.000     2.000     1.000    -0.229
     2.000     1.000     4.000     4.000     3.000     0.742
     2.000     3.000     3.000     4.000     1.000     0.564
     2.000     2.000     3.000     3.000     3.000     0.407
