     3.000     3.000     4.000     3.000     4.000     0.794
     2.000     3.000     3.000     3.000     4.000     0.163
     3.000     4.000     3.000     4.000     3.000     0.595
     2.000     3.000     3.000     3.000     2.000    -0.273
     4.000     4.000     4.000     3.000     4.000     1.345
     3.000     2.000     2.000     3.000     3.000    -0.367
     3.000     2.000     2.000     3.000     4.000    -0.161
     2.000     2.000     3.000     2.000     2.000    -0.600
     1.000     1.000     2.000     2.000     2.000    -1.297
     4.000     3.000     3.000     3.000     3.000     0.493
     4.000     3.000     4.000     4.000     4.000     1.254
     3.000     3.000     3.000     4.000     3.000     0.369
     2.000     3.000     2.000     2.000     2.000    -0.723
     2.000     3.000     2.000     2.000     2.000    -0.723
     1.000     2.000     2.000     2.000     2.000    -1.142
     4.000     2.000     3.000     3.000     4.000     0.492
     3.000     3.000     3.000     3.000     3.000     0.209
     2.000     3.000     3.000     4.000     3.000     0.091
     3.000     3.000     3.000     3.000     3.000     0.209
     2.000     3.000     3.000     4.000     3.000     0.091
     2.000     1.000     2.000     3.000     3.000    -0.783
     2.000     2.000     2.000     2.000     2.000    -0.907
     2.000     2.000     2.000     2.000     1.000    -1.073
     1.000     1.000     2.000     3.000     1.000    -1.343
     2.000     3.000     3.000     3.000     3.000    -0.068
     3.000     3.000     4.000     3.000     4.000     0.794
     3.000     2.000     2.000     3.000     2.000    -0.544
     3.000     3.000     3.000     3.000     3.000     0.209
     2.000     4.000     4.000     3.000     2.000     0.339
     3.000     3.000     3.000     3.000     3.000     0.209
     3.000     3.000     3.000     3.000     3.000     0.209
     2.000     2.000     2.000     2.000     2.000    -0.907
     2.000     3.000     2.000     3.000     3.000    -0.422
     4.000     4.000     4.000     3.000     2.000     0.840
     4.000     3.000     4.000     4.000     4.000     1.254
     2.000     2.000     2.000     2.000     2.000    -0.907
     3.000     4.000     4.000     4.000     4.000     1.176
     2.000     2.000     2.000     2.000     2.000    -0.907
     3.000     2.000     3.000     2.000     2.000    -0.349
     4.000     4.000     4.000     4.000     4.000     1.563
     4.000     3.000     4.000     3.000     4.000     1.080
     2.000     1.000     3.000     2.000     2.000    -0.776
     2.000     3.000     3.000     1.000     1.000    -0.689
     4.000     3.000     3.000     3.000     3.000     0.493
     0.000     0.000     3.000     4.000     2.000    -1.090
     3.000     3.000     3.000     4.000     4.000     0.591
     2.000     2.000     3.000     3.000     3.000    -0.277
     2.000     3.000     2.000     1.000     2.000    -0.823
     3.000     3.000     3.000     3.000     3.000     0.209
     3.000     3.000     3.000     3.000     3.000     0.209
     4.000     3.000     3.000     1.000     4.000     0.447
     2.000     4.000     4.000     3.000     2.000     0.339
     4.000     3.000     3.000     3.000     3.000     0.493
     3.000     2.000     1.000     3.000     2.000    -0.848
     4.000     3.000     4.000     3.000     3.000     0.851
     3.000     2.000     4.000     4.000     3.000     0.521
     3.000     2.000     3.000     3.000     3.000    -0.010
     2.000     2.000     2.000     2.000     2.000    -0.907
     4.000     4.000     4.000     4.000     4.000     1.563
     2.000     2.000     2.000     2.000     2.000    -0.907
     2.000     2.000     2.000     3.000     1.000    -0.957
     1.000     2.000     2.000     2.000     1.000    -1.300
     4.000     3.000     3.000     2.000     4.000     0.561
     3.000     3.000     2.000     3.000     3.000    -0.182
     3.000     3.000     3.000     3.000     3.000     0.209
     3.000     3.000     3.000     3.000     3.000     0.209
     3.000     3.000     4.000     4.000     2.000     0.519
     4.000     3.000     3.000     2.000     2.000     0.131
     3.000     3.000     3.000     3.000     3.000     0.209
     3.000     3.000     3.000     3.000     3.000     0.209
     3.000     3.000     4.000     3.000     3.000     0.586
     3.000     2.000     3.000     3.000     3.000    -0.010
     4.000     3.000     3.000     3.000     3.000     0.493
     4.000     2.000     3.000     3.000     3.000     0.274
     2.000     2.000     2.000     2.000     3.000    -0.730
     3.000     3.000     3.000     3.000     3.000     0.209
     2.000     3.000     3.000     3.000     1.000    -0.460
     2.000     2.000     3.000     3.000     3.000    -0.277
     3.000     3.000     3.000     3.000     3.000     0.209
     4.000     2.000     3.000     2.000     2.000    -0.071
     4.000     4.000     4.000     4.000     3.000     1.255
     3.000     3.000     3.000     3.000     3.000     0.209
     2.000     3.000     3.000     2.000     2.000    -0.407
     2.000     3.000     2.000     2.000     2.000    -0.723
     4.000     3.000     3.000     3.000     4.000     0.712
     2.000     3.000     3.000     3.000     3.000    -0.068
     3.000     3.000     3.000     3.000     3.000     0.209
     3.000     2.000     3.000     3.000     2.000    -0.216
     2.000     3.000     3.000     3.000     4.000     0.163
     3.000     3.000     4.000     4.000     3.000     0.730
     3.000     3.000     3.000     3.000     2.000    -0.008
     2.000     1.000     3.000     3.000     4.000    -0.246
     3.000     3.000     3.000     3.000     3.000     0.209
     2.000     3.000     2.000     2.000     2.000    -0.723
     2.000     2.000     2.000     2.000     2.000    -0.907
     3.000     2.000     2.000     2.000     3.000    -0.488
     3.000     3.000     3.000     4.000     3.000     0.369
     4.000     3.000     3.000     3.000     3.000     0.493
     2.000     2.000     3.000     2.000     3.000    -0.412
     2.000     2.000     1.000     2.000     0.000    -1.505
     4.000     4.000     4.000     2.000     4.000     1.151
     2.000     2.000     3.000     3.000     2.000    -0.473
     3.000     3.000     4.000     4.000     4.000     0.944
     3.000     3.000     4.000     4.000     4.000     0.944
     2.000     2.000     2.000     3.000     3.000    -0.609
     3.000     4.000     4.000     3.000     4.000     1.015
     2.000     3.000     3.000     3.000     3.000    -0.068
     2.000     3.000     0.000     3.000     2.000    -1.172
     2.000     2.000     2.000     3.000     2.000    -0.788
     4.000     4.000     3.000     4.000     3.000     0.865
     3.000     3.000     3.000     4.000     3.000     0.369
     3.000     2.000     3.000     2.000     3.000    -0.152
     3.000     3.000     3.000     3.000     2.000    -0.008
     2.000     1.000     2.000     4.000     3.000    -0.637
     3.000     3.000     3.000     3.000     3.000     0.209
     2.000     3.000     4.000     4.000     3.000     0.469
     2.000     2.000     2.000     2.000     3.000    -0.730
     4.000     4.000     3.000     3.000     4.000     0.932
     2.000     2.000     3.000     3.000     3.000    -0.277
     2.000     2.000     2.000     2.000     2.000    -0.907
     3.000     2.000     4.000     4.000     3.000     0.521
     2.000     2.000     4.000     3.000     2.000    -0.040
     4.000     4.000     4.000     4.000     4.000     1.563
     1.000     3.000     3.000     4.000     1.000    -0.577
     1.000     3.000     1.000     3.000     2.000    -1.134
     4.000     3.000     3.000     3.000     3.000     0.493
     3.000     2.000     3.000     2.000     3.000    -0.152
     3.000     3.000     3.000     3.000     3.000     0.209
     4.000     4.000     3.000     4.000     4.000     1.084
     3.000     3.000     3.000     3.000     3.000     0.209
     2.000     2.000     2.000     3.000     2.000    -0.788
     4.000     2.000     4.000     4.000     4.000     0.992
     1.000     3.000     2.000     1.000     2.000    -1.059
     3.000     4.000     4.000     4.000     4.000     1.176
     3.000     4.000     3.000     3.000     3.000     0.443
     3.000     3.000     3.000     3.000     3.000     0.209
     2.000     1.000     3.000     4.000     3.000    -0.319
     3.000     3.000     3.000     3.000     2.000    -0.008
     2.000     1.000     2.000     1.000     2.000    -1.170
     4.000     2.000     4.000     3.000     3.000     0.632
     3.000     2.000     3.000     3.000     3.000    -0.010
     2.000     2.000     1.000     3.000     2.000    -1.087
     2.000     2.000     2.000     3.000     3.000    -0.609
     3.000     3.000     3.000     3.000     3.000     0.209
     3.000     3.000     3.000     3.000     3.000     0.209
     3.000     3.000     3.000     3.000     3.000     0.209
     3.000     3.000     3.000     3.000     3.000     0.209
     1.000     3.000     3.000     2.000     3.000    -0.494
     3.000     2.000     3.000     3.000     3.000    -0.010
     2.000     3.000     2.000     3.000     2.000    -0.603
     3.000     3.000     3.000     3.000     3.000     0.209
     3.000     3.000     4.000     4.000     4.000     0.944
     2.000     1.000     3.000     3.000     2.000    -0.656
     3.000     3.000     3.000     3.000     3.000     0.209
     2.000     2.000     3.000     2.000     2.000    -0.600
     2.000     2.000     2.000     3.000     3.000    -0.609
     1.000     1.000     2.000     1.000     1.000    -1.541
     3.000     3.000     3.000     2.000     3.000     0.060
     4.000     3.000     3.000     3.000     3.000     0.493
     3.000     2.000     3.000     3.000     1.000    -0.401
     3.000     3.000     3.000     1.000     3.000    -0.057
     3.000     3.000     3.000     3.000     3.000     0.209
     2.000     0.000     3.000     4.000     3.000    -0.460
     3.000     3.000     3.000     3.000     3.000     0.209
     3.000     2.000     2.000     1.000     1.000    -0.922
     2.000     2.000     2.000     2.000     4.000    -0.513
     2.000     2.000     3.000     4.000     3.000    -0.120
     2.000     2.000     2.000     3.000     3.000    -0.609
     3.000     3.000     3.000     3.000     3.000     0.209
     2.000     2.000     2.000     2.000     2.000    -0.907
     4.000     4.000     4.000     4.000     4.000     1.563
     3.000     3.000     3.000     2.000     3.000     0.060
     2.000     3.000     3.000     3.000     3.000    -0.068
     3.000     2.000     4.000     3.000     2.000     0.190
     3.000     3.000     3.000     3.000     3.000     0.209
     2.000     2.000     3.000     3.000     3.000    -0.277
     3.000     3.000     3.000     3.000     3.000     0.209
     3.000     3.000     3.000     3.000     3.000     0.209
     3.000     3.000     2.000     2.000     3.000    -0.307
     2.000     2.000     0.000     0.000     2.000    -1.635
     4.000     4.000     3.000     3.000     3.000     0.716
     3.000     2.000     3.000     3.000     3.000    -0.010
     1.000     3.000     3.000     3.000     2.000    -0.552
     3.000     3.000     3.000     3.000     3.000     0.209
     2.000     2.000     2.000     2.000     3.000    -0.730
     3.000     3.000     3.000     3.000     3.000     0.209
     2.000     3.000     3.000     2.000     3.000    -0.210
     3.000     3.000     2.000     2.000     1.000    -0.649
     3.000     3.000     3.000     3.000     3.000     0.209
     3.000     3.000     3.000     3.000     4.000     0.438
     3.000     2.000     3.000     3.000     2.000    -0.216
     3.000     4.000     2.000     3.000     4.000     0.223
     3.000     3.000     3.000     3.000     3.000     0.209
     2.000     4.000     3.000     2.000     4.000     0.245
     4.000     4.000     4.000     4.000     4.000     1.563
     4.000     3.000     3.000     4.000     4.000     0.862
     3.000     2.000     2.000     3.000     3.000    -0.367
     4.000     3.000     3.000     3.000     3.000     0.493
     3.000     4.000     3.000     3.000     4.000     0.661
     1.000     3.000     3.000     3.000     4.000    -0.144
     1.000     1.000     1.000     2.000     2.000    -1.556
     3.000     3.000     3.000     3.000     3.000     0.209
     3.000     2.000     3.000     3.000     3.000    -0.010
     3.000     3.000     3.000     2.000     2.000    -0.149
     4.000     3.000     4.000     2.000     2.000     0.493
     2.000     2.000     3.000     2.000     3.000    -0.412
     4.000     4.000     3.000     4.000     4.000     1.084
     4.000     3.000     4.000     3.000     3.000     0.851
     2.000     3.000     3.000     3.000     3.000    -0.068
     2.000     2.000     2.000     2.000     3.000    -0.730
     1.000     3.000     1.000     3.000     4.000    -0.767
     2.000     2.000     3.000     3.000     2.000    -0.473
     3.000     3.000     3.000     3.000     3.000     0.209
     4.000     4.000     4.000     4.000     2.000     0.991
     3.000     2.000     3.000     4.000     3.000     0.148
     3.000     3.000     3.000     3.000     3.000     0.209
     3.000     3.000     3.000     3.000     3.000     0.209
     2.000     1.000     2.000     3.000     2.000    -0.957
     3.000     2.000     4.000     3.000     2.000     0.190
     2.000     2.000     3.000     3.000     2.000    -0.473
     4.000     4.000     4.000     3.000     4.000     1.345
     4.000     4.000     4.000     3.000     4.000     1.345
     3.000     4.000     4.000     3.000     3.000     0.798
     2.000     3.000     3.000     3.000     3.000    -0.068
     2.000     3.000     3.000     3.000     3.000    -0.068
     1.000     2.000     1.000     3.000     2.000    -1.307
     3.000     3.000     3.000     4.000     3.000     0.369
     2.000     3.000     3.000     3.000     2.000    -0.273
     3.000     2.000     3.000     4.000     3.000     0.148
     1.000     2.000     2.000     3.000     2.000    -1.029
     3.000     2.000     4.000     3.000     3.000     0.382
     3.000     4.000     3.000     3.000     3.000     0.443
     2.000     2.000     3.000     2.000     2.000    -0.600
     3.000     3.000     3.000     2.000     3.000     0.060
     2.000     2.000     3.000     2.000     3.000    -0.412
     3.000     3.000     3.000     3.000     3.000     0.209
     0.000     1.000     1.000     2.000     2.000    -1.754
     3.000     3.000     2.000     3.000     2.000    -0.363
     2.000     3.000     3.000     3.000     3.000    -0.068
     2.000     1.000     3.000     3.000     3.000    -0.472
     2.000     2.000     2.000     2.000     3.000    -0.730
     3.000     3.000     3.000     3.000     3.000     0.209
     4.000     4.000     4.000     4.000     4.000     1.563
     3.000     3.000     3.000     3.000     2.000    -0.008
     0.000     1.000     1.000     1.000     0.000    -2.142
     4.000     3.000     4.000     4.000     3.000     1.007
     2.000     2.000     2.000     3.000     3.000    -0.609
     2.000     2.000     3.000     3.000     2.000    -0.473
     3.000     1.000     3.000     2.000     2.000    -0.533
     3.000     4.000     4.000     3.000     2.000     0.584
     3.000     3.000     3.000     3.000     3.000     0.209
     3.000     1.000     2.000     3.000     2.000    -0.714
     3.000     3.000     4.000     4.000     3.000     0.730
     2.000     3.000     2.000     3.000     2.000    -0.603
     2.000     3.000     4.000     4.000     3.000     0.469
     3.000     3.000     3.000     2.000     3.000     0.060
     3.000     4.000     4.000     3.000     4.000     1.015
     2.000     0.000     1.000     3.000     3.000    -1.208
     3.000     3.000     3.000     3.000     3.000     0.209
     4.000     4.000     3.000     4.000     3.000     0.865
     3.000     3.000     3.000     4.000     3.000     0.369
     3.000     3.000     3.000     2.000     3.000     0.060
     2.000     4.000     4.000     4.000     4.000     0.875
     3.000     3.000     3.000     3.000     2.000    -0.008
     3.000     2.000     3.000     3.000     2.000    -0.216
     2.000     2.000     2.000     2.000     1.000    -1.073
     4.000     3.000     4.000     4.000     4.000     1.254
     3.000     3.000     3.000     3.000     3.000     0.209
     4.000     4.000     4.000     4.000     4.000     1.563
     3.000     3.000     3.000     2.000     4.000     0.288
     3.000     3.000     3.000     3.000     3.000     0.209
     2.000     3.000     2.000     3.000     2.000    -0.603
     2.000     3.000     3.000     3.000     2.000    -0.273
     3.000     3.000     3.000     2.000     3.000     0.060
     2.000     3.000     2.000     3.000     3.000    -0.422
     2.000     3.000     2.000     2.000     2.000    -0.723
     2.000     2.000     3.000     3.000     3.000    -0.277
     3.000     3.000     3.000     2.000     3.000     0.060
     3.000     2.000     2.000     2.000     1.000    -0.826
     2.000     3.000     4.000     4.000     3.000     0.469
     3.000     3.000     3.000     3.000     3.000     0.209
     2.000     2.000     3.000     4.000     3.000    -0.120
     3.000     2.000     4.000     3.000     3.000     0.382
     1.000     2.000     1.000     3.000     2.000    -1.307
     4.000     4.000     4.000     3.000     3.000     1.082
     3.000     4.000     3.000     3.000     1.000     0.028
     3.000     3.000     3.000     3.000     3.000     0.209
     3.000     4.000     3.000     2.000     2.000     0.081
     2.000     2.000     3.000     3.000     2.000    -0.473
     2.000     2.000     3.000     3.000     3.000    -0.277
     2.000     2.000     1.000     1.000     1.000    -1.445
     3.000     3.000     3.000     3.000     4.000     0.438
     3.000     3.000     4.000     3.000     3.000     0.586
     2.000     3.000     2.000     3.000     3.000    -0.422
     2.000     2.000     3.000     3.000     3.000    -0.277
     3.000     3.000     3.000     3.000     3.000     0.209
     3.000     3.000     3.000     3.000     3.000     0.209
     2.000     3.000     2.000     3.000     1.000    -0.772
     3.000     2.000     2.000     3.000     3.000    -0.367
     2.000     3.000     2.000     3.000     2.000    -0.603
     2.000     3.000     3.000     2.000     3.000    -0.210
     1.000     2.000     3.000     3.000     2.000    -0.735
     4.000     4.000     4.000     2.000     4.000     1.151
     3.000     3.000     3.000     3.000     3.000     0.209
     1.000     2.000     2.000     1.000     2.000    -1.237
     3.000     2.000     3.000     3.000     3.000    -0.010
     2.000     3.000     3.000     2.000     3.000    -0.210
     2.000     3.000     1.000     2.000     1.000    -1.178
     4.000     2.000     3.000     3.000     3.000     0.274
     3.000     3.000     3.000     3.000     3.000     0.209
     4.000     4.000     4.000     4.000     4.000     1.563
     4.000     4.000     4.000     4.000     3.000     1.255
     1.000     3.000     3.000     4.000     4.000     0.006
     3.000     3.000     4.000     3.000     3.000     0.586
     4.000     4.000     3.000     3.000     3.000     0.716
     3.000     3.000     3.000     3.000     4.000     0.438
     1.000     2.000     3.000     3.000     3.000    -0.558
     3.000     2.000     4.000     3.000     3.000     0.382
     3.000     3.000     3.000     3.000     3.000     0.209
     2.000     2.000     2.000     2.000     3.000    -0.730
     2.000     3.000     3.000     2.000     2.000    -0.407
     1.000     2.000     3.000     3.000     2.000    -0.735
     2.000     3.000     3.000     3.000     3.000    -0.068
     3.000     3.000     3.000     3.000     2.000    -0.008
     2.000     2.000     2.000     3.000     2.000    -0.788
     4.000     4.000     4.000     3.000     4.000     1.345
     2.000     2.000     3.000     3.000     1.000    -0.652
     3.000     4.000     4.000     4.000     3.000     0.947
     3.000     2.000     3.000     3.000     3.000    -0.010
     3.000     2.000     3.000     3.000     2.000    -0.216
     2.000     2.000     2.000     4.000     3.000    -0.463
     2.000     3.000     2.000     4.000     3.000    -0.279
     3.000     3.000     3.000     4.000     3.000     0.369
     3.000     2.000     3.000     3.000     3.000    -0.010
     3.000     3.000     3.000     3.000     3.000     0.209
     3.000     2.000     4.000     3.000     4.000     0.581
     3.000     3.000     3.000     4.000     3.000     0.369
     3.000     3.000     3.000     3.000     3.000     0.209
     3.000     3.000     3.000     3.000     3.000     0.209
     2.000     1.000     3.000     3.000     2.000    -0.656
     4.000     3.000     2.000     2.000     2.000    -0.227
     1.000     2.000     1.000     2.000     2.000    -1.413
     3.000     0.000     3.000     0.000     3.000    -0.679
     4.000     4.000     4.000     4.000     4.000     1.563
     3.000     2.000     3.000     3.000     3.000    -0.010
     2.000     2.000     2.000     3.000     2.000    -0.788
     2.000     2.000     2.000     3.000     2.000    -0.788
     4.000     3.000     3.000     3.000     4.000     0.712
     2.000     2.000     3.000     3.000     2.000    -0.473
     3.000     3.000     3.000     2.000     3.000     0.060
     3.000     3.000     3.000     3.000     4.000     0.438
     2.000     1.000     2.000     1.000     2.000    -1.170
     2.000     1.000     2.000     1.000     2.000    -1.170
     3.000     3.000     4.000     2.000     4.000     0.648
     3.000     2.000     2.000     3.000     3.000    -0.367
     3.000     3.000     3.000     3.000     3.000     0.209
     3.000     3.000     3.000     3.000     4.000     0.438
     3.000     2.000     2.000     4.000     2.000    -0.403
     3.000     4.000     4.000     3.000     4.000     1.015
     4.000     4.000     4.000     4.000     3.000     1.255
     4.000     4.000     4.000     3.000     3.000     1.082
     4.000     3.000     2.000     3.000     4.000     0.267
     2.000     3.000     3.000     4.000     3.000     0.091
     3.000     3.000     3.000     2.000     3.000     0.060
     3.000     3.000     3.000     2.000     3.000     0.060
     4.000     4.000     3.000     1.000     4.000     0.664
     2.000     2.000     3.000     2.000     3.000    -0.412
     2.000     0.000     3.000     3.000     2.000    -0.792
     2.000     2.000     3.000     3.000     2.000    -0.473
     2.000     1.000     3.000     3.000     3.000    -0.472
     4.000     3.000     3.000     3.000     3.000     0.493
     4.000     4.000     3.000     4.000     1.000     0.446
     3.000     2.000     2.000     2.000     3.000    -0.488
     2.000     3.000     3.000     3.000     3.000    -0.068
     4.000     4.000     4.000     3.000     3.000     1.082
     2.000     3.000     3.000     3.000     2.000    -0.273
     3.000     2.000     4.000     3.000     3.000     0.382
     4.000     3.000     4.000     3.000     4.000     1.080
     2.000     2.000     2.000     2.000     2.000    -0.907
     3.000     3.000     3.000     3.000     3.000     0.209
     2.000     2.000     2.000     3.000     2.000    -0.788
     3.000     4.000     4.000     4.000     3.000     0.947
     2.000     2.000     3.000     2.000     3.000    -0.412
     4.000     3.000     3.000     2.000     3.000     0.343
     4.000     4.000     4.000     4.000     4.000     1.563
     4.000     2.000     3.000     3.000     4.000     0.492
     3.000     2.000     2.000     2.000     3.000    -0.488
