     3.000     3.000     3.000     2.000     3.000     0.545
     2.000     2.000     2.000     2.000     3.000    -0.418
     3.000     3.000     3.000     3.000     2.000     0.599
     2.000     2.000     1.000     4.000     2.000    -0.399
     4.000     4.000     3.000     3.000     3.000     1.562
     2.000     2.000     2.000     2.000     1.000    -0.522
     2.000     2.000     3.000     1.000     2.000    -0.405
     2.000     2.000     2.000     2.000     2.000    -0.471
     3.000     3.000     3.000     2.000     1.000     0.424
     2.000     2.000     2.000     2.000     2.000    -0.471
     3.000     3.000     3.000     2.000     2.000     0.485
     2.000     3.000     3.000     3.000     3.000     0.161
     2.000     2.000     2.000     2.000     2.000    -0.471
     3.000     2.000     3.000     3.000     2.000     0.202
     2.000     2.000     1.000     2.000     2.000    -0.605
     2.000     2.000     1.000     2.000     2.000    -0.605
     3.000     3.000     3.000     2.000     1.000     0.424
     3.000     3.000     3.000     3.000     2.000     0.599
     3.000     3.000     3.000     2.000     2.000     0.485
     3.000     3.000     3.000     3.000     2.000     0.599
     1.000     2.000     2.000     3.000     2.000    -0.790
     2.000     2.000     2.000     3.000     2.000    -0.375
     2.000     2.000     1.000     3.000     2.000    -0.508
     2.000     2.000     1.000     4.000     0.000    -0.493
     3.000     3.000     3.000     2.000     3.000     0.545
     3.000     3.000     1.000     2.000     2.000     0.159
     2.000     2.000     2.000     2.000     1.000    -0.522
     3.000     2.000     2.000     1.000     3.000    -0.083
     4.000     4.000     4.000     2.000     2.000     1.607
     2.000     2.000     1.000     1.000     2.000    -0.685
     2.000     1.000     1.000     1.000     3.000    -0.925
     3.000     3.000     3.000     3.000     1.000     0.538
     2.000     2.000     2.000     3.000     2.000    -0.375
     2.000     2.000     2.000     2.000     3.000    -0.418
     3.000     4.000     4.000     2.000     3.000     1.180
     2.000     1.000     1.000     1.000     2.000    -0.974
     4.000     3.000     2.000     3.000     3.000     0.996
     2.000     2.000     2.000     2.000     2.000    -0.471
     2.000     2.000     2.000     4.000     2.000    -0.266
     2.000     1.000     2.000     3.000     3.000    -0.635
     4.000     4.000     4.000     4.000     2.000     1.887
     2.000     2.000     1.000     1.000     2.000    -0.685
     3.000     2.000     3.000     1.000     2.000     0.016
     1.000     1.000     2.000     2.000     2.000    -1.145
     2.000     2.000     3.000     1.000     1.000    -0.456
     3.000     2.000     2.000     2.000     3.000    -0.001
     2.000     3.000     3.000     3.000     2.000     0.109
     2.000     2.000     1.000     3.000     2.000    -0.508
     3.000     3.000     3.000     2.000     1.000     0.424
     3.000     4.000     1.000     4.000     2.000     0.825
     0.000     0.000     0.000     0.000     3.000    -2.217
     1.000     1.000     2.000     0.000     4.000    -1.190
     3.000     3.000     3.000     3.000     3.000     0.661
     3.000     3.000     1.000     2.000     2.000     0.159
     1.000     2.000     0.000     0.000     1.000    -1.345
     4.000     3.000     2.000     2.000     2.000     0.846
     3.000     2.000     2.000     3.000     3.000     0.097
     2.000     2.000     2.000     2.000     2.000    -0.471
     3.000     4.000     2.000     2.000     4.000     0.854
     2.000     2.000     2.000     2.000     2.000    -0.471
     3.000     3.000     3.000     3.000     3.000     0.661
     1.000     0.000     2.000     2.000     1.000    -1.431
     2.000     3.000     3.000     1.000     2.000    -0.071
     3.000     3.000     2.000     3.000     1.000     0.355
     3.000     2.000     2.000     1.000     3.000    -0.083
     1.000     0.000     1.000     1.000     2.000    -1.588
     3.000     3.000     1.000     3.000     1.000     0.208
     2.000     1.000     0.000     2.000     1.000    -1.088
     2.000     3.000     3.000     3.000     3.000     0.161
     3.000     3.000     1.000     2.000     2.000     0.159
     2.000     2.000     1.000     1.000     2.000    -0.685
     3.000     3.000     2.000     3.000     2.000     0.413
     2.000     3.000     3.000     3.000     3.000     0.161
     3.000     3.000     1.000     3.000     2.000     0.265
     2.000     2.000     2.000     2.000     2.000    -0.471
     2.000     2.000     3.000     2.000     3.000    -0.270
     1.000     3.000     2.000     2.000     2.000    -0.563
     3.000     2.000     2.000     3.000     2.000     0.044
     2.000     3.000     3.000     3.000     2.000     0.109
     2.000     1.000     4.000     2.000     2.000    -0.443
     2.000     2.000     3.000     2.000     4.000    -0.220
     3.000     3.000     3.000     3.000     3.000     0.661
     3.000     3.000     3.000     3.000     3.000     0.661
     2.000     3.000     2.000     2.000     2.000    -0.139
     2.000     3.000     2.000     1.000     3.000    -0.168
     2.000     2.000     2.000     2.000     1.000    -0.522
     3.000     3.000     3.000     3.000     3.000     0.661
     1.000     1.000     0.000     3.000     1.000    -1.367
     3.000     2.000     3.000     3.000     2.000     0.202
     3.000     3.000     1.000     2.000     3.000     0.216
     3.000     2.000     2.000     3.000     2.000     0.044
     4.000     3.000     3.000     3.000     3.000     1.172
     3.000     3.000     3.000     3.000     2.000     0.599
     2.000     2.000     3.000     2.000     2.000    -0.323
     2.000     2.000     0.000     0.000     0.000    -1.001
     2.000     2.000     2.000     2.000     2.000    -0.471
     3.000     4.000     3.000     2.000     3.000     0.978
     4.000     3.000     3.000     3.000     3.000     1.172
     2.000     2.000     2.000     2.000     2.000    -0.471
     1.000     0.000     0.000     2.000     2.000    -1.668
     2.000     0.000     1.000     2.000     2.000    -1.138
     1.000     1.000     1.000     3.000     2.000    -1.181
     3.000     3.000     3.000     3.000     1.000     0.538
     2.000     3.000     3.000     3.000     2.000     0.109
     2.000     2.000     3.000     2.000     2.000    -0.323
     3.000     2.000     3.000     3.000     3.000     0.257
     2.000     2.000     2.000     3.000     2.000    -0.375
     1.000     1.000     0.000     0.000     2.000    -1.552
     2.000     3.000     3.000     2.000     2.000     0.012
     3.000     3.000     3.000     3.000     3.000     0.661
     3.000     2.000     2.000     2.000     2.000    -0.054
     2.000     2.000     4.000     3.000     3.000     0.024
     3.000     3.000     2.000     3.000     2.000     0.413
     0.000     0.000     3.000     3.000     2.000    -1.551
     2.000     2.000     3.000     2.000     2.000    -0.323
     4.000     4.000     4.000     4.000     3.000     1.964
     1.000     1.000     0.000     0.000     2.000    -1.552
     1.000     1.000     1.000     2.000     2.000    -1.267
     4.000     3.000     2.000     4.000     2.000     1.055
     1.000     2.000     1.000     2.000     1.000    -1.053
     2.000     4.000     2.000     3.000     2.000     0.370
     3.000     3.000     2.000     4.000     2.000     0.538
     2.000     2.000     1.000     4.000     4.000    -0.296
     1.000     2.000     1.000     2.000     1.000    -1.053
     3.000     3.000     3.000     1.000     3.000     0.447
     3.000     3.000     3.000     3.000     3.000     0.661
     2.000     3.000     1.000     1.000     2.000    -0.351
     3.000     2.000     2.000     2.000     2.000    -0.054
     4.000     4.000     4.000     2.000     4.000     1.734
     3.000     3.000     3.000     3.000     3.000     0.661
     2.000     2.000     1.000     2.000     2.000    -0.605
     2.000     3.000     3.000     2.000     1.000    -0.039
     4.000     3.000     3.000     3.000     1.000     1.063
     4.000     4.000     3.000     4.000     2.000     1.634
     1.000     1.000     0.000     3.000     2.000    -1.321
     3.000     2.000     3.000     3.000     3.000     0.257
     3.000     3.000     1.000     3.000     3.000     0.323
     0.000     0.000     0.000     3.000     3.000    -1.930
     2.000     2.000     2.000     3.000     3.000    -0.322
     4.000     0.000     3.000     3.000     3.000     0.222
     2.000     2.000     2.000     2.000     2.000    -0.471
     1.000     1.000     1.000     1.000     1.000    -1.383
     2.000     2.000     2.000     1.000     3.000    -0.499
     3.000     3.000     3.000     3.000     2.000     0.599
     2.000     3.000     1.000     3.000     1.000    -0.226
     3.000     3.000     1.000     3.000     2.000     0.265
     1.000     2.000     3.000     2.000     2.000    -0.744
     2.000     2.000     2.000     3.000     2.000    -0.375
     1.000     1.000     1.000     3.000     3.000    -1.132
     1.000     1.000     1.000     3.000     2.000    -1.181
     1.000     1.000     2.000     2.000     2.000    -1.145
     2.000     2.000     2.000     4.000     3.000    -0.214
     3.000     3.000     2.000     3.000     2.000     0.413
     3.000     3.000     3.000     2.000     1.000     0.424
     1.000     2.000     1.000     2.000     1.000    -1.053
     2.000     2.000     1.000     2.000     1.000    -0.655
     3.000     1.000     1.000     2.000     1.000    -0.540
     3.000     3.000     3.000     3.000     1.000     0.538
     3.000     2.000     2.000     3.000     2.000     0.044
     2.000     2.000     3.000     4.000     3.000    -0.066
     3.000     3.000     3.000     3.000     3.000     0.661
     3.000     3.000     2.000     2.000     1.000     0.247
     2.000     1.000     3.000     4.000     3.000    -0.394
     3.000     3.000     3.000     3.000     3.000     0.661
     2.000     2.000     1.000     2.000     2.000    -0.605
     2.000     3.000     1.000     3.000     2.000    -0.175
     1.000     0.000     3.000     1.000     2.000    -1.326
     3.000     3.000     3.000     3.000     2.000     0.599
     3.000     3.000     3.000     4.000     1.000     0.666
     2.000     2.000     2.000     2.000     0.000    -0.565
     3.000     4.000     1.000     0.000     4.000     0.554
     3.000     2.000     2.000     2.000     2.000    -0.054
     3.000     3.000     1.000     2.000     2.000     0.159
     3.000     3.000     3.000     3.000     1.000     0.538
     2.000     3.000     2.000     3.000     2.000    -0.043
     3.000     3.000     3.000     4.000     2.000     0.728
     3.000     3.000     3.000     2.000     2.000     0.485
     3.000     3.000     3.000     2.000     3.000     0.545
     2.000     2.000     1.000     2.000     1.000    -0.655
     1.000     2.000     0.000     2.000     0.000    -1.239
     3.000     3.000     3.000     3.000     2.000     0.599
     3.000     3.000     3.000     4.000     2.000     0.728
     3.000     3.000     1.000     3.000     3.000     0.323
     3.000     3.000     3.000     3.000     3.000     0.661
     2.000     2.000     2.000     2.000     1.000    -0.522
     2.000     2.000     1.000     1.000     2.000    -0.685
     3.000     3.000     3.000     3.000     2.000     0.599
     3.000     3.000     3.000     1.000     2.000     0.387
     3.000     4.000     3.000     2.000     2.000     0.923
     3.000     3.000     3.000     0.000     2.000     0.310
     3.000     3.000     3.000     3.000     2.000     0.599
     4.000     4.000     2.000     0.000     2.000     1.059
     2.000     2.000     1.000     3.000     1.000    -0.559
     1.000     2.000     2.000     2.000     2.000    -0.879
     3.000     4.000     4.000     4.000     3.000     1.400
     3.000     2.000     0.000     1.000     0.000    -0.496
     2.000     2.000     3.000     2.000     2.000    -0.323
     3.000     3.000     3.000     3.000     1.000     0.538
     3.000     3.000     3.000     3.000     2.000     0.599
     3.000     3.000     3.000     3.000     3.000     0.661
     2.000     1.000     2.000     1.000     2.000    -0.849
     2.000     2.000     1.000     2.000     2.000    -0.605
     3.000     3.000     3.000     3.000     2.000     0.599
     3.000     0.000     0.000     2.000     0.000    -0.928
     2.000     2.000     1.000     4.000     2.000    -0.399
     1.000     1.000     4.000     3.000     2.000    -0.745
     3.000     3.000     4.000     3.000     3.000     0.887
     3.000     3.000     3.000     3.000     3.000     0.661
     4.000     4.000     2.000     3.000     0.000     1.213
     2.000     1.000     1.000     2.000     2.000    -0.900
     0.000     1.000     1.000     3.000     1.000    -1.597
     3.000     4.000     3.000     3.000     3.000     1.084
     3.000     2.000     1.000     3.000     2.000    -0.090
     4.000     4.000     3.000     4.000     2.000     1.634
     4.000     4.000     4.000     3.000     2.000     1.733
     3.000     3.000     3.000     3.000     2.000     0.599
     2.000     2.000     2.000     2.000     2.000    -0.471
     2.000     3.000     2.000     1.000     2.000    -0.220
     2.000     1.000     2.000     1.000     3.000    -0.800
     2.000     2.000     2.000     2.000     2.000    -0.471
     1.000     3.000     3.000     1.000     2.000    -0.505
     3.000     2.000     2.000     2.000     4.000     0.050
     3.000     3.000     3.000     4.000     4.000     0.849
     3.000     3.000     2.000     3.000     2.000     0.413
     3.000     3.000     3.000     3.000     1.000     0.538
     1.000     2.000     1.000     1.000     2.000    -1.080
     4.000     3.000     4.000     4.000     2.000     1.438
     3.000     2.000     1.000     3.000     1.000    -0.141
     3.000     4.000     3.000     2.000     3.000     0.978
     1.000     1.000     1.000     2.000     2.000    -1.267
     3.000     3.000     3.000     3.000     4.000     0.720
     3.000     3.000     2.000     3.000     3.000     0.473
     2.000     2.000     2.000     3.000     2.000    -0.375
     2.000     2.000     2.000     2.000     2.000    -0.471
     3.000     2.000     2.000     2.000     2.000    -0.054
     2.000     3.000     3.000     2.000     3.000     0.064
     2.000     3.000     3.000     1.000     1.000    -0.122
     3.000     3.000     3.000     2.000     3.000     0.545
     3.000     3.000     3.000     4.000     2.000     0.728
     2.000     2.000     2.000     3.000     2.000    -0.375
     2.000     2.000     2.000     2.000     1.000    -0.522
     3.000     2.000     1.000     3.000     2.000    -0.090
     1.000     3.000     3.000     4.000     3.000    -0.196
     2.000     3.000     3.000     2.000     2.000     0.012
     1.000     1.000     1.000     1.000     1.000    -1.383
     1.000     2.000     3.000     3.000     4.000    -0.558
     3.000     3.000     3.000     2.000     2.000     0.485
     3.000     2.000     3.000     2.000     1.000     0.049
     2.000     3.000     2.000     3.000     2.000    -0.043
     2.000     2.000     3.000     2.000     3.000    -0.270
     3.000     3.000     2.000     3.000     3.000     0.473
     2.000     2.000     1.000     3.000     0.000    -0.603
     2.000     3.000     3.000     3.000     2.000     0.109
     2.000     2.000     1.000     3.000     2.000    -0.508
     3.000     2.000     3.000     3.000     3.000     0.257
     3.000     3.000     2.000     2.000     2.000     0.304
     2.000     2.000     3.000     3.000     2.000    -0.227
     3.000     3.000     3.000     3.000     2.000     0.599
     3.000     3.000     3.000     2.000     3.000     0.545
     4.000     3.000     2.000     3.000     2.000     0.944
     3.000     3.000     2.000     4.000     2.000     0.538
     3.000     3.000     1.000     2.000     1.000     0.104
     3.000     3.000     3.000     2.000     2.000     0.485
     3.000     2.000     2.000     3.000     3.000     0.097
     2.000     2.000     1.000     1.000     3.000    -0.632
     1.000     1.000     0.000     2.000     2.000    -1.409
     4.000     4.000     4.000     3.000     1.000     1.664
     3.000     3.000     3.000     3.000     2.000     0.599
     3.000     3.000     3.000     2.000     3.000     0.545
     3.000     4.000     2.000     3.000     2.000     0.850
     3.000     3.000     3.000     3.000     2.000     0.599
     2.000     2.000     1.000     2.000     1.000    -0.655
     3.000     2.000     2.000     2.000     2.000    -0.054
     3.000     2.000     2.000     3.000     2.000     0.044
     2.000     2.000     3.000     2.000     2.000    -0.323
     2.000     2.000     2.000     2.000     2.000    -0.471
     2.000     2.000     3.000     2.000     2.000    -0.323
     2.000     2.000     2.000     3.000     2.000    -0.375
     3.000     4.000     0.000     0.000     1.000     0.246
     3.000     3.000     2.000     3.000     3.000     0.473
     2.000     3.000     2.000     3.000     2.000    -0.043
     3.000     2.000     3.000     3.000     2.000     0.202
     4.000     4.000     4.000     3.000     2.000     1.733
     1.000     1.000     1.000     0.000     1.000    -1.453
     2.000     3.000     4.000     3.000     2.000     0.306
     2.000     3.000     2.000     3.000     2.000    -0.043
     3.000     3.000     3.000     3.000     4.000     0.720
     1.000     2.000     2.000     3.000     2.000    -0.790
     3.000     3.000     3.000     3.000     3.000     0.661
     2.000     3.000     1.000     1.000     2.000    -0.351
     3.000     3.000     1.000     1.000     1.000     0.018
     3.000     2.000     4.000     2.000     4.000     0.416
     4.000     4.000     4.000     4.000     2.000     1.887
     1.000     1.000     0.000     0.000     3.000    -1.502
     3.000     2.000     3.000     3.000     3.000     0.257
     3.000     3.000     3.000     3.000     2.000     0.599
     3.000     3.000     2.000     2.000     3.000     0.362
     4.000     4.000     3.000     3.000     2.000     1.503
     3.000     3.000     3.000     0.000     1.000     0.252
     2.000     2.000     2.000     2.000     2.000    -0.471
     3.000     2.000     1.000     3.000     2.000    -0.090
     3.000     3.000     2.000     3.000     2.000     0.413
     4.000     0.000     4.000     4.000     4.000     0.526
     3.000     3.000     1.000     0.000     1.000    -0.053
     3.000     3.000     3.000     3.000     3.000     0.661
     3.000     4.000     3.000     2.000     1.000     0.866
     0.000     1.000     1.000     2.000     3.000    -1.589
     1.000     0.000     3.000     0.000     3.000    -1.348
     3.000     3.000     3.000     3.000     1.000     0.538
     2.000     2.000     2.000     3.000     2.000    -0.375
     4.000     4.000     3.000     4.000     3.000     1.698
     3.000     3.000     4.000     2.000     3.000     0.772
     4.000     3.000     4.000     3.000     3.000     1.374
     2.000     2.000     2.000     2.000     2.000    -0.471
     2.000     3.000     2.000     3.000     2.000    -0.043
     3.000     2.000     2.000     3.000     2.000     0.044
     2.000     2.000     1.000     1.000     2.000    -0.685
     4.000     4.000     4.000     2.000     2.000     1.607
     2.000     2.000     2.000     2.000     2.000    -0.471
     2.000     2.000     3.000     2.000     2.000    -0.323
     2.000     2.000     2.000     1.000     2.000    -0.552
     3.000     3.000     3.000     2.000     1.000     0.424
     3.000     3.000     2.000     2.000     2.000     0.304
     2.000     1.000     2.000     2.000     2.000    -0.775
     2.000     3.000     3.000     2.000     2.000     0.012
     4.000     3.000     2.000     4.000     2.000     1.055
     3.000     3.000     3.000     3.000     3.000     0.661
     1.000     3.000     0.000     0.000     3.000    -0.911
     2.000     3.000     1.000     2.000     2.000    -0.270
     2.000     2.000     3.000     1.000     2.000    -0.405
     3.000     3.000     4.000     3.000     2.000     0.827
     4.000     3.000     2.000     2.000     0.000     0.753
     2.000     2.000     2.000     2.000     3.000    -0.418
     3.000     3.000     3.000     3.000     3.000     0.661
     3.000     3.000     3.000     2.000     2.000     0.485
     2.000     0.000     2.000     2.000     2.000    -1.011
     3.000     3.000     3.000     3.000     2.000     0.599
     3.000     2.000     2.000     3.000     3.000     0.097
     2.000     3.000     3.000     2.000     2.000     0.012
     3.000     3.000     2.000     3.000     2.000     0.413
     2.000     2.000     1.000     3.000     0.000    -0.603
     1.000     2.000     1.000     2.000     1.000    -1.053
     2.000     0.000     3.000     0.000     0.000    -1.111
     3.000     3.000     2.000     4.000     4.000     0.656
     3.000     2.000     2.000     2.000     3.000    -0.001
     2.000     2.000     2.000     2.000     2.000    -0.471
     2.000     2.000     2.000     2.000     2.000    -0.471
     3.000     3.000     2.000     1.000     3.000     0.269
     3.000     3.000     2.000     3.000     2.000     0.413
     1.000     2.000     3.000     2.000     2.000    -0.744
     3.000     3.000     3.000     2.000     2.000     0.485
     0.000     1.000     3.000     2.000     2.000    -1.393
     0.000     1.000     3.000     2.000     2.000    -1.393
     2.000     3.000     3.000     3.000     3.000     0.161
     3.000     3.000     3.000     3.000     2.000     0.599
     3.000     3.000     3.000     3.000     3.000     0.661
     3.000     2.000     3.000     1.000     3.000     0.070
     0.000     1.000     1.000     2.000     2.000    -1.638
     4.000     2.000     2.000     2.000     3.000     0.540
     4.000     2.000     0.000     2.000     2.000     0.247
     4.000     4.000     3.000     3.000     4.000     1.623
     3.000     2.000     3.000     2.000     2.000     0.102
     2.000     2.000     2.000     3.000     3.000    -0.322
     2.000     2.000     1.000     1.000     3.000    -0.632
     2.000     2.000     2.000     2.000     1.000    -0.522
     3.000     3.000     3.000     2.000     2.000     0.485
     2.000     3.000     2.000     2.000     2.000    -0.139
     4.000     3.000     3.000     2.000     2.000     1.015
     3.000     3.000     3.000     4.000     2.000     0.728
     3.000     2.000     3.000     3.000     2.000     0.202
     2.000     1.000     2.000     1.000     3.000    -0.800
     3.000     3.000     3.000     1.000     2.000     0.387
     1.000     2.000     1.000     2.000     1.000    -1.053
     2.000     3.000     2.000     2.000     3.000    -0.087
     1.000     1.000     2.000     2.000     2.000    -1.145
     2.000     3.000     2.000     2.000     2.000    -0.139
     3.000     3.000     3.000     4.000     1.000     0.666
     1.000     2.000     2.000     4.000     3.000    -0.638
     2.000     2.000     2.000     1.000     2.000    -0.552
     3.000     3.000     2.000     3.000     3.000     0.473
     1.000     2.000     2.000     1.000     2.000    -0.953
     2.000     2.000     2.000     3.000     3.000    -0.322
     3.000     3.000     3.000     3.000     3.000     0.661
     2.000     3.000     3.000     2.000     2.000     0.012
     4.000     4.000     4.000     4.000     2.000     1.887
     4.000     2.000     3.000     3.000     4.000     0.822
     3.000     3.000     3.000     2.000     3.000     0.545
