     1.000     2.000     1.000    -1.033
     3.000     2.000     3.000     0.611
     1.000     3.000     2.000    -0.916
     1.000     3.000     3.000    -0.673
     3.000     2.000     4.000     0.972
     3.000     1.000     3.000     0.744
     2.000     2.000     3.000     0.004
     2.000     2.000     2.000    -0.261
     2.000     3.000     2.000    -0.361
     2.000     2.000     2.000    -0.261
     0.000     3.000     1.000    -1.706
     1.000     3.000     2.000    -0.916
     3.000     1.000     4.000     1.110
     2.000     3.000     2.000    -0.361
     2.000     1.000     2.000    -0.152
     0.000     4.000     3.000    -1.375
     1.000     3.000     2.000    -0.916
     2.000     1.000     3.000     0.116
     3.000     1.000     3.000     0.744
     1.000     3.000     2.000    -0.916
     3.000     1.000     3.000     0.744
     3.000     2.000     2.000     0.313
     1.000     2.000     2.000    -0.815
     1.000     2.000     2.000    -0.815
     3.000     2.000     3.000     0.611
     3.000     2.000     3.000     0.611
     1.000     2.000     2.000    -0.815
     1.000     3.000     2.000    -0.916
     2.000     2.000     2.000    -0.261
     3.000     1.000     3.000     0.744
     0.000     3.000     2.000    -1.499
     2.000     2.000     2.000    -0.261
     3.000     1.000     3.000     0.744
     2.000     2.000     2.000    -0.261
     4.000     1.000     4.000     1.778
     1.000     2.000     2.000    -0.815
     2.000     2.000     3.000     0.004
     2.000     2.000     3.000     0.004
     1.000     3.000     1.000    -1.134
     0.000     3.000     0.000    -1.954
     3.000     1.000     4.000     1.110
     1.000     1.000     1.000    -0.928
     1.000     1.000     1.000    -0.928
     1.000     1.000     2.000    -0.712
     3.000     1.000     1.000     0.188
     2.000     3.000     3.000    -0.101
     2.000     1.000     3.000     0.116
     3.000     2.000     3.000     0.611
     3.000     2.000     3.000     0.611
     2.000     2.000     2.000    -0.261
     0.000     3.000     0.000    -1.954
     3.000     1.000     2.000     0.422
     2.000     2.000     3.000     0.004
     2.000     3.000     2.000    -0.361
     2.000     2.000     3.000     0.004
     3.000     2.000     3.000     0.611
     1.000     3.000     3.000    -0.673
     2.000     2.000     3.000     0.004
     4.000     1.000     4.000     1.778
     2.000     2.000     2.000    -0.261
     0.000     2.000     1.000    -1.603
     2.000     1.000     2.000    -0.152
     1.000     1.000     3.000    -0.477
     2.000     3.000     2.000    -0.361
     3.000     1.000     3.000     0.744
     0.000     3.000     1.000    -1.706
     3.000     1.000     3.000     0.744
     0.000     4.000     0.000    -2.118
     3.000     1.000     3.000     0.744
     2.000     0.000     3.000     0.249
     2.000     3.000     3.000    -0.101
     2.000     2.000     2.000    -0.261
     3.000     1.000     3.000     0.744
     4.000     3.000     4.000     1.541
     2.000     2.000     2.000    -0.261
     2.000     3.000     3.000    -0.101
     1.000     2.000     2.000    -0.815
     2.000     3.000     2.000    -0.361
     3.000     1.000     3.000     0.744
     1.000     2.000     1.000    -1.033
     3.000     1.000     2.000     0.422
     1.000     1.000     1.000    -0.928
     3.000     1.000     3.000     0.744
     4.000     0.000     4.000     1.945
     4.000     2.000     3.000     1.361
     3.000     1.000     3.000     0.744
     2.000     2.000     3.000     0.004
     1.000     3.000     2.000    -0.916
     3.000     1.000     3.000     0.744
     2.000     3.000     2.000    -0.361
     3.000     1.000     3.000     0.744
     2.000     1.000     2.000    -0.152
     3.000     1.000     3.000     0.744
     2.000     2.000     3.000     0.004
     1.000     3.000     3.000    -0.673
     2.000     2.000     3.000     0.004
     2.000     2.000     2.000    -0.261
     3.000     1.000     3.000     0.744
     2.000     2.000     2.000    -0.261
     0.000     4.000     0.000    -2.118
     2.000     1.000     2.000    -0.152
     2.000     2.000     2.000    -0.261
     1.000     1.000     3.000    -0.477
     3.000     2.000     3.000     0.611
     3.000     1.000     3.000     0.744
     3.000     1.000     0.000     0.013
     1.000     1.000     2.000    -0.712
     1.000     3.000     3.000    -0.673
     3.000     1.000     3.000     0.744
     3.000     3.000     3.000     0.497
     2.000     2.000     3.000     0.004
     1.000     1.000     2.000    -0.712
     0.000     3.000     1.000    -1.706
     4.000     2.000     3.000     1.361
     3.000     1.000     3.000     0.744
     2.000     2.000     3.000     0.004
     0.000     4.000     2.000    -1.611
     4.000     1.000     4.000     1.778
     3.000     1.000     3.000     0.744
     2.000     1.000     2.000    -0.152
     1.000     1.000     3.000    -0.477
     2.000     2.000     2.000    -0.261
     2.000     1.000     3.000     0.116
     3.000     1.000     3.000     0.744
     4.000     1.000     3.000     1.472
     3.000     3.000     3.000     0.497
     1.000     2.000     1.000    -1.033
     2.000     2.000     2.000    -0.261
     4.000     3.000     4.000     1.541
     2.000     2.000     2.000    -0.261
     1.000     2.000     2.000    -0.815
     2.000     1.000     2.000    -0.152
     3.000     2.000     2.000     0.313
     2.000     2.000     3.000     0.004
     1.000     1.000     3.000    -0.477
     3.000     3.000     3.000     0.497
     1.000     3.000     3.000    -0.673
     3.000     4.000     4.000     0.718
     3.000     3.000     3.000     0.497
     2.000     3.000     3.000    -0.101
     2.000     2.000     3.000     0.004
     1.000     1.000     2.000    -0.712
     2.000     3.000     2.000    -0.361
     2.000     1.000     3.000     0.116
     3.000     3.000     3.000     0.497
     3.000     1.000     4.000     1.110
     1.000     1.000     3.000    -0.477
     1.000     3.000     3.000    -0.673
     2.000     2.000     3.000     0.004
     2.000     2.000     4.000     0.326
     3.000     2.000     4.000     0.972
     1.000     0.000     3.000    -0.353
     2.000     2.000     3.000     0.004
     3.000     1.000     3.000     0.744
     2.000     1.000     2.000    -0.152
     3.000     0.000     3.000     0.908
     1.000     3.000     1.000    -1.134
     1.000     3.000     1.000    -1.134
     3.000     2.000     2.000     0.313
     0.000     2.000     1.000    -1.603
     2.000     1.000     3.000     0.116
     1.000     1.000     3.000    -0.477
     4.000     3.000     4.000     1.541
     3.000     1.000     4.000     1.110
     1.000     3.000     2.000    -0.916
     4.000     4.000     2.000     0.900
     1.000     3.000     3.000    -0.673
     2.000     1.000     3.000     0.116
     2.000     1.000     3.000     0.116
     3.000     2.000     3.000     0.611
     2.000     2.000     3.000     0.004
     3.000     1.000     2.000     0.422
     1.000     3.000     2.000    -0.916
     1.000     2.000     2.000    -0.815
     0.000     3.000     1.000    -1.706
     2.000     1.000     3.000     0.116
     3.000     1.000     3.000     0.744
     1.000     2.000     2.000    -0.815
     2.000     2.000     3.000     0.004
     2.000     3.000     1.000    -0.581
     2.000     2.000     3.000     0.004
     3.000     1.000     3.000     0.744
     3.000     1.000     3.000     0.744
     2.000     1.000     3.000     0.116
     3.000     1.000     3.000     0.744
     3.000     1.000     3.000     0.744
     3.000     2.000     3.000     0.611
     3.000     2.000     3.000     0.611
     3.000     1.000     4.000     1.110
     4.000     1.000     3.000     1.472
     2.000     3.000     3.000    -0.101
     1.000     1.000     3.000    -0.477
     2.000     2.000     3.000     0.004
     1.000     3.000     1.000    -1.134
     3.000     0.000     3.000     0.908
     3.000     0.000     3.000     0.908
     3.000     2.000     3.000     0.611
     3.000     1.000     3.000     0.744
     3.000     1.000     3.000     0.744
     3.000     3.000     2.000     0.217
     1.000     1.000     2.000    -0.712
     2.000     2.000     2.000    -0.261
     3.000     1.000     3.000     0.744
     0.000     4.000     3.000    -1.375
     2.000     2.000     3.000     0.004
     1.000     2.000     1.000    -1.033
     3.000     2.000     3.000     0.611
     2.000     2.000     3.000     0.004
     2.000     0.000     3.000     0.249
     2.000     2.000     2.000    -0.261
     2.000     4.000     2.000    -0.470
     2.000     3.000     3.000    -0.101
     3.000     1.000     3.000     0.744
     4.000     1.000     4.000     1.778
     1.000     4.000     0.000    -1.445
     3.000     3.000     3.000     0.497
     3.000     1.000     3.000     0.744
     3.000     1.000     3.000     0.744
     2.000     3.000     3.000    -0.101
     0.000     3.000     1.000    -1.706
     2.000     2.000     2.000    -0.261
     1.000     3.000     2.000    -0.916
     0.000     4.000     3.000    -1.375
     2.000     2.000     3.000     0.004
     3.000     1.000     4.000     1.110
     1.000     2.000     3.000    -0.577
     3.000     1.000     4.000     1.110
     2.000     2.000     3.000     0.004
     3.000     1.000     3.000     0.744
     1.000     3.000     2.000    -0.916
     3.000     2.000     4.000     0.972
     3.000     2.000     3.000     0.611
     2.000     3.000     2.000    -0.361
     2.000     1.000     3.000     0.116
     2.000     2.000     2.000    -0.261
     2.000     2.000     3.000     0.004
     2.000     2.000     3.000     0.004
     3.000     2.000     4.000     0.972
     2.000     2.000     1.000    -0.486
     2.000     1.000     3.000     0.116
     2.000     1.000     2.000    -0.152
     1.000     3.000     3.000    -0.673
     2.000     2.000     2.000    -0.261
     2.000     2.000     2.000    -0.261
     2.000     2.000     2.000    -0.261
     1.000     4.000     3.000    -0.782
     3.000     1.000     2.000     0.422
     0.000     3.000     0.000    -1.954
     3.000     2.000     3.000     0.611
     0.000     3.000     2.000    -1.499
     3.000     2.000     3.000     0.611
     2.000     0.000     2.000    -0.018
     2.000     0.000     3.000     0.249
     3.000     2.000     2.000     0.313
     1.000     2.000     2.000    -0.815
     2.000     2.000     2.000    -0.261
     1.000     2.000     3.000    -0.577
     3.000     1.000     3.000     0.744
     2.000     2.000     2.000    -0.261
     1.000     3.000     1.000    -1.134
     2.000     2.000     2.000    -0.261
     2.000     3.000     2.000    -0.361
     4.000     2.000     4.000     1.646
     0.000     2.000     2.000    -1.403
     2.000     2.000     2.000    -0.261
     2.000     3.000     2.000    -0.361
     1.000     1.000     3.000    -0.477
     2.000     2.000     3.000     0.004
     2.000     1.000     3.000     0.116
     2.000     2.000     3.000     0.004
     3.000     2.000     3.000     0.611
     2.000     2.000     2.000    -0.261
     1.000     2.000     2.000    -0.815
     3.000     2.000     3.000     0.611
     1.000     2.000     2.000    -0.815
     2.000     2.000     2.000    -0.261
     1.000     1.000     2.000    -0.712
     3.000     2.000     3.000     0.611
     2.000     3.000     3.000    -0.101
     1.000     2.000     2.000    -0.815
     3.000     1.000     3.000     0.744
     2.000     2.000     3.000     0.004
     2.000     2.000     2.000    -0.261
     2.000     1.000     2.000    -0.152
     3.000     1.000     4.000     1.110
     3.000     2.000     3.000     0.611
     1.000     2.000     1.000    -1.033
     1.000     1.000     2.000    -0.712
     3.000     2.000     3.000     0.611
     1.000     3.000     3.000    -0.673
     1.000     1.000     2.000    -0.712
     3.000     0.000     3.000     0.908
     3.000     2.000     4.000     0.972
     4.000     2.000     4.000     1.646
     3.000     1.000     4.000     1.110
     3.000     2.000     3.000     0.611
     3.000     1.000     3.000     0.744
     2.000     3.000     3.000    -0.101
     3.000     1.000     3.000     0.744
     2.000     2.000     2.000    -0.261
     3.000     2.000     3.000     0.611
     2.000     2.000     3.000     0.004
     4.000     3.000     4.000     1.541
     2.000     1.000     2.000    -0.152
     1.000     1.000     1.000    -0.928
     3.000     1.000     3.000     0.744
     1.000     2.000     3.000    -0.577
     2.000     3.000     3.000    -0.101
     3.000     1.000     2.000     0.422
     3.000     1.000     3.000     0.744
     2.000     3.000     3.000    -0.101
     2.000     1.000     3.000     0.116
     2.000     1.000     2.000    -0.152
     3.000     1.000     3.000     0.744
     3.000     3.000     2.000     0.217
     1.000     2.000     3.000    -0.577
     2.000     1.000     3.000     0.116
     4.000     0.000     2.000     1.286
     1.000     4.000     1.000    -1.245
     2.000     2.000     2.000    -0.261
     1.000     2.000     1.000    -1.033
     1.000     1.000     1.000    -0.928
     2.000     2.000     3.000     0.004
     3.000     1.000     2.000     0.422
     2.000     1.000     3.000     0.116
     2.000     2.000     3.000     0.004
     1.000     3.000     3.000    -0.673
     1.000     4.000     2.000    -1.029
     1.000     3.000     2.000    -0.916
     4.000     2.000     2.000     1.076
     1.000     2.000     4.000    -0.260
     0.000     3.000     1.000    -1.706
     2.000     0.000     2.000    -0.018
     2.000     2.000     3.000     0.004
     1.000     3.000     2.000    -0.916
     1.000     4.000     0.000    -1.445
     3.000     2.000     3.000     0.611
     2.000     2.000     2.000    -0.261
     2.000     1.000     2.000    -0.152
     0.000     4.000     0.000    -2.118
     1.000     3.000     3.000    -0.673
     3.000     1.000     3.000     0.744
     3.000     2.000     3.000     0.611
     2.000     1.000     3.000     0.116
     3.000     2.000     3.000     0.611
     3.000     2.000     3.000     0.611
     1.000     3.000     2.000    -0.916
     2.000     2.000     2.000    -0.261
     2.000     2.000     2.000    -0.261
     2.000     3.000     2.000    -0.361
     2.000     1.000     3.000     0.116
     3.000     1.000     3.000     0.744
     3.000     1.000     3.000     0.744
     4.000     2.000     4.000     1.646
     3.000     1.000     2.000     0.422
     2.000     1.000     3.000     0.116
     3.000     3.000     1.000     0.002
     3.000     3.000     3.000     0.497
     4.000     0.000     4.000     1.945
     0.000     2.000     1.000    -1.603
     4.000     0.000     4.000     1.945
     3.000     2.000     2.000     0.313
     1.000     1.000     2.000    -0.712
     2.000     3.000     2.000    -0.361
     3.000     1.000     3.000     0.744
     3.000     1.000     4.000     1.110
     2.000     2.000     3.000     0.004
     2.000     2.000     4.000     0.326
     2.000     0.000     3.000     0.249
     3.000     1.000     3.000     0.744
     2.000     2.000     3.000     0.004
     1.000     3.000     1.000    -1.134
     2.000     1.000     3.000     0.116
     3.000     2.000     3.000     0.611
     2.000     3.000     1.000    -0.581
     2.000     1.000     2.000    -0.152
     2.000     2.000     3.000     0.004
     4.000     0.000     4.000     1.945
     2.000     1.000     2.000    -0.152
     1.000     3.000     1.000    -1.134
     2.000     1.000     3.000     0.116
     2.000     2.000     3.000     0.004
     2.000     1.000     2.000    -0.152
     2.000     2.000     3.000     0.004
     3.000     0.000     4.000     1.266
     3.000     2.000     3.000     0.611
     3.000     2.000     3.000     0.611
