     2.000     3.000     3.000     3.000     2.000     0.112
     1.000     1.000     3.000     3.000     3.000    -0.324
     3.000     3.000     2.000     2.000     3.000     0.158
     4.000     3.000     1.000     4.000     4.000     0.572
     1.000     2.000     2.000     3.000     2.000    -0.336
     2.000     1.000     2.000     2.000     2.000    -0.559
     3.000     3.000     1.000     1.000     1.000    -0.376
     3.000     3.000     4.000     3.000     4.000     0.617
     1.000     3.000     4.000     2.000     4.000     0.238
     2.000     1.000     3.000     2.000     3.000    -0.319
     1.000     1.000     2.000     2.000     3.000    -0.541
     4.000     2.000     2.000     2.000     2.000    -0.079
     3.000     3.000     3.000     3.000     3.000     0.366
     1.000     3.000     2.000     3.000     2.000    -0.112
     1.000     2.000     3.000     3.000     2.000    -0.238
     3.000     3.000     3.000     3.000     2.000     0.231
     2.000     3.000     3.000     2.000     3.000     0.131
     3.000     4.000     2.000     3.000     1.000     0.200
     2.000     2.000     2.000     2.000     2.000    -0.330
     2.000     1.000     1.000     1.000     1.000    -0.949
     3.000     3.000     3.000     4.000     3.000     0.497
     4.000     4.000     4.000     4.000     4.000     1.250
     3.000     1.000     4.000     2.000     4.000     0.028
     4.000     4.000     4.000     4.000     3.000     1.023
     4.000     2.000     4.000     4.000     4.000     0.677
     1.000     1.000     2.000     3.000     2.000    -0.562
     1.000     1.000     2.000     1.000     1.000    -0.970
     2.000     1.000     3.000     2.000     3.000    -0.319
     1.000     1.000     2.000     1.000     2.000    -0.820
     2.000     2.000     2.000     2.000     2.000    -0.330
     2.000     2.000     3.000     2.000     2.000    -0.231
     2.000     3.000     3.000     1.000     3.000    -0.002
     0.000     3.000     2.000     0.000     1.000    -0.792
     4.000     4.000     0.000     4.000     4.000     0.712
     2.000     2.000     2.000     1.000     2.000    -0.467
     3.000     2.000     3.000     2.000     4.000     0.176
     2.000     3.000     2.000     3.000     3.000     0.157
     2.000     2.000     2.000     2.000     3.000    -0.184
     1.000     4.000     4.000     2.000     4.000     0.467
     2.000     2.000     4.000     3.000     4.000     0.275
     2.000     2.000     2.000     2.000     2.000    -0.330
     2.000     2.000     3.000     2.000     2.000    -0.231
     3.000     2.000     4.000     4.000     1.000     0.079
     4.000     3.000     2.000     2.000     3.000     0.283
     2.000     4.000     3.000     3.000     3.000     0.469
     2.000     2.000     2.000     3.000     2.000    -0.204
     3.000     2.000     3.000     2.000     3.000     0.035
     1.000     2.000     2.000     3.000     1.000    -0.491
     4.000     3.000     4.000     4.000     4.000     0.918
     0.000     2.000     2.000     2.000     2.000    -0.599
     1.000     1.000     1.000     1.000     2.000    -0.927
     1.000     4.000     1.000     4.000     3.000     0.257
     2.000     3.000     4.000     3.000     3.000     0.348
     1.000     1.000     2.000     1.000     1.000    -0.970
     2.000     2.000     2.000     3.000     0.000    -0.519
     2.000     2.000     3.000     2.000     2.000    -0.231
     3.000     3.000     3.000     2.000     4.000     0.392
     3.000     0.000     3.000     2.000     3.000    -0.404
     3.000     3.000     2.000     3.000     2.000     0.139
     1.000     2.000     3.000     2.000     2.000    -0.363
     2.000     0.000     2.000     1.000     1.000    -1.056
     3.000     2.000     2.000     3.000     2.000    -0.079
     2.000     1.000     1.000     2.000     1.000    -0.816
     3.000     4.000     3.000     4.000     3.000     0.734
     4.000     3.000     3.000     2.000     2.000     0.237
     2.000     2.000     2.000     2.000     2.000    -0.330
     4.000     2.000     2.000     3.000     4.000     0.330
     1.000     1.000     1.000     1.000     4.000    -0.645
     2.000     4.000     3.000     4.000     3.000     0.608
     2.000     3.000     3.000     3.000     3.000     0.249
     4.000     3.000     4.000     4.000     4.000     0.918
     2.000     2.000     3.000     1.000     3.000    -0.221
     1.000     2.000     4.000     3.000     2.000    -0.143
     3.000     2.000     4.000     3.000     2.000     0.113
     2.000     2.000     2.000     2.000     2.000    -0.330
     3.000     3.000     4.000     3.000     2.000     0.330
     2.000     2.000     2.000     3.000     2.000    -0.204
     2.000     3.000     2.000     1.000     2.000    -0.237
     4.000     4.000     4.000     4.000     4.000     1.250
     3.000     3.000     3.000     2.000     3.000     0.250
     2.000     3.000     2.000     2.000     1.000    -0.258
     2.000     3.000     3.000     2.000     4.000     0.272
     3.000     2.000     2.000     4.000     4.000     0.333
     3.000     2.000     2.000     2.000     3.000    -0.060
     3.000     2.000     3.000     2.000     3.000     0.035
     3.000     3.000     4.000     3.000     2.000     0.330
     1.000     2.000     2.000     1.000     1.000    -0.754
     2.000     2.000     2.000     3.000     3.000    -0.061
     4.000     4.000     4.000     4.000     2.000     0.861
     1.000     3.000     3.000     3.000     2.000    -0.018
     2.000     3.000     3.000     3.000     3.000     0.249
     2.000     2.000     3.000     1.000     2.000    -0.367
     3.000     3.000     2.000     2.000     2.000     0.019
     3.000     2.000     2.000     2.000     2.000    -0.203
     2.000     2.000     3.000     1.000     2.000    -0.367
     3.000     2.000     2.000     0.000     1.000    -0.641
     1.000     1.000     1.000     1.000     1.000    -1.075
     4.000     2.000     4.000     3.000     3.000     0.380
     1.000     1.000     2.000     2.000     2.000    -0.687
     2.000     2.000     2.000     2.000     2.000    -0.330
     2.000     1.000     4.000     2.000     2.000    -0.370
     1.000     1.000     2.000     0.000     0.000    -1.276
     1.000     2.000     3.000     2.000     2.000    -0.363
     2.000     2.000     2.000     1.000     2.000    -0.467
     1.000     2.000     2.000     3.000     3.000    -0.191
     3.000     2.000     2.000     2.000     3.000    -0.060
     2.000     3.000     2.000     1.000     2.000    -0.237
     2.000     3.000     1.000     3.000     4.000     0.184
     2.000     2.000     2.000     1.000     3.000    -0.320
     4.000     4.000     4.000     4.000     3.000     1.023
     1.000     2.000     2.000     1.000     1.000    -0.754
     4.000     4.000     4.000     4.000     4.000     1.250
     2.000     3.000     1.000     1.000     2.000    -0.347
     2.000     2.000     2.000     2.000     2.000    -0.330
     2.000     3.000     3.000     3.000     2.000     0.112
     2.000     2.000     4.000     1.000     3.000    -0.127
     2.000     0.000     4.000     2.000     4.000    -0.303
     3.000     3.000     3.000     1.000     2.000    -0.020
     3.000     2.000     2.000     0.000     3.000    -0.339
     1.000     3.000     4.000     1.000     3.000    -0.037
     2.000     1.000     2.000     2.000     3.000    -0.415
     4.000     4.000     4.000     4.000     4.000     1.250
     3.000     2.000     4.000     1.000     2.000    -0.146
     4.000     3.000     4.000     4.000     3.000     0.745
     3.000     4.000     4.000     4.000     4.000     1.049
     4.000     4.000     4.000     4.000     4.000     1.250
     1.000     1.000     1.000     2.000     2.000    -0.794
     4.000     3.000     4.000     1.000     2.000     0.201
     2.000     2.000     2.000     2.000     3.000    -0.184
     3.000     3.000     4.000     2.000     3.000     0.349
     2.000     3.000     1.000     4.000     3.000     0.169
     3.000     3.000     3.000     2.000     2.000     0.113
     2.000     1.000     4.000     1.000     4.000    -0.225
     3.000     2.000     3.000     3.000     1.000    -0.139
     1.000     2.000     2.000     1.000     2.000    -0.600
     3.000     2.000     2.000     3.000     2.000    -0.079
     4.000     3.000     2.000     2.000     2.000     0.143
     4.000     4.000     4.000     4.000     4.000     1.250
     2.000     3.000     4.000     4.000     4.000     0.638
     3.000     3.000     3.000     2.000     4.000     0.392
     3.000     3.000     4.000     3.000     3.000     0.467
     2.000     4.000     3.000     4.000     3.000     0.608
     2.000     1.000     2.000     1.000     1.000    -0.843
     4.000     4.000     4.000     3.000     4.000     1.036
     2.000     2.000     1.000     1.000     1.000    -0.733
     2.000     3.000     2.000     3.000     4.000     0.298
     3.000     2.000     3.000     2.000     2.000    -0.106
     3.000     3.000     3.000     3.000     3.000     0.366
     3.000     2.000     2.000     2.000     2.000    -0.203
     3.000     3.000     4.000     3.000     2.000     0.330
     1.000     2.000     0.000     2.000     2.000    -0.678
     3.000     2.000     3.000     3.000     1.000    -0.139
     1.000     2.000     4.000     3.000     2.000    -0.143
     3.000     3.000     3.000     2.000     3.000     0.250
     4.000     3.000     4.000     2.000     3.000     0.479
     3.000     3.000     2.000     1.000     3.000     0.025
     2.000     3.000     2.000     2.000     2.000    -0.103
     2.000     2.000     2.000     2.000     2.000    -0.330
     3.000     4.000     4.000     4.000     4.000     1.049
     3.000     4.000     3.000     4.000     4.000     0.909
     1.000     1.000     4.000     1.000     1.000    -0.781
     2.000     3.000     3.000     2.000     2.000    -0.008
     3.000     1.000     2.000     0.000     4.000    -0.430
     2.000     1.000     3.000     2.000     2.000    -0.461
     3.000     4.000     4.000     0.000     4.000     0.439
     1.000     2.000     2.000     3.000     4.000    -0.053
     3.000     3.000     2.000     2.000     4.000     0.299
     2.000     3.000     2.000     4.000     3.000     0.284
     2.000     3.000     2.000     3.000     2.000     0.018
     3.000     2.000     2.000     2.000     2.000    -0.203
     4.000     4.000     2.000     4.000     4.000     0.972
     2.000     3.000     3.000     2.000     2.000    -0.008
     2.000     2.000     2.000     1.000     2.000    -0.467
     3.000     3.000     3.000     3.000     3.000     0.366
     2.000     2.000     4.000     4.000     3.000     0.260
     3.000     3.000     2.000     1.000     1.000    -0.268
     3.000     0.000     4.000     0.000     0.000    -1.037
     4.000     4.000     4.000     4.000     4.000     1.250
     4.000     4.000     4.000     4.000     4.000     1.250
     4.000     4.000     4.000     2.000     3.000     0.719
     4.000     4.000     3.000     4.000     3.000     0.886
     2.000     2.000     2.000     2.000     2.000    -0.330
     4.000     3.000     4.000     4.000     3.000     0.745
     4.000     4.000     4.000     3.000     4.000     1.036
     1.000     1.000     2.000     2.000     2.000    -0.687
     1.000     2.000     2.000     3.000     2.000    -0.336
     2.000     2.000     3.000     2.000     1.000    -0.387
     2.000     3.000     2.000     1.000     2.000    -0.237
     2.000     3.000     4.000     3.000     3.000     0.348
     3.000     1.000     2.000     1.000     2.000    -0.566
     3.000     3.000     4.000     4.000     3.000     0.604
     4.000     4.000     3.000     4.000     4.000     1.084
     2.000     3.000     3.000     2.000     1.000    -0.163
     3.000     4.000     3.000     1.000     1.000     0.042
     4.000     2.000     3.000     2.000     3.000     0.159
     3.000     3.000     3.000     2.000     2.000     0.113
     2.000     3.000     3.000     2.000     4.000     0.272
     4.000     4.000     3.000     4.000     4.000     1.084
     2.000     1.000     1.000     2.000     3.000    -0.522
     1.000     3.000     3.000     1.000     2.000    -0.270
     1.000     4.000     3.000     3.000     3.000     0.335
     2.000     3.000     2.000     3.000     2.000     0.018
     2.000     3.000     2.000     2.000     3.000     0.037
     4.000     4.000     1.000     3.000     2.000     0.372
     3.000     4.000     4.000     4.000     3.000     0.856
     3.000     4.000     3.000     4.000     3.000     0.734
     2.000     2.000     3.000     4.000     3.000     0.159
     1.000     2.000     1.000     0.000     2.000    -0.858
     3.000     3.000     3.000     3.000     3.000     0.366
     3.000     3.000     2.000     1.000     4.000     0.165
     3.000     3.000     3.000     3.000     3.000     0.366
     0.000     1.000     4.000     1.000     2.000    -0.764
     2.000     3.000     3.000     4.000     2.000     0.238
     1.000     2.000     3.000     2.000     2.000    -0.363
     3.000     4.000     4.000     4.000     3.000     0.856
     3.000     2.000     3.000     3.000     2.000     0.016
     1.000     1.000     1.000     4.000     2.000    -0.554
     3.000     3.000     3.000     3.000     2.000     0.231
     4.000     3.000     4.000     3.000     3.000     0.599
     4.000     4.000     2.000     4.000     2.000     0.635
     3.000     2.000     3.000     4.000     3.000     0.281
     3.000     2.000     3.000     2.000     4.000     0.176
     4.000     3.000     4.000     4.000     4.000     0.918
     2.000     3.000     2.000     2.000     2.000    -0.103
     1.000     2.000     2.000     3.000     3.000    -0.191
     3.000     2.000     4.000     2.000     2.000    -0.010
     3.000     4.000     4.000     4.000     2.000     0.705
     2.000     2.000     2.000     3.000     2.000    -0.204
     3.000     2.000     3.000     2.000     3.000     0.035
     0.000     4.000     4.000     4.000     3.000     0.436
     4.000     1.000     2.000     2.000     2.000    -0.316
     3.000     2.000     3.000     3.000     2.000     0.016
     3.000     3.000     2.000     3.000     2.000     0.139
     1.000     1.000     1.000     1.000     1.000    -1.075
     2.000     2.000     1.000     1.000     3.000    -0.431
     4.000     3.000     2.000     2.000     2.000     0.143
     3.000     3.000     2.000     3.000     3.000     0.276
     2.000     3.000     3.000     3.000     3.000     0.249
     1.000     2.000     2.000     3.000     2.000    -0.336
     0.000     2.000     2.000     2.000     3.000    -0.450
     0.000     0.000     3.000     3.000     2.000    -0.801
     1.000     2.000     2.000     1.000     1.000    -0.754
     2.000     2.000     3.000     1.000     2.000    -0.367
     2.000     3.000     4.000     2.000     4.000     0.374
     1.000     3.000     3.000     4.000     2.000     0.105
     3.000     3.000     2.000     3.000     1.000    -0.016
     2.000     3.000     1.000     1.000     2.000    -0.347
     3.000     3.000     1.000     4.000     2.000     0.151
     3.000     2.000     3.000     3.000     3.000     0.155
     2.000     3.000     2.000     2.000     3.000     0.037
     2.000     2.000     0.000     4.000     4.000    -0.012
     3.000     2.000     3.000     2.000     2.000    -0.106
     2.000     1.000     2.000     1.000     2.000    -0.692
     2.000     2.000     3.000     2.000     3.000    -0.087
     3.000     3.000     3.000     3.000     3.000     0.366
     3.000     2.000     3.000     2.000     3.000     0.035
     2.000     3.000     2.000     3.000     3.000     0.157
     0.000     3.000     4.000     3.000     4.000     0.225
     2.000     3.000     3.000     1.000     3.000    -0.002
     3.000     4.000     4.000     3.000     4.000     0.869
     3.000     3.000     2.000     1.000     2.000    -0.114
     4.000     4.000     2.000     0.000     2.000     0.085
     4.000     2.000     3.000     1.000     2.000    -0.118
     1.000     2.000     2.000     0.000     2.000    -0.748
     2.000     2.000     2.000     2.000     2.000    -0.330
     3.000     4.000     3.000     3.000     2.000     0.451
     3.000     3.000     0.000     1.000     1.000    -0.475
     2.000     2.000     2.000     2.000     2.000    -0.330
     2.000     1.000     2.000     2.000     1.000    -0.710
     2.000     3.000     2.000     3.000     3.000     0.157
     2.000     2.000     3.000     1.000     3.000    -0.221
     1.000     2.000     3.000     1.000     3.000    -0.352
     2.000     2.000     1.000     3.000     2.000    -0.316
     3.000     2.000     2.000     0.000     2.000    -0.486
     1.000     0.000     2.000     2.000     1.000    -1.049
     2.000     3.000     3.000     4.000     4.000     0.526
     3.000     4.000     3.000     3.000     4.000     0.747
     2.000     4.000     4.000     3.000     3.000     0.575
     2.000     2.000     3.000     3.000     1.000    -0.262
     2.000     1.000     3.000     0.000     1.000    -0.886
     2.000     2.000     2.000     1.000     2.000    -0.467
     1.000     2.000     3.000     3.000     4.000     0.043
     2.000     2.000     2.000     2.000     2.000    -0.330
     3.000     3.000     3.000     1.000     3.000     0.118
     4.000     4.000     4.000     1.000     2.000     0.429
     4.000     4.000     4.000     2.000     3.000     0.719
     2.000     2.000     2.000     2.000     2.000    -0.330
     4.000     4.000     4.000     4.000     3.000     1.023
     2.000     2.000     2.000     2.000     3.000    -0.184
     3.000     4.000     2.000     3.000     3.000     0.497
     3.000     4.000     1.000     4.000     3.000     0.516
     4.000     3.000     1.000     2.000     1.000    -0.126
     1.000     3.000     1.000     1.000     3.000    -0.333
     2.000     2.000     2.000     1.000     2.000    -0.467
     2.000     2.000     2.000     2.000     2.000    -0.330
     2.000     2.000     2.000     2.000     2.000    -0.330
     3.000     4.000     4.000     1.000     4.000     0.592
     4.000     3.000     4.000     4.000     3.000     0.745
     2.000     1.000     2.000     4.000     2.000    -0.317
     2.000     2.000     3.000     1.000     3.000    -0.221
     3.000     3.000     3.000     2.000     2.000     0.113
     4.000     4.000     4.000     4.000     4.000     1.250
     4.000     4.000     4.000     4.000     4.000     1.250
     3.000     2.000     2.000     2.000     2.000    -0.203
     2.000     3.000     3.000     1.000     1.000    -0.294
     2.000     2.000     2.000     2.000     1.000    -0.487
     4.000     3.000     2.000     3.000     2.000     0.264
     3.000     3.000     4.000     2.000     3.000     0.349
     2.000     2.000     3.000     2.000     2.000    -0.231
     4.000     3.000     4.000     3.000     4.000     0.758
     2.000     4.000     2.000     3.000     3.000     0.376
     2.000     2.000     2.000     4.000     2.000    -0.080
     2.000     3.000     3.000     3.000     3.000     0.249
     3.000     4.000     4.000     3.000     3.000     0.700
     3.000     3.000     2.000     2.000     1.000    -0.136
     2.000     2.000     2.000     2.000     2.000    -0.330
     3.000     2.000     2.000     2.000     2.000    -0.203
     2.000     2.000     2.000     2.000     2.000    -0.330
     2.000     3.000     3.000     2.000     3.000     0.131
     1.000     0.000     4.000     2.000     2.000    -0.708
     2.000     1.000     1.000     1.000     2.000    -0.800
     3.000     2.000     2.000     1.000     3.000    -0.194
     3.000     3.000     4.000     2.000     3.000     0.349
     2.000     2.000     3.000     2.000     3.000    -0.087
     1.000     1.000     3.000     2.000     2.000    -0.588
     2.000     3.000     1.000     2.000     3.000    -0.074
     1.000     3.000     2.000     2.000     1.000    -0.386
     2.000     2.000     2.000     2.000     3.000    -0.184
     2.000     2.000     2.000     2.000     2.000    -0.330
     2.000     1.000     2.000     1.000     3.000    -0.546
     3.000     2.000     4.000     2.000     1.000    -0.168
     3.000     2.000     2.000     2.000     3.000    -0.060
     3.000     2.000     3.000     2.000     1.000    -0.262
     2.000     2.000     3.000     3.000     2.000    -0.106
     2.000     3.000     1.000     1.000     2.000    -0.347
     4.000     4.000     4.000     3.000     4.000     1.036
     3.000     2.000     4.000     2.000     2.000    -0.010
     2.000     2.000     2.000     2.000     2.000    -0.330
     0.000     2.000     3.000     1.000     3.000    -0.484
     2.000     2.000     2.000     2.000     2.000    -0.330
     2.000     0.000     1.000     2.000     0.000    -1.183
     2.000     2.000     1.000     3.000     3.000    -0.172
     0.000     3.000     3.000     2.000     3.000    -0.129
     2.000     2.000     2.000     2.000     2.000    -0.330
     1.000     3.000     2.000     0.000     3.000    -0.366
     4.000     2.000     1.000     1.000     2.000    -0.329
     1.000     1.000     2.000     1.000     3.000    -0.672
     2.000     2.000     3.000     3.000     3.000     0.034
     2.000     3.000     3.000     2.000     4.000     0.272
     3.000     1.000     2.000     3.000     2.000    -0.312
     3.000     3.000     4.000     4.000     4.000     0.765
     2.000     2.000     2.000     0.000     3.000    -0.465
     2.000     3.000     2.000     3.000     3.000     0.157
     2.000     3.000     2.000     2.000     2.000    -0.103
     2.000     2.000     2.000     2.000     2.000    -0.330
     3.000     2.000     2.000     2.000     2.000    -0.203
     2.000     2.000     2.000     2.000     3.000    -0.184
     3.000     2.000     4.000     2.000     1.000    -0.168
     2.000     2.000     1.000     2.000     3.000    -0.296
     4.000     4.000     4.000     3.000     4.000     1.036
     2.000     2.000     3.000     2.000     3.000    -0.087
