     3.000     4.000     3.000     3.000     3.000     0.058
     4.000     3.000     3.000     4.000     3.000     0.070
     4.000     3.000     3.000     3.000     2.000    -0.090
     4.000     4.000     3.000     3.000     4.000     0.594
     4.000     4.000     2.000     3.000     3.000     0.314
     4.000     3.000     3.000     3.000     2.000    -0.090
     4.000     4.000     4.000     3.000     3.000     0.649
     4.000     4.000     4.000     4.000     4.000     1.128
     4.000     4.000     4.000     4.000     4.000     1.128
     4.000     4.000     3.000     4.000     4.000     0.808
     3.000     2.000     2.000     1.000     1.000    -0.964
     4.000     4.000     3.000     4.000     3.000     0.633
     4.000     4.000     3.000     4.000     3.000     0.633
     4.000     2.000     1.000     4.000     3.000    -0.493
     4.000     4.000     1.000     4.000     2.000     0.217
     3.000     3.000     3.000     3.000     1.000    -0.410
     3.000     2.000     2.000     2.000     2.000    -0.839
     4.000     2.000     3.000     3.000     3.000    -0.384
     4.000     4.000     4.000     3.000     4.000     0.825
     4.000     4.000     4.000     4.000     4.000     1.128
     4.000     4.000     3.000     3.000     3.000     0.459
     4.000     4.000     4.000     4.000     4.000     1.128
     3.000     4.000     3.000     3.000     4.000     0.137
     3.000     3.000     3.000     4.000     3.000    -0.212
     4.000     4.000     4.000     4.000     3.000     0.881
     4.000     4.000     3.000     4.000     2.000     0.521
     2.000     2.000     2.000     1.000     2.000    -1.130
     4.000     4.000     2.000     3.000     3.000     0.314
     3.000     3.000     2.000     4.000     2.000    -0.363
     2.000     3.000     2.000     1.000     3.000    -0.751
     3.000     3.000     2.000     3.000     2.000    -0.447
     3.000     4.000     3.000     3.000     3.000     0.058
     4.000     4.000     3.000     3.000     3.000     0.459
     4.000     4.000     4.000     4.000     4.000     1.128
     3.000     2.000     3.000     2.000     2.000    -0.747
     4.000     4.000     3.000     4.000     4.000     0.808
     4.000     4.000     3.000     3.000     2.000     0.365
     4.000     4.000     4.000     4.000     2.000     0.735
     4.000     4.000     1.000     2.000     4.000     0.174
     4.000     4.000     1.000     4.000     4.000     0.416
     2.000     4.000     2.000     3.000     3.000    -0.270
     3.000     3.000     3.000     3.000     4.000    -0.228
     1.000     0.000     3.000     1.000     3.000    -1.797
     4.000     4.000     3.000     2.000     4.000     0.464
     4.000     4.000     4.000     4.000     4.000     1.128
     2.000     2.000     2.000     2.000     2.000    -1.058
     4.000     3.000     2.000     3.000     4.000    -0.051
     3.000     3.000     3.000     3.000     2.000    -0.355
     4.000     4.000     4.000     4.000     4.000     1.128
     3.000     3.000     3.000     2.000     3.000    -0.367
     4.000     3.000     3.000     4.000     0.000    -0.114
     4.000     4.000     2.000     4.000     4.000     0.600
     4.000     3.000     3.000     3.000     4.000     0.051
     3.000     3.000     2.000     3.000     3.000    -0.389
     2.000     3.000     2.000     1.000     4.000    -0.686
     3.000     3.000     2.000     2.000     2.000    -0.518
     2.000     4.000     4.000     4.000     4.000     0.093
     1.000     2.000     2.000     2.000     2.000    -1.284
     4.000     4.000     2.000     4.000     3.000     0.461
     4.000     4.000     1.000     3.000     3.000     0.174
     4.000     4.000     4.000     3.000     4.000     0.825
     3.000     3.000     3.000     3.000     3.000    -0.296
     4.000     4.000     2.000     2.000     3.000     0.212
     3.000     3.000     2.000     2.000     0.000    -0.627
     4.000     4.000     4.000     4.000     3.000     0.881
     2.000     4.000     2.000     2.000     2.000    -0.398
     4.000     4.000     3.000     4.000     2.000     0.521
     4.000     4.000     4.000     4.000     0.000     0.513
     4.000     3.000     3.000     3.000     2.000    -0.090
     3.000     3.000     2.000     2.000     3.000    -0.460
     4.000     2.000     2.000     4.000     4.000    -0.324
     4.000     4.000     3.000     2.000     3.000     0.345
     0.000     4.000     1.000     4.000     3.000    -0.737
     4.000     4.000     4.000     4.000     4.000     1.128
     4.000     2.000     2.000     2.000     2.000    -0.607
     4.000     4.000     3.000     4.000     4.000     0.808
     2.000     2.000     2.000     2.000     2.000    -1.058
     4.000     4.000     4.000     4.000     4.000     1.128
     4.000     4.000     4.000     4.000     4.000     1.128
     4.000     3.000     3.000     3.000     3.000    -0.027
     4.000     3.000     1.000     3.000     2.000    -0.296
     2.000     4.000     2.000     4.000     1.000    -0.300
     4.000     4.000     4.000     3.000     3.000     0.649
     4.000     4.000     3.000     0.000     3.000     0.138
     3.000     4.000     3.000     4.000     3.000     0.157
     3.000     3.000     2.000     3.000     1.000    -0.503
     4.000     1.000     2.000     1.000     4.000    -0.889
     2.000     3.000     2.000     3.000     3.000    -0.609
     4.000     4.000     2.000     4.000     1.000     0.278
     3.000     4.000     3.000     4.000     3.000     0.157
     3.000     3.000     3.000     2.000     2.000    -0.426
     4.000     4.000     3.000     2.000     3.000     0.345
     1.000     3.000     3.000     3.000     3.000    -0.750
     3.000     3.000     2.000     1.000     3.000    -0.532
     4.000     4.000     3.000     3.000     3.000     0.459
     1.000     2.000     2.000     2.000     2.000    -1.284
     3.000     3.000     2.000     2.000     3.000    -0.460
     2.000     0.000     4.000     1.000     3.000    -1.491
     4.000     3.000     3.000     2.000     2.000    -0.167
     2.000     2.000     2.000     2.000     2.000    -1.058
     2.000     2.000     2.000     2.000     2.000    -1.058
     1.000     0.000     1.000     0.000     3.000    -2.082
     4.000     4.000     3.000     2.000     1.000     0.181
     2.000     2.000     3.000     2.000     2.000    -0.966
     4.000     3.000     4.000     2.000     2.000    -0.061
     4.000     4.000     3.000     3.000     2.000     0.365
     3.000     4.000     2.000     3.000     2.000    -0.102
     4.000     4.000     4.000     2.000     2.000     0.413
     4.000     4.000     2.000     2.000     2.000     0.135
     4.000     3.000     3.000     4.000     4.000     0.150
     3.000     3.000     2.000     3.000     4.000    -0.321
     3.000     2.000     4.000     4.000     4.000    -0.381
     2.000     3.000     2.000     2.000     3.000    -0.680
     2.000     2.000     3.000     2.000     2.000    -0.966
     4.000     4.000     3.000     3.000     2.000     0.365
     3.000     3.000     1.000     2.000     2.000    -0.617
     4.000     4.000     4.000     3.000     4.000     0.825
     4.000     4.000     3.000     3.000     4.000     0.594
     4.000     1.000     2.000     1.000     3.000    -0.951
     2.000     2.000     3.000     2.000     3.000    -0.907
     4.000     4.000     2.000     3.000     3.000     0.314
     4.000     4.000     4.000     4.000     4.000     1.128
     4.000     4.000     4.000     3.000     3.000     0.649
     4.000     4.000     4.000     4.000     4.000     1.128
     4.000     4.000     4.000     4.000     4.000     1.128
     4.000     4.000     4.000     4.000     4.000     1.128
     3.000     3.000     2.000     2.000     2.000    -0.518
     3.000     3.000     4.000     3.000     2.000    -0.257
     2.000     1.000     2.000     4.000     1.000    -1.276
     4.000     3.000     4.000     2.000     2.000    -0.061
     2.000     2.000     2.000     2.000     3.000    -1.000
     3.000     3.000     2.000     3.000     3.000    -0.389
     4.000     4.000     4.000     3.000     2.000     0.537
     4.000     4.000     2.000     0.000     3.000     0.022
     4.000     4.000     4.000     1.000     4.000     0.515
     3.000     3.000     3.000     1.000     2.000    -0.498
     3.000     3.000     3.000     1.000     4.000    -0.372
     4.000     3.000     4.000     4.000     4.000     0.265
     3.000     3.000     4.000     4.000     4.000    -0.043
     3.000     2.000     3.000     3.000     3.000    -0.620
     3.000     3.000     2.000     3.000     0.000    -0.555
     4.000     4.000     3.000     4.000     3.000     0.633
     3.000     3.000     3.000     2.000     3.000    -0.367
     4.000     4.000     4.000     2.000     4.000     0.660
     3.000     3.000     2.000     2.000     3.000    -0.460
     3.000     3.000     3.000     3.000     4.000    -0.228
     3.000     3.000     2.000     3.000     3.000    -0.389
     2.000     2.000     1.000     3.000     2.000    -1.086
     4.000     4.000     4.000     4.000     4.000     1.128
     2.000     1.000     2.000     4.000     2.000    -1.224
     3.000     2.000     2.000     2.000     0.000    -0.947
     4.000     3.000     3.000     2.000     3.000    -0.104
     4.000     4.000     4.000     4.000     2.000     0.735
     4.000     4.000     3.000     3.000     2.000     0.365
     4.000     4.000     3.000     4.000     2.000     0.521
     4.000     4.000     3.000     1.000     2.000     0.160
     4.000     4.000     2.000     2.000     2.000     0.135
     3.000     1.000     3.000     2.000     2.000    -1.067
     3.000     2.000     4.000     3.000     0.000    -0.690
     4.000     4.000     4.000     4.000     1.000     0.609
     2.000     4.000     1.000     1.000     3.000    -0.508
     4.000     3.000     2.000     3.000     3.000    -0.127
     4.000     4.000     3.000     1.000     4.000     0.345
     4.000     3.000     3.000     3.000     4.000     0.051
     4.000     4.000     3.000     4.000     3.000     0.633
     4.000     4.000     4.000     4.000     3.000     0.881
     4.000     3.000     2.000     3.000     3.000    -0.127
     4.000     3.000     2.000     3.000     1.000    -0.250
     3.000     3.000     2.000     4.000     0.000    -0.472
     4.000     4.000     4.000     3.000     3.000     0.649
     4.000     4.000     4.000     4.000     1.000     0.609
     4.000     4.000     3.000     3.000     1.000     0.280
     2.000     3.000     2.000     2.000     2.000    -0.738
     4.000     4.000     3.000     4.000     4.000     0.808
     4.000     4.000     2.000     2.000     2.000     0.135
     3.000     2.000     3.000     3.000     2.000    -0.678
     4.000     0.000     0.000     2.000     2.000    -1.432
     4.000     4.000     2.000     4.000     4.000     0.600
     4.000     4.000     4.000     4.000     4.000     1.128
     4.000     4.000     3.000     4.000     4.000     0.808
     4.000     4.000     4.000     0.000     4.000     0.388
     3.000     3.000     3.000     3.000     4.000    -0.228
     4.000     3.000     3.000     3.000     2.000    -0.090
     4.000     4.000     4.000     2.000     2.000     0.413
     2.000     2.000     3.000     3.000     2.000    -0.895
     3.000     2.000     1.000     1.000     1.000    -1.062
     4.000     4.000     2.000     3.000     3.000     0.314
     3.000     3.000     2.000     2.000     3.000    -0.460
     4.000     4.000     4.000     4.000     4.000     1.128
     4.000     3.000     2.000     2.000     4.000    -0.129
     4.000     2.000     3.000     3.000     2.000    -0.443
     4.000     4.000     4.000     4.000     1.000     0.609
     4.000     4.000     2.000     4.000     4.000     0.600
     4.000     4.000     4.000     2.000     4.000     0.660
     4.000     4.000     2.000     3.000     4.000     0.428
     3.000     3.000     2.000     3.000     3.000    -0.389
     4.000     4.000     2.000     4.000     4.000     0.600
     4.000     4.000     4.000     2.000     3.000     0.513
     4.000     4.000     4.000     4.000     3.000     0.881
     4.000     4.000     3.000     2.000     4.000     0.464
     4.000     4.000     1.000     4.000     4.000     0.416
     4.000     4.000     3.000     3.000     4.000     0.594
     3.000     4.000     2.000     3.000     3.000    -0.041
     4.000     4.000     4.000     4.000     3.000     0.881
     4.000     4.000     4.000     4.000     3.000     0.881
     4.000     4.000     4.000     4.000     3.000     0.881
     2.000     3.000     3.000     3.000     1.000    -0.630
     4.000     4.000     2.000     1.000     3.000     0.115
     3.000     3.000     3.000     4.000     3.000    -0.212
     0.000     2.000     1.000     3.000     0.000    -1.640
     3.000     3.000     3.000     3.000     3.000    -0.296
     4.000     4.000     2.000     4.000     3.000     0.461
     4.000     3.000     2.000     3.000     1.000    -0.250
     4.000     4.000     2.000     2.000     3.000     0.212
     4.000     4.000     2.000     4.000     3.000     0.461
     4.000     4.000     3.000     4.000     4.000     0.808
     3.000     2.000     3.000     2.000     2.000    -0.747
     3.000     2.000     2.000     1.000     3.000    -0.852
     4.000     4.000     4.000     4.000     4.000     1.128
     4.000     4.000     4.000     4.000     4.000     1.128
     4.000     3.000     2.000     3.000     3.000    -0.127
     4.000     4.000     4.000     4.000     4.000     1.128
     4.000     4.000     4.000     4.000     4.000     1.128
     4.000     4.000     3.000     3.000     4.000     0.594
     3.000     4.000     3.000     0.000     2.000    -0.232
     4.000     4.000     4.000     4.000     4.000     1.128
     4.000     4.000     4.000     4.000     2.000     0.735
     4.000     4.000     4.000     4.000     4.000     1.128
     2.000     2.000     3.000     1.000     1.000    -1.091
     4.000     4.000     4.000     4.000     4.000     1.128
     4.000     4.000     2.000     1.000     4.000     0.211
     3.000     3.000     3.000     2.000     2.000    -0.426
     2.000     2.000     3.000     4.000     3.000    -0.757
     4.000     4.000     2.000     4.000     1.000     0.278
     4.000     4.000     2.000     1.000     2.000     0.042
     4.000     4.000     3.000     3.000     4.000     0.594
     4.000     4.000     3.000     3.000     3.000     0.459
     3.000     4.000     3.000     3.000     3.000     0.058
     2.000     2.000     2.000     3.000     0.000    -1.097
     4.000     4.000     3.000     3.000     3.000     0.459
     4.000     4.000     3.000     4.000     1.000     0.421
     4.000     4.000     2.000     4.000     2.000     0.365
     3.000     3.000     3.000     3.000     4.000    -0.228
     4.000     4.000     3.000     4.000     4.000     0.808
     1.000     1.000     1.000     1.000     1.000    -1.795
     3.000     4.000     3.000     2.000     2.000    -0.080
     2.000     2.000     3.000     2.000     2.000    -0.966
     4.000     4.000     2.000     2.000     4.000     0.316
     4.000     4.000     3.000     4.000     4.000     0.808
     2.000     2.000     1.000     1.000     2.000    -1.229
     4.000     4.000     4.000     0.000     0.000     0.053
     2.000     2.000     2.000     3.000     2.000    -0.987
     3.000     3.000     3.000     3.000     2.000    -0.355
     4.000     4.000     3.000     4.000     3.000     0.633
     3.000     3.000     3.000     3.000     3.000    -0.296
     4.000     4.000     3.000     4.000     4.000     0.808
     1.000     1.000     3.000     3.000     1.000    -1.474
     2.000     1.000     4.000     2.000     1.000    -1.238
     4.000     4.000     3.000     3.000     3.000     0.459
     4.000     3.000     2.000     4.000     4.000     0.046
     4.000     4.000     3.000     4.000     4.000     0.808
     4.000     4.000     1.000     2.000     4.000     0.174
     4.000     4.000     3.000     4.000     3.000     0.633
     2.000     2.000     2.000     2.000     3.000    -1.000
     4.000     4.000     3.000     4.000     2.000     0.521
     4.000     4.000     3.000     4.000     4.000     0.808
     3.000     3.000     2.000     1.000     2.000    -0.590
     4.000     4.000     2.000     2.000     4.000     0.316
     3.000     3.000     3.000     3.000     2.000    -0.355
     4.000     4.000     4.000     4.000     4.000     1.128
     4.000     4.000     3.000     4.000     3.000     0.633
     4.000     3.000     3.000     4.000     2.000     0.005
     4.000     3.000     1.000     3.000     1.000    -0.355
     2.000     1.000     2.000     1.000     4.000    -1.319
     4.000     4.000     3.000     1.000     2.000     0.160
     4.000     3.000     4.000     3.000     0.000    -0.101
     4.000     4.000     4.000     4.000     2.000     0.735
     3.000     3.000     2.000     3.000     2.000    -0.447
     1.000     1.000     1.000     2.000     0.000    -1.784
     4.000     3.000     2.000     3.000     4.000    -0.051
     1.000     1.000     2.000     3.000     1.000    -1.563
     3.000     3.000     3.000     3.000     1.000    -0.410
     3.000     3.000     2.000     2.000     2.000    -0.518
     3.000     4.000     3.000     4.000     3.000     0.157
     4.000     4.000     1.000     2.000     4.000     0.174
     4.000     4.000     4.000     4.000     2.000     0.735
     4.000     4.000     3.000     3.000     4.000     0.594
     4.000     4.000     3.000     4.000     4.000     0.808
     3.000     3.000     3.000     3.000     3.000    -0.296
     4.000     3.000     3.000     3.000     2.000    -0.090
     4.000     3.000     3.000     2.000     1.000    -0.228
     4.000     4.000     1.000     4.000     4.000     0.416
     3.000     3.000     4.000     4.000     4.000    -0.043
     2.000     2.000     2.000     2.000     3.000    -1.000
     4.000     3.000     3.000     2.000     2.000    -0.167
     3.000     4.000     4.000     3.000     4.000     0.252
     4.000     3.000     4.000     3.000     4.000     0.162
     4.000     4.000     4.000     3.000     4.000     0.825
     4.000     1.000     2.000     2.000     2.000    -0.938
     4.000     3.000     3.000     4.000     4.000     0.150
     3.000     2.000     3.000     3.000     3.000    -0.620
     4.000     4.000     4.000     2.000     4.000     0.660
     4.000     4.000     4.000     4.000     3.000     0.881
     3.000     3.000     1.000     3.000     3.000    -0.487
     3.000     2.000     1.000     1.000     4.000    -0.886
     2.000     2.000     2.000     1.000     2.000    -1.130
     4.000     3.000     1.000     4.000     3.000    -0.142
     3.000     4.000     3.000     3.000     2.000    -0.004
     2.000     2.000     2.000     3.000     2.000    -0.987
     4.000     2.000     4.000     2.000     0.000    -0.526
     4.000     3.000     4.000     4.000     2.000     0.116
     3.000     3.000     2.000     2.000     3.000    -0.460
     4.000     4.000     3.000     4.000     3.000     0.633
     4.000     4.000     4.000     4.000     3.000     0.881
     4.000     3.000     3.000     3.000     2.000    -0.090
     3.000     2.000     2.000     2.000     3.000    -0.781
     4.000     4.000     3.000     2.000     2.000     0.260
     3.000     3.000     3.000     2.000     3.000    -0.367
     3.000     3.000     2.000     4.000     4.000    -0.235
     4.000     2.000     1.000     2.000     1.000    -0.762
     1.000     2.000     2.000     2.000     2.000    -1.284
     2.000     2.000     3.000     2.000     2.000    -0.966
     4.000     3.000     3.000     3.000     3.000    -0.027
     2.000     2.000     1.000     3.000     2.000    -1.086
     2.000     1.000     3.000     2.000     2.000    -1.278
     3.000     3.000     2.000     2.000     2.000    -0.518
     3.000     1.000     2.000     2.000     2.000    -1.155
     3.000     3.000     3.000     2.000     3.000    -0.367
     2.000     2.000     2.000     4.000     2.000    -0.908
     4.000     4.000     3.000     4.000     3.000     0.633
     3.000     3.000     2.000     2.000     4.000    -0.392
     3.000     3.000     3.000     3.000     3.000    -0.296
     3.000     3.000     3.000     3.000     1.000    -0.410
     3.000     2.000     3.000     3.000     3.000    -0.620
     3.000     3.000     2.000     3.000     3.000    -0.389
     4.000     4.000     4.000     1.000     4.000     0.515
     4.000     4.000     3.000     4.000     2.000     0.521
     1.000     2.000     2.000     2.000     2.000    -1.284
     4.000     4.000     3.000     4.000     4.000     0.808
     2.000     2.000     2.000     2.000     4.000    -0.936
     4.000     3.000     1.000     0.000     4.000    -0.394
     3.000     1.000     3.000     3.000     2.000    -0.999
     4.000     3.000     2.000     3.000     3.000    -0.127
     4.000     3.000     3.000     2.000     1.000    -0.228
     4.000     4.000     3.000     4.000     4.000     0.808
     3.000     4.000     4.000     4.000     4.000     0.364
     2.000     2.000     2.000     3.000     2.000    -0.987
     4.000     4.000     3.000     1.000     1.000     0.086
     4.000     4.000     3.000     3.000     3.000     0.459
     3.000     4.000     2.000     3.000     3.000    -0.041
     4.000     4.000     3.000     4.000     3.000     0.633
     4.000     4.000     3.000     1.000     2.000     0.160
     4.000     4.000     3.000     3.000     3.000     0.459
     3.000     3.000     2.000     2.000     3.000    -0.460
     3.000     3.000     2.000     3.000     2.000    -0.447
     2.000     2.000     2.000     2.000     3.000    -1.000
     2.000     3.000     1.000     2.000     2.000    -0.836
     4.000     4.000     3.000     2.000     4.000     0.464
     4.000     4.000     2.000     1.000     1.000    -0.026
     4.000     4.000     4.000     3.000     4.000     0.825
     2.000     2.000     2.000     2.000     2.000    -1.058
