     3.000     3.000     3.000     3.000     3.000     0.229
     3.000     3.000     3.000     3.000     4.000     0.471
     2.000     2.000     3.000     4.000     3.000     0.023
     3.000     4.000     3.000     3.000     4.000     0.640
     3.000     3.000     3.000     2.000     3.000     0.096
     3.000     3.000     3.000     3.000     2.000    -0.005
     4.000     3.000     3.000     3.000     3.000     0.423
     3.000     4.000     4.000     4.000     4.000     1.048
     3.000     2.000     4.000     4.000     4.000     0.675
     3.000     2.000     3.000     3.000     3.000     0.061
     3.000     3.000     3.000     3.000     3.000     0.229
     3.000     3.000     3.000     2.000     2.000    -0.134
     3.000     2.000     2.000     3.000     2.000    -0.356
     3.000     3.000     3.000     3.000     3.000     0.229
     2.000     2.000     2.000     2.000     2.000    -0.667
     3.000     1.000     4.000     4.000     3.000     0.224
     3.000     2.000     3.000     2.000     3.000    -0.072
     3.000     3.000     3.000     4.000     3.000     0.379
     3.000     2.000     3.000     2.000     2.000    -0.304
     1.000     3.000     2.000     3.000     2.000    -0.529
     3.000     3.000     2.000     3.000     2.000    -0.187
     3.000     3.000     4.000     3.000     3.000     0.433
     3.000     4.000     2.000     3.000     3.000     0.199
     3.000     4.000     3.000     3.000     4.000     0.640
     4.000     4.000     4.000     4.000     4.000     1.315
     3.000     4.000     3.000     3.000     1.000    -0.087
     2.000     1.000     2.000     1.000     2.000    -0.953
     3.000     2.000     3.000     3.000     4.000     0.306
     3.000     2.000     2.000     3.000     1.000    -0.579
     3.000     2.000     3.000     3.000     4.000     0.306
     2.000     2.000     3.000     3.000     3.000    -0.124
     3.000     3.000     3.000     3.000     2.000    -0.005
     2.000     2.000     3.000     1.000     2.000    -0.609
     0.000     0.000     2.000     3.000     3.000    -0.915
     2.000     2.000     3.000     3.000     2.000    -0.355
     3.000     2.000     3.000     3.000     3.000     0.061
     2.000     3.000     2.000     3.000     3.000    -0.140
     4.000     3.000     4.000     3.000     4.000     0.892
     4.000     2.000     3.000     2.000     3.000     0.123
     4.000     2.000     2.000     4.000     4.000     0.457
     2.000     2.000     2.000     2.000     2.000    -0.667
     3.000     3.000     3.000     2.000     2.000    -0.134
     4.000     2.000     3.000     3.000     4.000     0.503
     2.000     3.000     3.000     3.000     3.000     0.046
     4.000     4.000     4.000     4.000     3.000     0.982
     2.000     2.000     2.000     2.000     3.000    -0.440
     3.000     2.000     3.000     2.000     3.000    -0.072
     3.000     3.000     3.000     4.000     3.000     0.379
     2.000     1.000     1.000     3.000     4.000    -0.410
     2.000     2.000     2.000     2.000     3.000    -0.440
     2.000     3.000     3.000     3.000     3.000     0.046
     3.000     2.000     3.000     4.000     3.000     0.211
     3.000     2.000     3.000     3.000     3.000     0.061
     3.000     3.000     2.000     3.000     2.000    -0.187
     3.000     0.000     1.000     2.000     3.000    -0.752
     2.000     2.000     1.000     2.000     3.000    -0.614
     4.000     2.000     2.000     3.000     4.000     0.306
     2.000     3.000     3.000     2.000     3.000    -0.085
     3.000     3.000     3.000     3.000     3.000     0.229
     3.000     2.000     3.000     2.000     2.000    -0.304
     4.000     1.000     3.000     3.000     1.000    -0.386
     2.000     2.000     3.000     3.000     3.000    -0.124
     2.000     2.000     3.000     2.000     2.000    -0.485
     4.000     4.000     3.000     4.000     4.000     1.034
     2.000     3.000     3.000     4.000     3.000     0.192
     3.000     2.000     3.000     2.000     2.000    -0.304
     3.000     2.000     2.000     4.000     2.000    -0.215
     3.000     3.000     4.000     4.000     4.000     0.850
     3.000     3.000     4.000     4.000     4.000     0.850
     2.000     2.000     3.000     3.000     3.000    -0.124
     3.000     3.000     4.000     2.000     2.000     0.065
     3.000     4.000     3.000     3.000     4.000     0.640
     3.000     3.000     3.000     1.000     3.000    -0.030
     3.000     3.000     3.000     4.000     3.000     0.379
     2.000     2.000     2.000     1.000     2.000    -0.788
     2.000     3.000     3.000     3.000     3.000     0.046
     0.000     3.000     4.000     2.000     4.000     0.059
     2.000     2.000     2.000     3.000     2.000    -0.537
     4.000     4.000     4.000     4.000     4.000     1.315
     2.000     3.000     2.000     2.000     3.000    -0.268
     1.000     1.000     1.000     3.000     3.000    -0.812
     3.000     2.000     3.000     3.000     3.000     0.061
     1.000     2.000     3.000     2.000     3.000    -0.429
     3.000     2.000     3.000     4.000     2.000    -0.029
     3.000     2.000     4.000     3.000     3.000     0.267
     2.000     2.000     2.000     3.000     3.000    -0.310
     2.000     2.000     1.000     2.000     2.000    -0.839
     2.000     3.000     3.000     2.000     3.000    -0.085
     2.000     2.000     4.000     4.000     3.000     0.230
     3.000     3.000     4.000     3.000     4.000     0.680
     3.000     1.000     3.000     4.000     3.000     0.020
     3.000     2.000     3.000     1.000     3.000    -0.200
     3.000     3.000     2.000     3.000     2.000    -0.187
     2.000     2.000     1.000     2.000     3.000    -0.614
     1.000     1.000     3.000     3.000     3.000    -0.474
     0.000     4.000     2.000     2.000     3.000    -0.400
     2.000     2.000     2.000     3.000     2.000    -0.537
     4.000     3.000     2.000     0.000     4.000     0.105
     3.000     2.000     3.000     4.000     3.000     0.211
     3.000     3.000     2.000     2.000     2.000    -0.314
     2.000     1.000     3.000     2.000     3.000    -0.434
     3.000     2.000     0.000     1.000     3.000    -0.729
     3.000     3.000     3.000     4.000     3.000     0.379
     3.000     2.000     2.000     2.000     1.000    -0.702
     3.000     2.000     2.000     3.000     3.000    -0.128
     1.000     2.000     2.000     3.000     3.000    -0.480
     2.000     3.000     3.000     3.000     2.000    -0.184
     3.000     2.000     3.000     4.000     3.000     0.211
     3.000     2.000     1.000     2.000     3.000    -0.435
     4.000     3.000     4.000     4.000     4.000     1.081
     2.000     2.000     2.000     3.000     3.000    -0.310
     2.000     2.000     3.000     4.000     4.000     0.270
     1.000     1.000     2.000     2.000     2.000    -0.990
     2.000     1.000     2.000     2.000     2.000    -0.835
     2.000     2.000     2.000     3.000     3.000    -0.310
     2.000     2.000     3.000     2.000     2.000    -0.485
     2.000     1.000     4.000     4.000     4.000     0.281
     3.000     2.000     2.000     3.000     3.000    -0.128
     2.000     2.000     3.000     1.000     3.000    -0.382
     2.000     3.000     2.000     4.000     3.000     0.003
     3.000     3.000     3.000     3.000     3.000     0.229
     4.000     4.000     4.000     4.000     4.000     1.315
     3.000     2.000     4.000     3.000     1.000    -0.206
     3.000     2.000     4.000     4.000     4.000     0.675
     3.000     3.000     3.000     3.000     4.000     0.471
     4.000     4.000     4.000     4.000     4.000     1.315
     1.000     0.000     2.000     2.000     2.000    -1.138
     1.000     3.000     3.000     2.000     3.000    -0.260
     1.000     1.000     3.000     3.000     2.000    -0.692
     1.000     2.000     1.000     4.000     3.000    -0.513
     4.000     4.000     3.000     1.000     3.000     0.322
     1.000     2.000     3.000     2.000     2.000    -0.652
     4.000     3.000     3.000     1.000     4.000     0.400
     2.000     2.000     3.000     2.000     1.000    -0.704
     3.000     3.000     3.000     1.000     2.000    -0.257
     2.000     2.000     2.000     2.000     2.000    -0.667
     2.000     3.000     3.000     3.000     2.000    -0.184
     3.000     3.000     3.000     4.000     4.000     0.628
     4.000     4.000     4.000     4.000     4.000     1.315
     2.000     2.000     3.000     3.000     3.000    -0.124
     2.000     3.000     3.000     3.000     4.000     0.286
     3.000     2.000     4.000     4.000     4.000     0.675
     2.000     2.000     2.000     3.000     2.000    -0.537
     3.000     2.000     3.000     2.000     3.000    -0.072
     2.000     2.000     2.000     2.000     2.000    -0.667
     3.000     3.000     4.000     4.000     3.000     0.588
     3.000     3.000     3.000     3.000     3.000     0.229
     4.000     3.000     2.000     3.000     4.000     0.468
     3.000     2.000     4.000     3.000     4.000     0.513
     4.000     2.000     4.000     4.000     3.000     0.623
     2.000     1.000     2.000     2.000     2.000    -0.835
     3.000     3.000     3.000     4.000     3.000     0.379
     4.000     3.000     2.000     4.000     4.000     0.624
     3.000     2.000     4.000     3.000     3.000     0.267
     3.000     3.000     3.000     4.000     3.000     0.379
     3.000     2.000     2.000     3.000     2.000    -0.356
     1.000     3.000     3.000     3.000     3.000    -0.133
     2.000     2.000     2.000     2.000     2.000    -0.667
     3.000     4.000     3.000     3.000     3.000     0.393
     4.000     3.000     2.000     4.000     3.000     0.378
     2.000     2.000     1.000     1.000     1.000    -1.155
     3.000     2.000     2.000     3.000     3.000    -0.128
     0.000     2.000     4.000     4.000     4.000     0.167
     3.000     2.000     4.000     2.000     3.000     0.133
     4.000     2.000     4.000     4.000     4.000     0.895
     3.000     1.000     3.000     4.000     4.000     0.263
     3.000     4.000     2.000     3.000     3.000     0.199
     3.000     3.000     3.000     4.000     3.000     0.379
     3.000     3.000     3.000     3.000     2.000    -0.005
     3.000     3.000     3.000     3.000     3.000     0.229
     4.000     4.000     3.000     4.000     3.000     0.753
     3.000     3.000     3.000     3.000     3.000     0.229
     2.000     1.000     2.000     2.000     2.000    -0.835
     2.000     3.000     3.000     4.000     3.000     0.192
     2.000     2.000     3.000     3.000     2.000    -0.355
     3.000     1.000     3.000     2.000     3.000    -0.255
     0.000     0.000     0.000     1.000     0.000    -2.100
     3.000     4.000     4.000     4.000     4.000     1.048
     4.000     4.000     4.000     4.000     4.000     1.315
     3.000     2.000     4.000     1.000     4.000     0.247
     1.000     3.000     3.000     3.000     3.000    -0.133
     3.000     3.000     3.000     3.000     3.000     0.229
     4.000     4.000     3.000     4.000     4.000     1.034
     3.000     4.000     3.000     4.000     3.000     0.548
     3.000     2.000     3.000     2.000     3.000    -0.072
     3.000     3.000     3.000     4.000     3.000     0.379
     2.000     1.000     2.000     4.000     2.000    -0.569
     2.000     2.000     2.000     2.000     2.000    -0.667
     4.000     4.000     2.000     3.000     3.000     0.391
     3.000     2.000     3.000     3.000     2.000    -0.173
     4.000     3.000     4.000     4.000     4.000     1.081
     4.000     4.000     4.000     4.000     4.000     1.315
     3.000     2.000     3.000     3.000     2.000    -0.173
     2.000     2.000     1.000     4.000     2.000    -0.571
     2.000     2.000     3.000     3.000     3.000    -0.124
     2.000     2.000     2.000     3.000     2.000    -0.537
     3.000     2.000     4.000     3.000     2.000     0.030
     4.000     4.000     4.000     4.000     4.000     1.315
     3.000     3.000     4.000     3.000     3.000     0.433
     2.000     2.000     2.000     3.000     2.000    -0.537
     3.000     3.000     1.000     4.000     4.000     0.243
     4.000     3.000     3.000     4.000     3.000     0.578
     3.000     3.000     3.000     2.000     3.000     0.096
     2.000     1.000     3.000     3.000     3.000    -0.305
     3.000     1.000     4.000     4.000     3.000     0.224
     4.000     3.000     1.000     4.000     4.000     0.434
     4.000     2.000     3.000     3.000     3.000     0.257
     3.000     1.000     3.000     3.000     3.000    -0.125
     3.000     3.000     3.000     3.000     3.000     0.229
     2.000     2.000     2.000     4.000     4.000     0.078
     4.000     3.000     4.000     3.000     3.000     0.629
     4.000     3.000     4.000     4.000     4.000     1.081
     4.000     2.000     3.000     4.000     3.000     0.410
     2.000     2.000     4.000     4.000     2.000    -0.007
     2.000     4.000     3.000     1.000     4.000     0.187
     3.000     2.000     4.000     3.000     3.000     0.267
     3.000     2.000     4.000     3.000     3.000     0.267
     3.000     3.000     1.000     3.000     3.000    -0.137
     3.000     4.000     3.000     3.000     4.000     0.640
     4.000     4.000     4.000     4.000     3.000     0.982
     2.000     2.000     3.000     3.000     3.000    -0.124
     4.000     3.000     3.000     4.000     2.000     0.330
     2.000     4.000     4.000     4.000     4.000     0.828
     3.000     2.000     2.000     3.000     3.000    -0.128
     2.000     2.000     2.000     2.000     2.000    -0.667
     4.000     2.000     4.000     3.000     4.000     0.718
     4.000     3.000     4.000     3.000     4.000     0.892
     2.000     2.000     3.000     4.000     3.000     0.023
     3.000     3.000     2.000     3.000     2.000    -0.187
     4.000     2.000     4.000     4.000     4.000     0.895
     2.000     1.000     2.000     2.000     2.000    -0.835
     4.000     3.000     3.000     4.000     4.000     0.838
     3.000     3.000     3.000     3.000     3.000     0.229
     2.000     2.000     2.000     3.000     3.000    -0.310
     3.000     3.000     3.000     4.000     3.000     0.379
     3.000     3.000     4.000     3.000     3.000     0.433
     4.000     2.000     3.000     3.000     3.000     0.257
     3.000     3.000     3.000     3.000     3.000     0.229
     3.000     3.000     2.000     4.000     3.000     0.185
     3.000     3.000     3.000     4.000     4.000     0.628
     4.000     2.000     2.000     4.000     2.000    -0.023
     4.000     2.000     4.000     4.000     2.000     0.369
     3.000     2.000     2.000     3.000     3.000    -0.128
     2.000     2.000     3.000     3.000     3.000    -0.124
     2.000     3.000     4.000     3.000     3.000     0.248
     2.000     2.000     2.000     3.000     3.000    -0.310
     3.000     2.000     3.000     3.000     2.000    -0.173
     4.000     4.000     2.000     4.000     4.000     0.802
     3.000     1.000     3.000     3.000     3.000    -0.125
     1.000     1.000     1.000     2.000     3.000    -0.934
     4.000     4.000     3.000     4.000     4.000     1.034
     2.000     3.000     3.000     4.000     3.000     0.192
     2.000     1.000     3.000     3.000     3.000    -0.305
     2.000     4.000     3.000     3.000     4.000     0.449
     3.000     3.000     3.000     3.000     3.000     0.229
     2.000     2.000     3.000     3.000     3.000    -0.124
     3.000     4.000     3.000     4.000     3.000     0.548
     2.000     4.000     3.000     4.000     3.000     0.357
     4.000     4.000     3.000     3.000     3.000     0.590
     3.000     2.000     3.000     2.000     3.000    -0.072
     2.000     2.000     3.000     2.000     2.000    -0.485
     3.000     0.000     1.000     2.000     2.000    -0.973
     2.000     3.000     3.000     4.000     2.000    -0.042
     3.000     1.000     3.000     3.000     2.000    -0.351
     3.000     3.000     3.000     3.000     2.000    -0.005
     3.000     2.000     3.000     3.000     4.000     0.306
     2.000     2.000     2.000     2.000     2.000    -0.667
     2.000     2.000     2.000     2.000     2.000    -0.667
     3.000     2.000     3.000     3.000     1.000    -0.404
     3.000     2.000     3.000     2.000     4.000     0.172
     3.000     2.000     3.000     4.000     3.000     0.211
     2.000     2.000     3.000     3.000     2.000    -0.355
     3.000     3.000     3.000     3.000     4.000     0.471
     2.000     1.000     2.000     1.000     0.000    -1.295
     3.000     2.000     2.000     3.000     2.000    -0.356
     3.000     4.000     4.000     3.000     3.000     0.600
     3.000     3.000     4.000     4.000     4.000     0.850
     3.000     3.000     4.000     2.000     4.000     0.541
     3.000     2.000     3.000     1.000     2.000    -0.428
     2.000     4.000     2.000     0.000     3.000    -0.342
     2.000     3.000     1.000     2.000     2.000    -0.662
     3.000     2.000     4.000     3.000     3.000     0.267
     2.000     1.000     1.000     2.000     2.000    -1.004
     2.000     2.000     2.000     3.000     2.000    -0.537
     2.000     3.000     3.000     3.000     4.000     0.286
     2.000     2.000     2.000     4.000     3.000    -0.166
     2.000     2.000     2.000     3.000     3.000    -0.310
     4.000     3.000     3.000     4.000     3.000     0.578
     3.000     2.000     3.000     3.000     3.000     0.061
     3.000     3.000     3.000     3.000     3.000     0.229
     2.000     3.000     2.000     4.000     4.000     0.242
     1.000     2.000     2.000     3.000     3.000    -0.480
     3.000     2.000     3.000     3.000     3.000     0.061
     2.000     2.000     2.000     2.000     2.000    -0.667
     2.000     3.000     2.000     3.000     2.000    -0.364
     3.000     2.000     2.000     2.000     1.000    -0.702
     2.000     2.000     3.000     2.000     2.000    -0.485
     3.000     2.000     2.000     3.000     3.000    -0.128
     4.000     3.000     4.000     2.000     3.000     0.493
     2.000     1.000     2.000     4.000     3.000    -0.346
     2.000     2.000     3.000     2.000     3.000    -0.256
     4.000     2.000     4.000     4.000     4.000     0.895
     4.000     4.000     2.000     0.000     4.000     0.261
     3.000     3.000     4.000     2.000     2.000     0.065
     1.000     1.000     1.000     1.000     3.000    -1.047
     2.000     1.000     2.000     3.000     2.000    -0.708
     3.000     2.000     3.000     3.000     3.000     0.061
     3.000     1.000     3.000     2.000     3.000    -0.255
     3.000     2.000     3.000     3.000     2.000    -0.173
     2.000     3.000     3.000     2.000     3.000    -0.085
     4.000     2.000     3.000     3.000     3.000     0.257
     2.000     3.000     2.000     2.000     2.000    -0.491
     3.000     4.000     1.000     2.000     3.000    -0.110
     4.000     4.000     3.000     2.000     3.000     0.453
     2.000     1.000     2.000     3.000     2.000    -0.708
     2.000     2.000     2.000     3.000     3.000    -0.310
     1.000     2.000     1.000     2.000     2.000    -0.996
     2.000     2.000     2.000     2.000     2.000    -0.667
     2.000     2.000     2.000     2.000     2.000    -0.667
     4.000     1.000     1.000     2.000     2.000    -0.633
     2.000     2.000     2.000     2.000     2.000    -0.667
     3.000     2.000     2.000     2.000     3.000    -0.259
     2.000     3.000     3.000     2.000     3.000    -0.085
     2.000     2.000     2.000     3.000     2.000    -0.537
     2.000     2.000     2.000     3.000     2.000    -0.537
     3.000     2.000     3.000     2.000     3.000    -0.072
     2.000     2.000     3.000     3.000     3.000    -0.124
     2.000     2.000     3.000     3.000     3.000    -0.124
     1.000     1.000     3.000     1.000     3.000    -0.715
     3.000     2.000     3.000     3.000     1.000    -0.404
     2.000     2.000     3.000     3.000     2.000    -0.355
     3.000     2.000     2.000     2.000     3.000    -0.259
     2.000     3.000     3.000     3.000     3.000     0.046
     3.000     3.000     3.000     3.000     3.000     0.229
     3.000     3.000     2.000     2.000     3.000    -0.090
     4.000     4.000     3.000     4.000     3.000     0.753
     3.000     3.000     4.000     2.000     3.000     0.299
     2.000     2.000     3.000     2.000     3.000    -0.256
     2.000     2.000     3.000     4.000     3.000     0.023
     3.000     2.000     2.000     2.000     2.000    -0.486
     0.000     0.000     1.000     2.000     0.000    -1.787
     2.000     3.000     3.000     3.000     3.000     0.046
     2.000     1.000     3.000     3.000     3.000    -0.305
     2.000     1.000     3.000     3.000     2.000    -0.530
     3.000     3.000     2.000     2.000     2.000    -0.314
     2.000     2.000     4.000     4.000     2.000    -0.007
     2.000     2.000     2.000     3.000     3.000    -0.310
     3.000     2.000     3.000     3.000     4.000     0.306
     3.000     3.000     4.000     4.000     3.000     0.588
     3.000     2.000     3.000     2.000     3.000    -0.072
     2.000     4.000     4.000     3.000     4.000     0.658
     3.000     2.000     2.000     2.000     2.000    -0.486
     2.000     2.000     3.000     3.000     2.000    -0.355
     3.000     2.000     2.000     3.000     3.000    -0.128
     3.000     3.000     3.000     2.000     2.000    -0.134
     2.000     2.000     2.000     3.000     2.000    -0.537
     3.000     3.000     2.000     3.000     3.000     0.040
     3.000     2.000     4.000     4.000     3.000     0.420
     1.000     1.000     2.000     2.000     1.000    -1.179
     4.000     4.000     4.000     4.000     4.000     1.315
     3.000     3.000     2.000     2.000     4.000     0.148
