     2.000     2.000     2.000     1.000     3.000    -0.148
     3.000     3.000     3.000     2.000     3.000     0.454
     0.000     0.000     0.000     1.000     2.000    -1.393
     0.000     0.000     0.000     3.000     3.000    -1.133
     2.000     3.000     3.000     3.000     3.000     0.297
     3.000     3.000     2.000     2.000     3.000     0.309
     2.000     3.000     3.000     2.000     3.000     0.230
     4.000     4.000     4.000     4.000     4.000     1.652
     0.000     0.000     0.000     0.000     0.000    -1.836
     0.000     1.000     0.000     1.000     2.000    -1.154
     2.000     3.000     2.000     1.000     2.000    -0.049
     2.000     4.000     3.000     2.000     4.000     0.492
     0.000     0.000     0.000     0.000     0.000    -1.836
     2.000     4.000     2.000     1.000     3.000     0.188
     4.000     4.000     4.000     3.000     4.000     1.430
     3.000     4.000     3.000     3.000     2.000     0.659
     1.000     1.000     2.000     1.000     1.000    -0.652
     4.000     4.000     4.000     4.000     4.000     1.652
     1.000     2.000     1.000     2.000     3.000    -0.460
     0.000     1.000     0.000     3.000     1.000    -1.063
     1.000     1.000     2.000     1.000     1.000    -0.652
     4.000     4.000     4.000     4.000     2.000     1.323
     2.000     0.000     3.000     3.000     1.000    -0.276
     3.000     4.000     3.000     3.000     2.000     0.659
     1.000     1.000     0.000     1.000     2.000    -0.873
     4.000     4.000     3.000     1.000     3.000     0.832
     2.000     2.000     2.000     2.000     2.000    -0.135
     0.000     0.000     1.000     1.000     0.000    -1.328
     2.000     3.000     2.000     2.000     3.000     0.079
     1.000     2.000     1.000     2.000     2.000    -0.516
     3.000     4.000     3.000     3.000     2.000     0.659
     3.000     3.000     3.000     1.000     3.000     0.387
     4.000     4.000     3.000     4.000     1.000     0.952
     0.000     0.000     0.000     4.000     4.000    -0.989
     2.000     2.000     1.000     1.000     3.000    -0.286
     2.000     3.000     3.000     2.000     3.000     0.230
     2.000     3.000     3.000     1.000     1.000     0.044
     4.000     4.000     3.000     3.000     3.000     1.001
     2.000     4.000     4.000     0.000     4.000     0.516
     2.000     4.000     4.000     4.000     1.000     0.620
     2.000     4.000     2.000     2.000     2.000     0.202
     1.000     2.000     2.000     4.000     2.000    -0.251
     3.000     2.000     2.000     3.000     4.000     0.286
     2.000     4.000     3.000     3.000     2.000     0.429
     4.000     4.000     4.000     4.000     4.000     1.652
     2.000     0.000     2.000     2.000     1.000    -0.495
     1.000     2.000     2.000     2.000     3.000    -0.327
     4.000     4.000     3.000     3.000     4.000     1.104
     3.000     3.000     4.000     2.000     0.000     0.442
     3.000     3.000     3.000     2.000     3.000     0.454
     2.000     3.000     3.000     2.000     2.000     0.173
     1.000     3.000     4.000     2.000     2.000     0.073
     0.000     2.000     2.000     2.000     1.000    -0.690
     1.000     1.000     1.000     1.000     3.000    -0.670
     4.000     2.000     4.000     2.000     4.000     0.758
     0.000     1.000     2.000     0.000     4.000    -0.814
     1.000     2.000     2.000     0.000     2.000    -0.530
     4.000     3.000     4.000     1.000     2.000     0.719
     3.000     2.000     3.000     2.000     2.000     0.249
     2.000     3.000     0.000     0.000     1.000    -0.463
     0.000     0.000     0.000     1.000     1.000    -1.480
     1.000     2.000     2.000     1.000     2.000    -0.451
     3.000     3.000     4.000     2.000     2.000     0.559
     4.000     4.000     3.000     3.000     4.000     1.104
     2.000     4.000     3.000     2.000     4.000     0.492
     2.000     2.000     2.000     2.000     2.000    -0.135
     2.000     3.000     1.000     3.000     1.000    -0.111
     4.000     2.000     2.000     0.000     4.000     0.291
     2.000     2.000     3.000     2.000     4.000     0.139
     3.000     4.000     2.000     3.000     2.000     0.503
     2.000     3.000     2.000     4.000     0.000     0.035
     2.000     3.000     2.000     1.000     4.000     0.074
     0.000     1.000     3.000     2.000     0.000    -0.751
     2.000     2.000     2.000     0.000     4.000    -0.161
     2.000     4.000     2.000     2.000     1.000     0.141
     4.000     4.000     4.000     4.000     2.000     1.323
     1.000     4.000     2.000     2.000     3.000    -0.006
     4.000     4.000     4.000     2.000     4.000     1.303
     2.000     4.000     4.000     4.000     4.000     0.830
     3.000     4.000     3.000     3.000     4.000     0.795
     1.000     1.000     1.000     2.000     3.000    -0.603
     3.000     3.000     3.000     4.000     3.000     0.587
     2.000     4.000     2.000     2.000     2.000     0.202
     0.000     1.000     0.000     1.000     3.000    -1.089
     2.000     2.000     2.000     1.000     2.000    -0.205
     0.000     1.000     0.000     1.000     1.000    -1.221
     1.000     0.000     0.000     0.000     0.000    -1.298
     3.000     2.000     2.000     3.000     3.000     0.223
     4.000     4.000     4.000     4.000     2.000     1.323
     3.000     3.000     3.000     3.000     3.000     0.518
     2.000     3.000     3.000     2.000     3.000     0.230
     2.000     1.000     0.000     2.000     1.000    -0.614
     3.000     2.000     0.000     3.000     3.000    -0.036
     2.000     3.000     1.000     1.000     3.000    -0.133
     2.000     3.000     4.000     2.000     2.000     0.338
     2.000     3.000     2.000     1.000     1.000    -0.108
     2.000     2.000     1.000     2.000     2.000    -0.274
     0.000     4.000     3.000     3.000     3.000    -0.056
     1.000     3.000     2.000     1.000     2.000    -0.300
     2.000     2.000     2.000     2.000     2.000    -0.135
     2.000     2.000     3.000     0.000     2.000    -0.132
     1.000     2.000     1.000     3.000     2.000    -0.449
     4.000     4.000     4.000     2.000     4.000     1.303
     3.000     2.000     3.000     1.000     2.000     0.182
     1.000     1.000     0.000     3.000     3.000    -0.676
     2.000     2.000     1.000     1.000     1.000    -0.399
     2.000     1.000     2.000     3.000     1.000    -0.273
     0.000     0.000     0.000     0.000     2.000    -1.551
     1.000     2.000     2.000     1.000     3.000    -0.394
     1.000     3.000     3.000     4.000     4.000     0.165
     0.000     0.000     1.000     2.000     1.000    -1.159
     4.000     4.000     2.000     2.000     4.000     0.820
     1.000     2.000     1.000     3.000     0.000    -0.570
     3.000     2.000     2.000     2.000     2.000     0.106
     3.000     4.000     3.000     2.000     3.000     0.650
     2.000     3.000     2.000     2.000     3.000     0.079
     4.000     4.000     4.000     4.000     4.000     1.652
     0.000     4.000     0.000     0.000     1.000    -0.800
     2.000     0.000     1.000     2.000     3.000    -0.515
     3.000     4.000     2.000     3.000     1.000     0.444
     2.000     3.000     3.000     3.000     4.000     0.365
     4.000     4.000     4.000     4.000     4.000     1.652
     4.000     4.000     3.000     3.000     3.000     1.001
     3.000     4.000     3.000     4.000     2.000     0.737
     2.000     4.000     3.000     2.000     4.000     0.492
     4.000     4.000     4.000     4.000     4.000     1.652
     4.000     4.000     3.000     4.000     2.000     1.030
     2.000     2.000     2.000     2.000     2.000    -0.135
     1.000     2.000     1.000     0.000     1.000    -0.722
     4.000     3.000     3.000     4.000     2.000     0.763
     3.000     4.000     3.000     2.000     4.000     0.725
     3.000     3.000     3.000     3.000     3.000     0.518
     2.000     3.000     0.000     2.000     0.000    -0.379
     0.000     0.000     0.000     0.000     1.000    -1.658
     3.000     4.000     4.000     1.000     1.000     0.630
     2.000     3.000     2.000     1.000     2.000    -0.049
     1.000     2.000     2.000     0.000     2.000    -0.530
     3.000     4.000     4.000     4.000     4.000     1.081
     4.000     4.000     4.000     4.000     1.000     1.216
     4.000     3.000     3.000     4.000     3.000     0.823
     3.000     3.000     3.000     2.000     0.000     0.284
     3.000     3.000     2.000     0.000     2.000     0.117
     2.000     2.000     2.000     2.000     1.000    -0.194
     1.000     2.000     3.000     1.000     4.000    -0.186
     1.000     1.000     2.000     1.000     2.000    -0.595
     3.000     3.000     4.000     3.000     3.000     0.678
     3.000     3.000     3.000     3.000     3.000     0.518
     2.000     1.000     2.000     1.000     3.000    -0.295
     4.000     4.000     4.000     4.000     4.000     1.652
     2.000     3.000     3.000     2.000     1.000     0.114
     2.000     2.000     2.000     2.000     4.000    -0.013
     4.000     4.000     3.000     2.000     4.000     1.016
     4.000     4.000     4.000     4.000     3.000     1.435
     4.000     4.000     2.000     4.000     3.000     0.902
     0.000     1.000     1.000     1.000     1.000    -1.041
     0.000     2.000     1.000     1.000     3.000    -0.776
     1.000     2.000     2.000     0.000     0.000    -0.655
     3.000     3.000     2.000     1.000     2.000     0.189
     1.000     3.000     3.000     0.000     1.000    -0.286
     2.000     4.000     4.000     4.000     2.000     0.685
     1.000     1.000     1.000     0.000     1.000    -0.866
     2.000     2.000     1.000     3.000     4.000    -0.087
     4.000     4.000     2.000     1.000     0.000     0.466
     1.000     2.000     2.000     2.000     2.000    -0.383
     0.000     0.000     3.000     0.000     0.000    -1.095
     4.000     4.000     3.000     2.000     3.000     0.918
     1.000     1.000     1.000     1.000     2.000    -0.726
     4.000     4.000     3.000     4.000     3.000     1.108
     4.000     4.000     3.000     4.000     0.000     0.876
     2.000     3.000     3.000     2.000     3.000     0.230
     2.000     3.000     4.000     0.000     0.000     0.068
     1.000     1.000     2.000     1.000     1.000    -0.652
     1.000     1.000     1.000     1.000     1.000    -0.783
     3.000     4.000     4.000     3.000     3.000     0.902
     1.000     2.000     1.000     1.000     2.000    -0.583
     1.000     2.000     1.000     2.000     0.000    -0.638
     2.000     2.000     0.000     0.000     2.000    -0.560
     4.000     3.000     4.000     0.000     0.000     0.519
     4.000     4.000     4.000     4.000     4.000     1.652
     4.000     4.000     4.000     0.000     4.000     1.068
     0.000     1.000     0.000     0.000     0.000    -1.436
     2.000     4.000     3.000     3.000     1.000     0.368
     3.000     2.000     2.000     3.000     2.000     0.169
     1.000     1.000     2.000     0.000     3.000    -0.619
     1.000     3.000     1.000     1.000     3.000    -0.378
     3.000     4.000     2.000     1.000     1.000     0.307
     2.000     3.000     1.000     1.000     3.000    -0.133
     2.000     4.000     2.000     3.000     2.000     0.272
     4.000     4.000     2.000     4.000     4.000     0.998
     0.000     0.000     0.000     0.000     0.000    -1.836
     3.000     4.000     3.000     3.000     4.000     0.795
     4.000     4.000     4.000     4.000     4.000     1.652
     3.000     3.000     2.000     3.000     3.000     0.373
     1.000     2.000     1.000     0.000     2.000    -0.665
     0.000     0.000     0.000     1.000     2.000    -1.393
     2.000     3.000     3.000     3.000     2.000     0.240
     2.000     4.000     2.000     2.000     2.000     0.202
     3.000     3.000     3.000     2.000     0.000     0.284
     1.000     3.000     1.000     3.000     2.000    -0.300
     1.000     2.000     2.000     2.000     3.000    -0.327
     0.000     0.000     1.000     1.000     1.000    -1.238
     4.000     4.000     4.000     2.000     4.000     1.303
     1.000     1.000     1.000     1.000     1.000    -0.783
     4.000     4.000     4.000     4.000     4.000     1.652
     0.000     0.000     0.000     0.000     0.000    -1.836
     3.000     3.000     3.000     3.000     3.000     0.518
     3.000     4.000     3.000     1.000     4.000     0.650
     0.000     1.000     0.000     0.000     1.000    -1.337
     3.000     3.000     2.000     2.000     3.000     0.309
     2.000     3.000     2.000     3.000     3.000     0.146
     2.000     3.000     3.000     3.000     3.000     0.297
     4.000     4.000     4.000     4.000     4.000     1.652
     4.000     4.000     2.000     4.000     4.000     0.998
     2.000     2.000     2.000     0.000     2.000    -0.283
     1.000     0.000     2.000     0.000     0.000    -0.973
     2.000     3.000     4.000     3.000     3.000     0.461
     3.000     4.000     3.000     3.000     2.000     0.659
     1.000     0.000     1.000     0.000     2.000    -0.977
     4.000     4.000     4.000     3.000     4.000     1.430
     4.000     4.000     4.000     4.000     4.000     1.652
     3.000     3.000     1.000     2.000     2.000     0.119
     3.000     4.000     4.000     2.000     4.000     0.913
     4.000     4.000     4.000     4.000     4.000     1.652
     4.000     4.000     4.000     1.000     4.000     1.178
     3.000     3.000     3.000     2.000     2.000     0.400
     1.000     0.000     3.000     4.000     2.000    -0.400
     4.000     4.000     4.000     4.000     4.000     1.652
     2.000     2.000     4.000     2.000     4.000     0.303
     1.000     1.000     0.000     0.000     1.000    -1.023
     2.000     1.000     4.000     2.000     2.000     0.029
     2.000     2.000     1.000     0.000     2.000    -0.421
     2.000     3.000     3.000     4.000     1.000     0.251
     4.000     4.000     3.000     3.000     1.000     0.857
     4.000     4.000     4.000     2.000     2.000     1.082
     3.000     4.000     1.000     1.000     0.000     0.105
     0.000     1.000     1.000     0.000     2.000    -1.074
     1.000     3.000     2.000     1.000     2.000    -0.300
     3.000     4.000     2.000     4.000     4.000     0.710
     4.000     4.000     3.000     2.000     2.000     0.850
     3.000     2.000     3.000     0.000     1.000     0.055
     0.000     2.000     0.000     0.000     2.000    -1.091
     2.000     4.000     2.000     3.000     4.000     0.402
     0.000     0.000     1.000     1.000     1.000    -1.238
     2.000     4.000     1.000     3.000     4.000     0.250
     2.000     3.000     3.000     1.000     3.000     0.160
     2.000     2.000     3.000     2.000     2.000     0.015
     2.000     2.000     2.000     2.000     1.000    -0.194
     4.000     4.000     3.000     2.000     4.000     1.016
     3.000     3.000     3.000     2.000     3.000     0.454
     2.000     0.000     3.000     1.000     3.000    -0.298
     1.000     3.000     2.000     2.000     2.000    -0.232
     2.000     3.000     1.000     1.000     2.000    -0.189
     3.000     3.000     3.000     1.000     3.000     0.387
     2.000     3.000     2.000     2.000     4.000     0.145
     2.000     3.000     3.000     1.000     3.000     0.160
     2.000     2.000     2.000     1.000     3.000    -0.148
     4.000     4.000     4.000     3.000     3.000     1.273
     1.000     3.000     2.000     0.000     2.000    -0.377
     2.000     3.000     2.000     1.000     3.000     0.008
     3.000     4.000     4.000     3.000     3.000     0.902
     4.000     4.000     3.000     3.000     4.000     1.104
     0.000     1.000     0.000     1.000     1.000    -1.221
     2.000     3.000     2.000     1.000     2.000    -0.049
     2.000     3.000     2.000     2.000     4.000     0.145
     4.000     4.000     4.000     2.000     3.000     1.167
     4.000     4.000     4.000     4.000     3.000     1.435
     3.000     3.000     3.000     2.000     3.000     0.454
     2.000     2.000     2.000     2.000     2.000    -0.135
     1.000     2.000     3.000     1.000     2.000    -0.303
     4.000     4.000     4.000     2.000     4.000     1.303
     1.000     1.000     1.000     2.000     3.000    -0.603
     2.000     2.000     2.000     1.000     2.000    -0.205
     3.000     4.000     3.000     0.000     4.000     0.574
     1.000     0.000     0.000     0.000     0.000    -1.298
     1.000     2.000     3.000     2.000     1.000    -0.293
     2.000     2.000     1.000     3.000     2.000    -0.206
     0.000     1.000     0.000     0.000     0.000    -1.436
     2.000     3.000     2.000     1.000     1.000    -0.108
     4.000     4.000     1.000     0.000     4.000     0.493
     0.000     3.000     0.000     1.000     0.000    -0.964
     2.000     1.000     2.000     2.000     2.000    -0.283
     0.000     0.000     0.000     0.000     0.000    -1.836
     2.000     3.000     2.000     1.000     1.000    -0.108
     3.000     2.000     3.000     2.000     2.000     0.249
     4.000     4.000     4.000     2.000     3.000     1.167
     1.000     3.000     2.000     2.000     2.000    -0.232
     3.000     4.000     3.000     2.000     2.000     0.591
     4.000     4.000     4.000     3.000     4.000     1.430
     1.000     1.000     0.000     1.000     3.000    -0.815
     3.000     4.000     4.000     2.000     4.000     0.913
     4.000     4.000     4.000     4.000     4.000     1.652
     0.000     2.000     1.000     0.000     1.000    -0.981
     1.000     2.000     1.000     0.000     2.000    -0.665
     1.000     2.000     0.000     0.000     1.000    -0.871
     1.000     3.000     1.000     2.000     2.000    -0.367
     0.000     0.000     1.000     1.000     1.000    -1.238
     0.000     0.000     0.000     0.000     0.000    -1.836
     3.000     4.000     3.000     2.000     3.000     0.650
     4.000     2.000     2.000     2.000     3.000     0.365
     2.000     1.000     2.000     0.000     2.000    -0.431
     1.000     1.000     0.000     1.000     1.000    -0.932
     2.000     4.000     0.000     0.000     2.000    -0.231
     0.000     0.000     0.000     0.000     0.000    -1.836
     1.000     2.000     2.000     2.000     2.000    -0.383
     0.000     1.000     0.000     0.000     1.000    -1.337
     0.000     1.000     0.000     2.000     2.000    -1.077
     4.000     3.000     3.000     3.000     3.000     0.744
     1.000     1.000     0.000     1.000     3.000    -0.815
     2.000     2.000     1.000     1.000     2.000    -0.342
     1.000     0.000     0.000     0.000     0.000    -1.298
     1.000     2.000     1.000     2.000     3.000    -0.460
     1.000     1.000     1.000     2.000     1.000    -0.716
     1.000     1.000     1.000     0.000     1.000    -0.866
     3.000     0.000     2.000     3.000     2.000    -0.114
     2.000     0.000     2.000     3.000     2.000    -0.368
     1.000     0.000     2.000     2.000     1.000    -0.743
     0.000     0.000     0.000     0.000     0.000    -1.836
     1.000     1.000     2.000     2.000     1.000    -0.584
     0.000     0.000     0.000     0.000     0.000    -1.836
     0.000     1.000     1.000     0.000     0.000    -1.217
     2.000     1.000     1.000     2.000     1.000    -0.476
     2.000     2.000     1.000     2.000     2.000    -0.274
     1.000     2.000     2.000     0.000     2.000    -0.530
     2.000     1.000     3.000     2.000     3.000    -0.077
     1.000     1.000     1.000     0.000     2.000    -0.809
     3.000     1.000     0.000     1.000     1.000    -0.412
     3.000     0.000     2.000     2.000     2.000    -0.178
     1.000     3.000     0.000     1.000     2.000    -0.572
     2.000     3.000     2.000     2.000     2.000     0.021
     1.000     3.000     1.000     0.000     4.000    -0.395
     3.000     4.000     3.000     3.000     3.000     0.718
     2.000     3.000     3.000     2.000     3.000     0.230
     2.000     3.000     2.000     2.000     1.000    -0.038
     1.000     3.000     2.000     2.000     3.000    -0.176
     4.000     4.000     4.000     4.000     2.000     1.323
     0.000     3.000     2.000     0.000     4.000    -0.514
     0.000     0.000     1.000     0.000     0.000    -1.458
     2.000     2.000     2.000     2.000     2.000    -0.135
     0.000     0.000     0.000     1.000     0.000    -1.609
     1.000     1.000     1.000     1.000     1.000    -0.783
     0.000     0.000     0.000     0.000     2.000    -1.551
     2.000     3.000     3.000     1.000     3.000     0.160
     0.000     1.000     1.000     1.000     1.000    -1.041
     4.000     4.000     3.000     2.000     1.000     0.780
     4.000     3.000     4.000     3.000     3.000     0.929
     4.000     4.000     2.000     1.000     3.000     0.656
     2.000     2.000     0.000     1.000     1.000    -0.536
     1.000     2.000     1.000     1.000     2.000    -0.583
     2.000     3.000     4.000     2.000     3.000     0.395
     0.000     1.000     1.000     0.000     1.000    -1.137
     3.000     4.000     3.000     1.000     4.000     0.650
     0.000     0.000     0.000     0.000     0.000    -1.836
     4.000     4.000     3.000     2.000     4.000     1.016
     1.000     2.000     1.000     1.000     2.000    -0.583
     1.000     2.000     2.000     2.000     2.000    -0.383
     1.000     1.000     1.000     1.000     1.000    -0.783
     2.000     2.000     3.000     1.000     1.000    -0.113
     0.000     0.000     0.000     0.000     0.000    -1.836
     4.000     4.000     2.000     3.000     1.000     0.679
     4.000     4.000     4.000     1.000     4.000     1.178
     2.000     2.000     2.000     2.000     2.000    -0.135
