     1.000     2.000     1.000     2.000     2.000    -0.469
     3.000     3.000     3.000     2.000     3.000     0.334
     3.000     3.000     1.000     3.000     3.000     0.156
     4.000     4.000     3.000     4.000     4.000     0.861
     3.000     3.000     1.000     1.000     3.000     0.248
     2.000     2.000     1.000     3.000     2.000    -0.347
     4.000     3.000     1.000     1.000     4.000     0.484
     4.000     4.000     4.000     0.000     4.000     1.470
     2.000     2.000     0.000     4.000     0.000    -0.594
     3.000     4.000     2.000     3.000     3.000     0.527
     1.000     1.000     2.000     2.000     2.000    -0.726
     1.000     2.000     1.000     2.000     2.000    -0.469
     4.000     4.000     1.000     3.000     3.000     0.650
     2.000     4.000     1.000     1.000     2.000     0.333
     2.000     2.000     3.000     2.000     3.000    -0.110
     1.000     1.000     2.000     2.000     2.000    -0.726
     3.000     3.000     3.000     1.000     1.000     0.278
     4.000     4.000     1.000     4.000     3.000     0.602
     3.000     3.000     0.000     2.000     4.000     0.182
     1.000     2.000     0.000     3.000     2.000    -0.602
     3.000     2.000     2.000     1.000     3.000     0.034
     4.000     4.000     4.000     1.000     4.000     1.288
     4.000     4.000     3.000     0.000     3.000     1.059
     2.000     1.000     0.000     2.000     1.000    -0.783
     4.000     4.000     1.000     4.000     2.000     0.543
     2.000     2.000     2.000     2.000     4.000    -0.117
     2.000     3.000     3.000     2.000     2.000     0.126
     1.000     2.000     0.000     2.000     3.000    -0.505
     2.000     2.000     1.000     2.000     3.000    -0.249
     2.000     2.000     3.000     2.000     2.000    -0.163
     3.000     1.000     2.000     2.000     3.000    -0.325
     2.000     1.000     1.000     3.000     2.000    -0.671
     2.000     1.000     0.000     2.000     3.000    -0.665
     4.000     4.000     0.000     3.000     3.000     0.560
     1.000     1.000     0.000     3.000     1.000    -1.016
     1.000     1.000     1.000     1.000     3.000    -0.691
     1.000     1.000     2.000     1.000     3.000    -0.616
     2.000     3.000     3.000     2.000     4.000     0.239
     0.000     2.000     2.000     0.000     4.000    -0.358
     4.000     4.000     2.000     1.000     4.000     0.967
     2.000     1.000     1.000     2.000     2.000    -0.625
     2.000     1.000     2.000     2.000     2.000    -0.549
     1.000     3.000     4.000     1.000     2.000     0.082
     2.000     0.000     0.000     3.000     4.000    -1.034
     4.000     4.000     4.000     0.000     4.000     1.470
     2.000     2.000     1.000     2.000     1.000    -0.356
     4.000     4.000     2.000     1.000     4.000     0.967
     2.000     2.000     2.000     2.000     0.000    -0.343
     1.000     4.000     4.000     0.000     4.000     0.561
     2.000     2.000     1.000     1.000     2.000    -0.252
     1.000     3.000     3.000     1.000     3.000     0.059
     4.000     4.000     4.000     0.000     2.000     1.147
     2.000     3.000     4.000     2.000     2.000     0.203
     2.000     1.000     0.000     2.000     1.000    -0.783
     2.000     2.000     2.000     2.000     1.000    -0.284
     1.000     0.000     0.000     4.000     2.000    -1.400
     3.000     3.000     3.000     3.000     4.000     0.351
     1.000     1.000     1.000     2.000     1.000    -0.861
     2.000     2.000     3.000     3.000     2.000    -0.208
     2.000     4.000     0.000     3.000     1.000     0.107
     2.000     1.000     0.000     3.000     1.000    -0.831
     3.000     2.000     2.000     1.000     2.000    -0.018
     3.000     3.000     2.000     2.000     1.000     0.165
     1.000     1.000     3.000     3.000     2.000    -0.700
     4.000     4.000     4.000     0.000     4.000     1.470
     2.000     2.000     2.000     2.000     2.000    -0.230
     4.000     4.000     4.000     1.000     2.000     1.031
     4.000     4.000     0.000     3.000     2.000     0.501
     4.000     4.000     2.000     1.000     3.000     0.865
     2.000     3.000     3.000     1.000     2.000     0.175
     3.000     3.000     4.000     1.000     3.000     0.463
     3.000     3.000     3.000     2.000     1.000     0.230
     1.000     1.000     1.000     2.000     1.000    -0.861
     3.000     4.000     3.000     2.000     3.000     0.648
     2.000     2.000     2.000     2.000     2.000    -0.230
     4.000     4.000     4.000     0.000     3.000     1.263
     2.000     2.000     2.000     2.000     2.000    -0.230
     2.000     2.000     3.000     2.000     4.000    -0.049
     4.000     4.000     4.000     0.000     4.000     1.470
     2.000     3.000     2.000     2.000     3.000     0.113
     2.000     3.000     1.000     1.000     3.000     0.092
     3.000     3.000     1.000     3.000     3.000     0.156
     4.000     2.000     4.000     2.000     4.000     0.360
     1.000     1.000     1.000     4.000     4.000    -0.781
     2.000     2.000     0.000     2.000     2.000    -0.390
     2.000     2.000     1.000     2.000     3.000    -0.249
     0.000     0.000     0.000     4.000     0.000    -1.925
     2.000     2.000     3.000     2.000     2.000    -0.163
     3.000     4.000     4.000     0.000     2.000     0.821
     2.000     3.000     2.000     1.000     3.000     0.162
     3.000     2.000     2.000     1.000     3.000     0.034
     1.000     1.000     0.000     2.000     1.000    -0.968
     0.000     3.000     2.000     2.000     2.000    -0.270
     1.000     1.000     2.000     1.000     2.000    -0.673
     4.000     4.000     3.000     1.000     3.000     0.960
     1.000     2.000     2.000     2.000     3.000    -0.346
     3.000     3.000     3.000     1.000     1.000     0.278
     4.000     4.000     4.000     3.000     2.000     0.877
     2.000     2.000     1.000     2.000     3.000    -0.249
     2.000     2.000     2.000     2.000     2.000    -0.230
     2.000     0.000     0.000     1.000     1.000    -1.107
     0.000     2.000     0.000     0.000     3.000    -0.576
     1.000     0.000     1.000     2.000     2.000    -1.172
     1.000     3.000     2.000     3.000     3.000    -0.095
     4.000     4.000     2.000     1.000     2.000     0.794
     2.000     1.000     0.000     2.000     2.000    -0.724
     3.000     2.000     0.000     2.000     0.000    -0.336
     0.000     0.000     0.000     0.000     1.000    -1.459
     3.000     2.000     0.000     3.000     4.000    -0.155
     4.000     4.000     4.000     2.000     2.000     0.949
     1.000     1.000     3.000     4.000     3.000    -0.691
     4.000     4.000     4.000     0.000     4.000     1.470
     0.000     2.000     0.000     3.000     0.000    -0.888
     3.000     2.000     2.000     2.000     2.000    -0.068
     3.000     2.000     4.000     0.000     4.000     0.295
     1.000     1.000     3.000     2.000     2.000    -0.653
     4.000     4.000     4.000     0.000     4.000     1.470
     4.000     4.000     2.000     1.000     4.000     0.967
     2.000     1.000     3.000     1.000     3.000    -0.373
     2.000     3.000     3.000     2.000     2.000     0.126
     3.000     1.000     2.000     2.000     4.000    -0.266
     4.000     4.000     4.000     0.000     4.000     1.470
     4.000     3.000     1.000     1.000     2.000     0.366
     4.000     4.000     3.000     0.000     4.000     1.195
     4.000     4.000     4.000     0.000     4.000     1.470
     4.000     4.000     3.000     0.000     4.000     1.195
     2.000     2.000     3.000     1.000     3.000    -0.060
     3.000     2.000     1.000     1.000     1.000    -0.143
     1.000     2.000     2.000     2.000     1.000    -0.452
     3.000     4.000     2.000     0.000     2.000     0.638
     3.000     3.000     4.000     2.000     3.000     0.414
     2.000     3.000     2.000     2.000     2.000     0.062
     3.000     3.000     2.000     3.000     2.000     0.174
     1.000     1.000     0.000     4.000     1.000    -1.068
     0.000     0.000     0.000     4.000     1.000    -1.773
     2.000     1.000     1.000     2.000     3.000    -0.568
     3.000     2.000     2.000     2.000     2.000    -0.068
     4.000     4.000     4.000     0.000     4.000     1.470
     4.000     2.000     0.000     1.000     1.000    -0.060
     1.000     1.000     1.000     4.000     1.000    -0.959
     2.000     3.000     1.000     2.000     3.000     0.044
     1.000     1.000     1.000     1.000     2.000    -0.749
     2.000     2.000     1.000     2.000     2.000    -0.302
     4.000     2.000     4.000     2.000     4.000     0.360
     1.000     1.000     1.000     2.000     1.000    -0.861
     1.000     2.000     3.000     1.000     1.000    -0.335
     3.000     3.000     3.000     2.000     3.000     0.334
     3.000     2.000     3.000     3.000     2.000    -0.046
     4.000     4.000     4.000     0.000     4.000     1.470
     3.000     3.000     4.000     0.000     2.000     0.468
     0.000     0.000     1.000     2.000     0.000    -1.534
     3.000     3.000     3.000     0.000     4.000     0.501
     4.000     4.000     4.000     0.000     4.000     1.470
     3.000     4.000     2.000     1.000     3.000     0.631
     1.000     1.000     0.000     0.000     1.000    -0.853
     2.000     1.000     0.000     2.000     2.000    -0.724
     2.000     1.000     0.000     2.000     2.000    -0.724
     2.000     2.000     2.000     2.000     1.000    -0.284
     3.000     2.000     2.000     3.000     2.000    -0.113
     2.000     0.000     2.000     2.000     3.000    -0.876
     2.000     1.000     0.000     1.000     1.000    -0.728
     1.000     1.000     1.000     3.000     1.000    -0.908
     0.000     1.000     0.000     4.000     4.000    -1.085
     4.000     4.000     2.000     1.000     3.000     0.865
     4.000     2.000     1.000     2.000     2.000     0.027
     4.000     4.000     4.000     0.000     4.000     1.470
     1.000     1.000     1.000     1.000     1.000    -0.807
     2.000     3.000     1.000     2.000     3.000     0.044
     3.000     4.000     4.000     1.000     4.000     0.901
     3.000     4.000     4.000     0.000     2.000     0.821
     4.000     1.000     1.000     0.000     2.000    -0.182
     3.000     4.000     2.000     1.000     2.000     0.573
     2.000     3.000     2.000     2.000     1.000     0.009
     4.000     3.000     4.000     0.000     3.000     0.706
     2.000     1.000     2.000     4.000     2.000    -0.644
     1.000     1.000     0.000     2.000     2.000    -0.908
     0.000     0.000     3.000     2.000     0.000    -1.350
     4.000     4.000     4.000     0.000     4.000     1.470
     4.000     4.000     4.000     4.000     4.000     1.007
     0.000     0.000     2.000     4.000     0.000    -1.565
     0.000     0.000     0.000     4.000     3.000    -1.587
     2.000     3.000     3.000     1.000     1.000     0.122
     3.000     3.000     4.000     1.000     0.000     0.302
     3.000     3.000     2.000     1.000     1.000     0.214
     1.000     1.000     2.000     3.000     0.000    -0.897
     3.000     3.000     4.000     1.000     1.000     0.357
     3.000     4.000     1.000     1.000     2.000     0.497
     2.000     2.000     2.000     1.000     3.000    -0.127
     3.000     4.000     4.000     1.000     4.000     0.901
     2.000     2.000     0.000     3.000     3.000    -0.381
     2.000     2.000     4.000     1.000     2.000    -0.038
     0.000     1.000     2.000     2.000     4.000    -0.796
     3.000     3.000     1.000     2.000     2.000     0.149
     4.000     4.000     1.000     4.000     3.000     0.602
     4.000     3.000     2.000     1.000     3.000     0.491
     3.000     3.000     3.000     1.000     3.000     0.382
     4.000     4.000     3.000     1.000     2.000     0.882
     4.000     4.000     3.000     0.000     4.000     1.195
     3.000     2.000     2.000     1.000     3.000     0.034
     3.000     0.000     0.000     1.000     2.000    -0.876
     4.000     1.000     3.000     4.000     4.000    -0.124
     4.000     3.000     2.000     1.000     4.000     0.557
     1.000     1.000     1.000     4.000     1.000    -0.959
     4.000     4.000     4.000     0.000     2.000     1.147
     3.000     4.000     4.000     3.000     3.000     0.695
     3.000     4.000     4.000     1.000     3.000     0.812
     3.000     3.000     2.000     1.000     2.000     0.266
     3.000     1.000     1.000     2.000     2.000    -0.451
     2.000     3.000     2.000     1.000     2.000     0.110
     2.000     3.000     4.000     1.000     2.000     0.252
     3.000     3.000     3.000     0.000     4.000     0.501
     4.000     4.000     4.000     0.000     4.000     1.470
     1.000     1.000     2.000     1.000     3.000    -0.616
     3.000     3.000     3.000     2.000     2.000     0.282
     0.000     1.000     1.000     0.000     0.000    -1.008
     4.000     4.000     4.000     0.000     4.000     1.470
     3.000     3.000     3.000     2.000     2.000     0.282
     2.000     1.000     0.000     1.000     3.000    -0.611
     4.000     4.000     4.000     0.000     4.000     1.470
     3.000     4.000     4.000     0.000     3.000     0.890
     2.000     2.000     1.000     2.000     3.000    -0.249
     4.000     4.000     3.000     0.000     4.000     1.195
     4.000     4.000     2.000     0.000     4.000     1.070
     4.000     4.000     2.000     0.000     3.000     0.954
     4.000     2.000     2.000     0.000     4.000     0.320
     4.000     4.000     2.000     1.000     3.000     0.865
     4.000     4.000     4.000     2.000     4.000     1.173
     4.000     4.000     4.000     0.000     4.000     1.470
     1.000     1.000     1.000     2.000     0.000    -0.927
     4.000     4.000     4.000     0.000     4.000     1.470
     2.000     1.000     4.000     2.000     0.000    -0.522
     4.000     2.000     0.000     1.000     3.000     0.048
     3.000     3.000     3.000     1.000     3.000     0.382
     2.000     2.000     2.000     1.000     2.000    -0.180
     1.000     1.000     1.000     3.000     2.000    -0.850
     3.000     4.000     4.000     2.000     2.000     0.688
     2.000     2.000     2.000     1.000     1.000    -0.234
     3.000     4.000     3.000     1.000     3.000     0.704
     3.000     2.000     3.000     1.000     3.000     0.100
     4.000     4.000     4.000     0.000     1.000     1.042
     4.000     2.000     2.000     0.000     2.000     0.204
     2.000     2.000     2.000     2.000     3.000    -0.177
     4.000     2.000     3.000     3.000     2.000     0.119
     3.000     4.000     4.000     1.000     2.000     0.747
     1.000     0.000     0.000     3.000     3.000    -1.276
     2.000     2.000     1.000     3.000     3.000    -0.293
     3.000     2.000     2.000     2.000     2.000    -0.068
     0.000     1.000     1.000     1.000     2.000    -0.940
     2.000     2.000     2.000     2.000     3.000    -0.177
     4.000     4.000     1.000     1.000     1.000     0.637
     3.000     3.000     3.000     4.000     4.000     0.310
     3.000     1.000     1.000     2.000     1.000    -0.506
     2.000     4.000     3.000     1.000     4.000     0.598
     3.000     3.000     2.000     1.000     3.000     0.318
     2.000     2.000     2.000     2.000     2.000    -0.230
     2.000     2.000     1.000     1.000     1.000    -0.306
     3.000     3.000     2.000     1.000     1.000     0.214
     2.000     2.000     2.000     1.000     3.000    -0.127
     2.000     2.000     2.000     2.000     3.000    -0.177
     3.000     4.000     4.000     0.000     4.000     0.987
     4.000     4.000     3.000     1.000     4.000     1.075
     0.000     0.000     0.000     4.000     2.000    -1.677
     2.000     3.000     3.000     1.000     4.000     0.287
     4.000     3.000     4.000     2.000     3.000     0.594
     3.000     4.000     3.000     0.000     4.000     0.858
     4.000     4.000     4.000     0.000     3.000     1.263
     2.000     1.000     2.000     3.000     2.000    -0.596
     2.000     2.000     2.000     2.000     2.000    -0.230
     3.000     3.000     4.000     3.000     3.000     0.368
     1.000     1.000     4.000     2.000     4.000    -0.462
     4.000     4.000     2.000     1.000     3.000     0.865
     4.000     3.000     2.000     3.000     2.000     0.342
     1.000     1.000     0.000     4.000     2.000    -1.009
     0.000     0.000     0.000     2.000     2.000    -1.529
     1.000     1.000     0.000     2.000     2.000    -0.908
     1.000     0.000     0.000     1.000     3.000    -1.172
     3.000     2.000     2.000     1.000     1.000    -0.072
     2.000     2.000     2.000     1.000     0.000    -0.292
     2.000     3.000     1.000     0.000     0.000    -0.013
     1.000     0.000     1.000     2.000     1.000    -1.229
     3.000     2.000     0.000     2.000     2.000    -0.223
     3.000     1.000     0.000     2.000     3.000    -0.487
     2.000     2.000     4.000     2.000     1.000    -0.143
     2.000     3.000     3.000     1.000     3.000     0.226
     4.000     4.000     4.000     0.000     4.000     1.470
     3.000     2.000     4.000     0.000     1.000     0.126
     2.000     2.000     1.000     2.000     3.000    -0.249
     4.000     4.000     4.000     4.000     4.000     1.007
     1.000     1.000     1.000     3.000     1.000    -0.908
     3.000     3.000     2.000     2.000     1.000     0.165
     4.000     4.000     4.000     3.000     3.000     0.957
     3.000     4.000     3.000     3.000     3.000     0.597
     1.000     2.000     0.000     1.000     1.000    -0.562
     1.000     1.000     1.000     2.000     1.000    -0.861
     3.000     3.000     2.000     2.000     2.000     0.218
     1.000     0.000     0.000     2.000     0.000    -1.432
     3.000     1.000     0.000     2.000     0.000    -0.664
     4.000     3.000     4.000     0.000     2.000     0.651
     4.000     3.000     1.000     3.000     3.000     0.323
     3.000     2.000     3.000     2.000     0.000    -0.112
     1.000     0.000     0.000     4.000     1.000    -1.467
     4.000     4.000     0.000     0.000     0.000     0.550
     2.000     2.000     0.000     0.000     4.000    -0.168
     4.000     4.000     3.000     4.000     3.000     0.769
     0.000     0.000     0.000     4.000     0.000    -1.925
     0.000     0.000     1.000     3.000     1.000    -1.501
     4.000     4.000     3.000     0.000     2.000     0.973
     3.000     2.000     0.000     4.000     4.000    -0.199
     2.000     1.000     1.000     2.000     1.000    -0.682
     1.000     0.000     0.000     4.000     0.000    -1.556
     2.000     3.000     1.000     1.000     0.000    -0.067
     3.000     1.000     2.000     2.000     2.000    -0.378
     1.000     1.000     2.000     1.000     2.000    -0.673
     3.000     1.000     2.000     3.000     2.000    -0.423
     3.000     2.000     2.000     3.000     3.000    -0.060
     2.000     1.000     2.000     2.000     0.000    -0.669
     0.000     1.000     0.000     1.000     1.000    -1.109
     3.000     3.000     1.000     1.000     2.000     0.197
     1.000     0.000     0.000     1.000     1.000    -1.292
     1.000     1.000     1.000     1.000     2.000    -0.749
     1.000     1.000     2.000     1.000     2.000    -0.673
     2.000     2.000     2.000     2.000     2.000    -0.230
     3.000     3.000     4.000     2.000     2.000     0.362
     2.000     3.000     2.000     1.000     2.000     0.110
     2.000     2.000     1.000     3.000     2.000    -0.347
     2.000     2.000     1.000     2.000     0.000    -0.414
     2.000     2.000     0.000     2.000     1.000    -0.444
     2.000     4.000     1.000     3.000     3.000     0.291
     3.000     2.000     0.000     1.000     2.000    -0.173
     2.000     2.000     3.000     2.000     1.000    -0.217
     2.000     1.000     4.000     2.000     2.000    -0.405
     3.000     3.000     3.000     3.000     1.000     0.185
     3.000     1.000     1.000     2.000     1.000    -0.506
     2.000     3.000     2.000     1.000     3.000     0.162
     4.000     4.000     4.000     1.000     2.000     1.031
     2.000     0.000     4.000     0.000     4.000    -0.590
     4.000     3.000     3.000     0.000     3.000     0.616
     2.000     2.000     2.000     1.000     2.000    -0.180
     3.000     3.000     1.000     1.000     3.000     0.248
     2.000     1.000     1.000     2.000     2.000    -0.625
     0.000     0.000     0.000     2.000     0.000    -1.724
     3.000     3.000     3.000     2.000     3.000     0.334
     2.000     3.000     4.000     2.000     4.000     0.318
     2.000     3.000     2.000     1.000     4.000     0.222
     4.000     3.000     3.000     2.000     3.000     0.507
     4.000     4.000     4.000     0.000     2.000     1.147
     2.000     1.000     0.000     1.000     4.000    -0.549
     3.000     4.000     3.000     1.000     3.000     0.704
     3.000     3.000     3.000     1.000     3.000     0.382
     1.000     0.000     1.000     3.000     1.000    -1.276
     3.000     4.000     1.000     1.000     4.000     0.624
     2.000     0.000     1.000     1.000     2.000    -0.950
     3.000     3.000     1.000     1.000     4.000     0.310
     3.000     3.000     2.000     2.000     2.000     0.218
     3.000     1.000     2.000     1.000     2.000    -0.328
     2.000     2.000     2.000     2.000     1.000    -0.284
     1.000     2.000     1.000     1.000     0.000    -0.531
     3.000     1.000     3.000     1.000     0.000    -0.373
     0.000     0.000     2.000     0.000     2.000    -1.178
     4.000     4.000     1.000     1.000     3.000     0.768
     2.000     2.000     3.000     2.000     1.000    -0.217
