     2.000     3.000     3.000     3.000     4.000     0.080
     3.000     3.000     3.000     3.000     3.000     0.100
     3.000     3.000     4.000     3.000     4.000     0.520
     4.000     3.000     3.000     4.000     4.000     0.743
     4.000     3.000     3.000     3.000     2.000     0.144
     2.000     2.000     3.000     2.000     4.000    -0.191
     4.000     3.000     3.000     4.000     4.000     0.743
     4.000     4.000     4.000     4.000     4.000     1.279
     3.000     4.000     4.000     4.000     3.000     0.636
     4.000     3.000     3.000     4.000     4.000     0.743
     3.000     3.000     3.000     3.000     3.000     0.100
     3.000     2.000     3.000     3.000     3.000    -0.003
     2.000     2.000     3.000     3.000     3.000    -0.208
     4.000     3.000     3.000     2.000     3.000     0.158
     4.000     3.000     3.000     3.000     4.000     0.526
     3.000     3.000     3.000     4.000     3.000     0.274
     3.000     1.000     3.000     2.000     3.000    -0.269
     4.000     4.000     3.000     4.000     4.000     0.892
     2.000     1.000     3.000     2.000     3.000    -0.481
     3.000     3.000     3.000     3.000     3.000     0.100
     3.000     3.000     3.000     3.000     3.000     0.100
     2.000     3.000     4.000     4.000     4.000     0.509
     3.000     3.000     4.000     3.000     3.000     0.326
     3.000     4.000     3.000     3.000     3.000     0.210
     2.000     4.000     4.000     1.000     2.000    -0.270
     4.000     3.000     4.000     4.000     4.000     1.079
     1.000     2.000     2.000     2.000     2.000    -0.967
     4.000     4.000     3.000     3.000     4.000     0.657
     0.000     1.000     1.000     3.000     2.000    -1.271
     1.000     2.000     2.000     3.000     3.000    -0.629
     3.000     3.000     2.000     3.000     3.000    -0.106
     2.000     1.000     2.000     3.000     3.000    -0.527
     1.000     1.000     2.000     3.000     2.000    -0.908
     4.000     4.000     4.000     2.000     4.000     0.759
     2.000     2.000     2.000     2.000     3.000    -0.583
     2.000     2.000     3.000     3.000     3.000    -0.208
     3.000     3.000     3.000     3.000     3.000     0.100
     4.000     2.000     4.000     4.000     4.000     0.934
     3.000     4.000     2.000     2.000     3.000    -0.158
     4.000     4.000     4.000     4.000     2.000     0.730
     2.000     2.000     2.000     2.000     2.000    -0.765
     4.000     2.000     3.000     3.000     3.000     0.215
     1.000     3.000     4.000     4.000     2.000    -0.112
     4.000     4.000     4.000     3.000     3.000     0.707
     1.000     4.000     3.000     3.000     2.000    -0.391
     2.000     2.000     2.000     2.000     2.000    -0.765
     1.000     3.000     3.000     1.000     2.000    -0.805
     4.000     3.000     4.000     4.000     4.000     1.079
     4.000     3.000     4.000     4.000     4.000     1.079
     2.000     2.000     2.000     2.000     2.000    -0.765
     2.000     2.000     2.000     2.000     4.000    -0.405
     2.000     2.000     4.000     4.000     3.000     0.196
     3.000     2.000     3.000     4.000     4.000     0.359
     4.000     4.000     3.000     4.000     3.000     0.648
     0.000     0.000     0.000     2.000     4.000    -1.368
     4.000     4.000     3.000     4.000     4.000     0.892
     3.000     2.000     3.000     3.000     4.000     0.178
     2.000     2.000     0.000     1.000     2.000    -1.296
     4.000     3.000     3.000     4.000     3.000     0.518
     0.000     2.000     2.000     2.000     4.000    -0.776
     1.000     1.000     2.000     1.000     4.000    -0.873
     2.000     2.000     1.000     2.000     3.000    -0.784
     2.000     0.000     3.000     3.000     3.000    -0.422
     4.000     4.000     4.000     4.000     4.000     1.279
     4.000     3.000     4.000     4.000     4.000     1.079
     2.000     2.000     2.000     2.000     2.000    -0.765
     4.000     2.000     3.000     3.000     4.000     0.413
     4.000     4.000     1.000     4.000     3.000     0.174
     3.000     4.000     3.000     2.000     3.000     0.052
     3.000     4.000     2.000     3.000     3.000     0.000
     4.000     4.000     2.000     4.000     3.000     0.406
     3.000     1.000     2.000     4.000     3.000    -0.153
     2.000     3.000     1.000     1.000     0.000    -1.289
     4.000     3.000     4.000     3.000     4.000     0.806
     2.000     1.000     1.000     3.000     4.000    -0.556
     4.000     3.000     4.000     3.000     3.000     0.574
     2.000     1.000     2.000     1.000     2.000    -1.030
     2.000     1.000     2.000     3.000     4.000    -0.352
     4.000     4.000     4.000     4.000     4.000     1.279
     2.000     2.000     3.000     3.000     3.000    -0.208
     3.000     3.000     2.000     2.000     3.000    -0.264
     2.000     2.000     3.000     3.000     3.000    -0.208
     4.000     2.000     4.000     4.000     3.000     0.673
     4.000     4.000     4.000     4.000     3.000     0.952
     2.000     2.000     3.000     3.000     3.000    -0.208
     3.000     3.000     3.000     2.000     3.000    -0.057
     0.000     1.000     1.000     2.000     3.000    -1.251
     3.000     2.000     2.000     2.000     3.000    -0.368
     3.000     1.000     4.000     1.000     3.000    -0.210
     2.000     4.000     3.000     2.000     4.000     0.029
     4.000     3.000     3.000     3.000     3.000     0.323
     2.000     1.000     1.000     2.000     2.000    -1.074
     1.000     2.000     3.000     1.000     4.000    -0.569
     1.000     2.000     1.000     1.000     2.000    -1.300
     4.000     3.000     3.000     3.000     4.000     0.526
     1.000     0.000     2.000     1.000     2.000    -1.326
     4.000     2.000     1.000     2.000     3.000    -0.374
     2.000     4.000     4.000     3.000     4.000     0.434
     2.000     2.000     2.000     3.000     3.000    -0.418
     2.000     2.000     3.000     2.000     2.000    -0.550
     2.000     2.000     2.000     2.000     2.000    -0.765
     1.000     0.000     0.000     4.000     2.000    -1.219
     2.000     1.000     3.000     3.000     3.000    -0.318
     2.000     2.000     2.000     2.000     3.000    -0.583
     2.000     3.000     4.000     3.000     3.000     0.125
     3.000     3.000     2.000     2.000     3.000    -0.264
     2.000     1.000     2.000     3.000     3.000    -0.527
     4.000     3.000     4.000     1.000     4.000     0.417
     2.000     3.000     2.000     3.000     2.000    -0.488
     4.000     4.000     4.000     4.000     4.000     1.279
     3.000     3.000     3.000     2.000     3.000    -0.057
     3.000     0.000     2.000     4.000     2.000    -0.428
     2.000     1.000     2.000     2.000     2.000    -0.875
     1.000     2.000     2.000     2.000     2.000    -0.967
     2.000     2.000     3.000     3.000     3.000    -0.208
     1.000     1.000     3.000     2.000     2.000    -0.866
     4.000     2.000     2.000     4.000     4.000     0.374
     3.000     3.000     3.000     2.000     4.000     0.123
     1.000     3.000     1.000     1.000     3.000    -1.018
     2.000     2.000     2.000     3.000     2.000    -0.597
     3.000     2.000     3.000     2.000     3.000    -0.161
     4.000     4.000     4.000     4.000     4.000     1.279
     4.000     2.000     3.000     4.000     4.000     0.621
     4.000     4.000     4.000     4.000     3.000     0.952
     2.000     2.000     4.000     3.000     4.000     0.205
     4.000     4.000     4.000     4.000     4.000     1.279
     3.000     3.000     3.000     3.000     2.000    -0.070
     4.000     3.000     3.000     3.000     4.000     0.526
     3.000     3.000     2.000     3.000     4.000     0.070
     3.000     0.000     4.000     3.000     4.000     0.191
     0.000     2.000     3.000     2.000     2.000    -0.923
     2.000     2.000     3.000     3.000     3.000    -0.208
     3.000     3.000     3.000     1.000     3.000    -0.218
     3.000     3.000     2.000     2.000     3.000    -0.264
     4.000     3.000     4.000     2.000     2.000     0.215
     2.000     2.000     3.000     2.000     2.000    -0.550
     3.000     1.000     3.000     2.000     3.000    -0.269
     4.000     4.000     4.000     4.000     4.000     1.279
     4.000     4.000     4.000     4.000     4.000     1.279
     3.000     3.000     4.000     1.000     3.000     0.000
     4.000     3.000     3.000     2.000     3.000     0.158
     4.000     3.000     4.000     4.000     4.000     1.079
     1.000     2.000     2.000     3.000     3.000    -0.629
     4.000     4.000     4.000     4.000     4.000     1.279
     3.000     2.000     2.000     2.000     2.000    -0.542
     4.000     3.000     4.000     4.000     4.000     1.079
     2.000     3.000     3.000     2.000     4.000    -0.083
     3.000     2.000     3.000     2.000     3.000    -0.161
     4.000     4.000     4.000     4.000     4.000     1.279
     4.000     4.000     4.000     4.000     4.000     1.279
     2.000     2.000     2.000     4.000     2.000    -0.430
     4.000     3.000     3.000     3.000     4.000     0.526
     4.000     2.000     4.000     4.000     4.000     0.934
     2.000     2.000     3.000     3.000     2.000    -0.384
     4.000     1.000     3.000     3.000     3.000     0.100
     3.000     1.000     3.000     3.000     3.000    -0.111
     2.000     2.000     1.000     3.000     2.000    -0.799
     2.000     1.000     1.000     2.000     2.000    -1.074
     3.000     2.000     3.000     4.000     4.000     0.359
     4.000     4.000     4.000     4.000     4.000     1.279
     2.000     2.000     2.000     1.000     2.000    -0.922
     2.000     2.000     3.000     2.000     2.000    -0.550
     4.000     4.000     4.000     0.000     4.000     0.410
     3.000     2.000     3.000     2.000     3.000    -0.161
     3.000     2.000     4.000     4.000     3.000     0.404
     3.000     2.000     4.000     4.000     4.000     0.610
     3.000     2.000     2.000     2.000     3.000    -0.368
     4.000     3.000     3.000     4.000     3.000     0.518
     3.000     1.000     4.000     3.000     4.000     0.296
     4.000     2.000     3.000     2.000     3.000     0.050
     4.000     0.000     4.000     4.000     4.000     0.652
     4.000     3.000     3.000     4.000     4.000     0.743
     2.000     2.000     2.000     2.000     2.000    -0.765
     4.000     4.000     3.000     4.000     4.000     0.892
     2.000     2.000     3.000     2.000     4.000    -0.191
     3.000     3.000     3.000     3.000     2.000    -0.070
     2.000     0.000     0.000     0.000     2.000    -1.671
     4.000     3.000     4.000     4.000     4.000     1.079
     4.000     1.000     4.000     4.000     4.000     0.781
     4.000     4.000     4.000     2.000     4.000     0.759
     3.000     4.000     3.000     0.000     3.000    -0.235
     2.000     4.000     2.000     3.000     3.000    -0.204
     3.000     4.000     3.000     3.000     3.000     0.210
     1.000     2.000     2.000     3.000     3.000    -0.629
     3.000     3.000     2.000     3.000     3.000    -0.106
     3.000     2.000     2.000     3.000     3.000    -0.209
     4.000     4.000     4.000     4.000     4.000     1.279
     2.000     3.000     3.000     3.000     2.000    -0.277
     4.000     4.000     3.000     2.000     4.000     0.479
     3.000     2.000     3.000     0.000     3.000    -0.444
     4.000     3.000     4.000     3.000     4.000     0.806
     4.000     4.000     4.000     4.000     4.000     1.279
     2.000     2.000     3.000     2.000     2.000    -0.550
     3.000     4.000     4.000     2.000     4.000     0.475
     3.000     3.000     2.000     3.000     3.000    -0.106
     4.000     3.000     3.000     3.000     2.000     0.144
     3.000     2.000     4.000     4.000     2.000     0.224
     4.000     4.000     4.000     4.000     2.000     0.730
     4.000     2.000     4.000     4.000     4.000     0.934
     3.000     2.000     3.000     4.000     4.000     0.359
     2.000     2.000     4.000     3.000     4.000     0.205
     4.000     4.000     3.000     4.000     4.000     0.892
     4.000     3.000     3.000     0.000     3.000    -0.138
     3.000     4.000     3.000     4.000     3.000     0.389
     0.000     2.000     3.000     0.000     4.000    -0.852
     4.000     4.000     3.000     4.000     4.000     0.892
     2.000     3.000     3.000     3.000     3.000    -0.102
     2.000     3.000     3.000     3.000     4.000     0.080
     4.000     2.000     2.000     3.000     3.000    -0.003
     2.000     1.000     3.000     1.000     2.000    -0.818
     3.000     3.000     3.000     3.000     3.000     0.100
     4.000     0.000     4.000     2.000     4.000     0.257
     3.000     4.000     4.000     4.000     2.000     0.451
     2.000     1.000     2.000     2.000     2.000    -0.875
     4.000     4.000     4.000     4.000     3.000     0.952
     3.000     2.000     3.000     3.000     4.000     0.178
     2.000     2.000     2.000     3.000     3.000    -0.418
     4.000     3.000     3.000     3.000     2.000     0.144
     2.000     3.000     4.000     4.000     4.000     0.509
     0.000     4.000     2.000     4.000     4.000    -0.234
     3.000     1.000     3.000     2.000     3.000    -0.269
     3.000     2.000     4.000     3.000     4.000     0.412
     4.000     4.000     4.000     4.000     4.000     1.279
     4.000     2.000     3.000     1.000     2.000    -0.295
     2.000     1.000     3.000     2.000     2.000    -0.661
     4.000     2.000     4.000     4.000     4.000     0.934
     4.000     4.000     4.000     4.000     4.000     1.279
     4.000     2.000     3.000     4.000     4.000     0.621
     4.000     1.000     3.000     2.000     4.000     0.123
     4.000     3.000     4.000     4.000     4.000     1.079
     2.000     2.000     3.000     2.000     3.000    -0.371
     4.000     3.000     3.000     2.000     4.000     0.353
     3.000     4.000     4.000     4.000     3.000     0.636
     2.000     3.000     2.000     3.000     3.000    -0.312
     2.000     2.000     2.000     2.000     3.000    -0.583
     3.000     2.000     3.000     2.000     4.000     0.017
     3.000     4.000     2.000     3.000     3.000     0.000
     2.000     3.000     2.000     2.000     2.000    -0.654
     4.000     3.000     3.000     4.000     4.000     0.743
     4.000     4.000     4.000     4.000     4.000     1.279
     0.000     2.000     2.000     4.000     4.000    -0.448
     2.000     1.000     2.000     2.000     3.000    -0.692
     2.000     2.000     2.000     3.000     3.000    -0.418
     3.000     2.000     3.000     3.000     3.000    -0.003
     2.000     3.000     4.000     1.000     3.000    -0.203
     3.000     3.000     3.000     3.000     3.000     0.100
     4.000     2.000     3.000     3.000     3.000     0.215
     4.000     2.000     1.000     2.000     3.000    -0.374
     3.000     3.000     3.000     4.000     3.000     0.274
     2.000     2.000     3.000     3.000     3.000    -0.208
     4.000     4.000     4.000     4.000     4.000     1.279
     2.000     2.000     2.000     2.000     3.000    -0.583
     2.000     2.000     2.000     2.000     2.000    -0.765
     3.000     3.000     3.000     2.000     4.000     0.123
     3.000     2.000     3.000     3.000     3.000    -0.003
     4.000     2.000     4.000     3.000     3.000     0.460
     3.000     4.000     4.000     4.000     3.000     0.636
     4.000     4.000     3.000     4.000     4.000     0.892
     3.000     3.000     2.000     3.000     3.000    -0.106
     2.000     3.000     4.000     3.000     4.000     0.314
     2.000     2.000     2.000     2.000     3.000    -0.583
     4.000     4.000     2.000     4.000     4.000     0.623
     4.000     3.000     4.000     4.000     4.000     1.079
     1.000     2.000     2.000     2.000     3.000    -0.789
     3.000     3.000     3.000     2.000     2.000    -0.229
     3.000     4.000     3.000     4.000     3.000     0.389
     4.000     2.000     4.000     4.000     3.000     0.673
     2.000     2.000     2.000     2.000     3.000    -0.583
     4.000     3.000     3.000     3.000     3.000     0.323
     3.000     2.000     4.000     3.000     4.000     0.412
     3.000     2.000     3.000     2.000     4.000     0.017
     4.000     2.000     1.000     3.000     4.000    -0.037
     3.000     3.000     3.000     2.000     2.000    -0.229
     2.000     4.000     1.000     2.000     2.000    -0.752
     3.000     3.000     4.000     4.000     4.000     0.726
     2.000     4.000     1.000     4.000     3.000    -0.247
     3.000     1.000     3.000     4.000     4.000     0.243
     2.000     1.000     4.000     2.000     3.000    -0.255
     4.000     1.000     1.000     3.000     4.000    -0.148
     0.000     3.000     2.000     0.000     4.000    -0.953
     2.000     2.000     2.000     2.000     3.000    -0.583
     3.000     3.000     3.000     2.000     3.000    -0.057
     2.000     3.000     4.000     3.000     2.000    -0.051
     3.000     2.000     3.000     3.000     3.000    -0.003
     4.000     3.000     4.000     4.000     4.000     1.079
     4.000     4.000     4.000     4.000     4.000     1.279
     3.000     2.000     2.000     3.000     2.000    -0.381
     4.000     4.000     4.000     3.000     4.000     0.961
     3.000     3.000     3.000     3.000     3.000     0.100
     4.000     3.000     3.000     3.000     3.000     0.323
     4.000     3.000     4.000     4.000     4.000     1.079
     4.000     1.000     3.000     4.000     4.000     0.491
     3.000     2.000     3.000     2.000     3.000    -0.161
     2.000     1.000     2.000     2.000     2.000    -0.875
     1.000     2.000     2.000     3.000     2.000    -0.803
     3.000     3.000     2.000     1.000     3.000    -0.421
     0.000     1.000     4.000     1.000     2.000    -0.954
     2.000     2.000     3.000     4.000     3.000    -0.036
     3.000     4.000     3.000     3.000     4.000     0.397
     3.000     2.000     3.000     3.000     3.000    -0.003
     1.000     2.000     3.000     2.000     3.000    -0.585
     4.000     0.000     4.000     4.000     4.000     0.652
     0.000     4.000     4.000     4.000     4.000     0.213
     2.000     2.000     3.000     2.000     3.000    -0.371
     3.000     1.000     2.000     1.000     3.000    -0.629
     2.000     1.000     2.000     2.000     2.000    -0.875
     3.000     1.000     4.000     4.000     4.000     0.486
     2.000     3.000     3.000     2.000     3.000    -0.263
     3.000     2.000     3.000     3.000     3.000    -0.003
     4.000     3.000     3.000     3.000     2.000     0.144
     3.000     2.000     3.000     3.000     4.000     0.178
     1.000     3.000     2.000     2.000     3.000    -0.684
     2.000     2.000     2.000     2.000     3.000    -0.583
     0.000     3.000     4.000     3.000     3.000    -0.251
     2.000     1.000     2.000     3.000     2.000    -0.707
     2.000     2.000     2.000     3.000     2.000    -0.597
     0.000     2.000     2.000     2.000     2.000    -1.140
     2.000     2.000     2.000     2.000     3.000    -0.583
     2.000     2.000     1.000     1.000     3.000    -0.935
     2.000     1.000     2.000     2.000     3.000    -0.692
     2.000     1.000     2.000     3.000     2.000    -0.707
     1.000     1.000     2.000     2.000     2.000    -1.073
     3.000     2.000     3.000     3.000     4.000     0.178
     2.000     2.000     1.000     2.000     2.000    -0.966
     2.000     2.000     2.000     2.000     4.000    -0.405
     3.000     2.000     3.000     3.000     3.000    -0.003
     2.000     3.000     2.000     2.000     1.000    -0.873
     4.000     3.000     2.000     2.000     2.000    -0.235
     2.000     3.000     2.000     2.000     1.000    -0.873
     4.000     3.000     4.000     4.000     3.000     0.797
     2.000     2.000     2.000     2.000     3.000    -0.583
     1.000     3.000     3.000     3.000     3.000    -0.324
     3.000     3.000     2.000     3.000     3.000    -0.106
     4.000     3.000     3.000     4.000     4.000     0.743
     2.000     2.000     3.000     3.000     3.000    -0.208
     2.000     2.000     4.000     0.000     4.000    -0.257
     4.000     3.000     4.000     3.000     4.000     0.806
     2.000     2.000     2.000     2.000     2.000    -0.765
     4.000     2.000     1.000     2.000     3.000    -0.374
     2.000     2.000     3.000     2.000     2.000    -0.550
     2.000     2.000     0.000     0.000     4.000    -1.070
     3.000     3.000     3.000     3.000     3.000     0.100
     3.000     2.000     3.000     2.000     4.000     0.017
     3.000     3.000     3.000     2.000     3.000    -0.057
     2.000     0.000     3.000     3.000     3.000    -0.422
     0.000     2.000     2.000     3.000     4.000    -0.611
     4.000     4.000     2.000     4.000     3.000     0.406
     2.000     3.000     3.000     3.000     3.000    -0.102
     4.000     2.000     4.000     3.000     4.000     0.681
     2.000     3.000     3.000     2.000     2.000    -0.441
     3.000     2.000     4.000     2.000     3.000     0.062
     1.000     2.000     1.000     2.000     2.000    -1.157
     3.000     3.000     3.000     3.000     3.000     0.100
     2.000     2.000     3.000     1.000     4.000    -0.357
     2.000     2.000     2.000     3.000     2.000    -0.597
     2.000     1.000     2.000     2.000     3.000    -0.692
     3.000     2.000     3.000     3.000     3.000    -0.003
     2.000     1.000     4.000     3.000     3.000    -0.093
     3.000     1.000     2.000     1.000     2.000    -0.803
     3.000     2.000     4.000     4.000     4.000     0.610
     2.000     3.000     3.000     2.000     2.000    -0.441
