     3.000     3.000     3.000     1.000     3.000    -0.308
     4.000     4.000     4.000     0.000     4.000     1.184
     4.000     3.000     4.000     0.000     3.000     0.439
     4.000     4.000     2.000     0.000     4.000     0.511
     3.000     3.000     3.000     0.000     3.000    -0.183
     3.000     4.000     3.000     0.000     3.000     0.007
     4.000     4.000     4.000     0.000     3.000     0.759
     4.000     4.000     4.000     0.000     4.000     1.184
     4.000     4.000     4.000     2.000     4.000     0.659
     4.000     4.000     3.000     1.000     3.000     0.308
     3.000     3.000     3.000     1.000     2.000    -0.487
     3.000     3.000     3.000     1.000     3.000    -0.308
     3.000     3.000     3.000     2.000     3.000    -0.413
     2.000     2.000     3.000     1.000     2.000    -1.064
     3.000     3.000     2.000     1.000     4.000    -0.295
     4.000     4.000     3.000     1.000     3.000     0.308
     3.000     3.000     2.000     2.000     3.000    -0.569
     4.000     4.000     4.000     1.000     3.000     0.541
     3.000     2.000     4.000     0.000     2.000    -0.370
     4.000     3.000     4.000     0.000     2.000     0.236
     2.000     2.000     3.000     1.000     2.000    -1.064
     4.000     4.000     4.000     0.000     4.000     1.184
     4.000     3.000     4.000     0.000     3.000     0.439
     4.000     3.000     4.000     1.000     3.000     0.278
     3.000     4.000     4.000     1.000     3.000     0.050
     4.000     4.000     4.000     0.000     3.000     0.759
     4.000     2.000     2.000     3.000     1.000    -0.772
     3.000     4.000     4.000     0.000     2.000     0.007
     3.000     3.000     3.000     0.000     3.000    -0.183
     3.000     3.000     2.000     1.000     2.000    -0.648
     2.000     2.000     2.000     1.000     2.000    -1.224
     4.000     3.000     3.000     2.000     3.000    -0.020
     4.000     3.000     3.000     0.000     4.000     0.439
     4.000     4.000     4.000     0.000     4.000     1.184
     3.000     2.000     2.000     1.000     2.000    -0.826
     3.000     3.000     4.000     1.000     4.000     0.029
     3.000     3.000     3.000     1.000     2.000    -0.487
     4.000     4.000     4.000     0.000     4.000     1.184
     4.000     4.000     2.000     0.000     4.000     0.511
     4.000     4.000     4.000     0.000     4.000     1.184
     2.000     3.000     2.000     1.000     2.000    -1.047
     4.000     4.000     4.000     1.000     2.000     0.320
     4.000     4.000     2.000     3.000     4.000     0.110
     4.000     2.000     4.000     0.000     3.000     0.228
     4.000     4.000     4.000     0.000     4.000     1.184
     2.000     2.000     2.000     2.000     2.000    -1.329
     3.000     3.000     2.000     1.000     2.000    -0.648
     4.000     4.000     3.000     0.000     3.000     0.476
     4.000     4.000     4.000     1.000     4.000     0.850
     3.000     3.000     2.000     0.000     3.000    -0.340
     2.000     2.000     3.000     1.000     3.000    -0.880
     4.000     4.000     4.000     1.000     3.000     0.541
     4.000     4.000     4.000     1.000     4.000     0.850
     3.000     4.000     3.000     0.000     2.000    -0.168
     4.000     2.000     3.000     4.000     4.000    -0.170
     4.000     2.000     1.000     1.000     3.000    -0.396
     3.000     4.000     4.000     1.000     4.000     0.226
     2.000     0.000     1.000     2.000     1.000    -1.981
     4.000     3.000     4.000     1.000     3.000     0.278
     3.000     3.000     2.000     1.000     1.000    -0.867
     2.000     4.000     2.000     0.000     2.000    -0.756
     3.000     4.000     3.000     1.000     3.000    -0.120
     2.000     3.000     3.000     0.000     2.000    -0.779
     4.000     4.000     3.000     1.000     3.000     0.308
     4.000     4.000     4.000     0.000     3.000     0.759
     2.000     3.000     2.000     2.000     2.000    -1.149
     3.000     4.000     3.000     1.000     2.000    -0.297
     4.000     4.000     4.000     0.000     3.000     0.759
     4.000     4.000     4.000     1.000     3.000     0.541
     4.000     4.000     3.000     1.000     3.000     0.308
     4.000     3.000     2.000     1.000     3.000    -0.070
     4.000     4.000     3.000     0.000     3.000     0.476
     2.000     4.000     1.000     1.000     1.000    -1.237
     4.000     4.000     4.000     0.000     4.000     1.184
     2.000     2.000     2.000     2.000     2.000    -1.329
     3.000     4.000     4.000     1.000     3.000     0.050
     3.000     0.000     2.000     2.000     2.000    -1.196
     4.000     4.000     4.000     0.000     4.000     1.184
     4.000     4.000     4.000     0.000     4.000     1.184
     3.000     2.000     3.000     1.000     3.000    -0.482
     2.000     2.000     1.000     0.000     2.000    -1.272
     4.000     3.000     4.000     1.000     3.000     0.278
     4.000     4.000     2.000     0.000     4.000     0.511
     4.000     4.000     3.000     0.000     4.000     0.755
     3.000     3.000     2.000     1.000     3.000    -0.464
     3.000     2.000     3.000     1.000     3.000    -0.482
     3.000     2.000     2.000     2.000     2.000    -0.931
     2.000     2.000     2.000     4.000     3.000    -1.281
     4.000     4.000     2.000     0.000     3.000     0.278
     4.000     4.000     3.000     0.000     4.000     0.755
     4.000     3.000     3.000     0.000     3.000     0.228
     3.000     2.000     2.000     1.000     2.000    -0.826
     2.000     3.000     2.000     1.000     1.000    -1.253
     2.000     2.000     2.000     2.000     2.000    -1.329
     3.000     4.000     3.000     1.000     3.000    -0.120
     1.000     2.000     2.000     2.000     2.000    -1.760
     3.000     2.000     3.000     1.000     2.000    -0.666
     4.000     4.000     4.000     4.000     3.000     0.214
     4.000     4.000     3.000     0.000     3.000     0.476
     2.000     3.000     3.000     2.000     2.000    -0.993
     4.000     4.000     3.000     3.000     4.000     0.288
     0.000     0.000     2.000     1.000     1.000    -2.360
     4.000     4.000     4.000     1.000     4.000     0.850
     3.000     3.000     2.000     2.000     3.000    -0.569
     4.000     4.000     4.000     0.000     4.000     1.184
     4.000     2.000     3.000     2.000     4.000    -0.022
     3.000     3.000     3.000     2.000     3.000    -0.413
     4.000     3.000     3.000     0.000     4.000     0.439
     4.000     4.000     3.000     0.000     1.000     0.001
     4.000     4.000     4.000     0.000     4.000     1.184
     3.000     2.000     1.000     1.000     2.000    -0.994
     4.000     4.000     3.000     0.000     4.000     0.755
     3.000     2.000     3.000     2.000     1.000    -0.984
     2.000     2.000     2.000     2.000     2.000    -1.329
     4.000     4.000     4.000     0.000     4.000     1.184
     3.000     3.000     3.000     1.000     2.000    -0.487
     4.000     4.000     2.000     0.000     4.000     0.511
     4.000     4.000     4.000     0.000     3.000     0.759
     4.000     4.000     2.000     2.000     1.000    -0.378
     4.000     4.000     4.000     2.000     2.000     0.191
     4.000     4.000     4.000     2.000     4.000     0.659
     4.000     4.000     4.000     0.000     4.000     1.184
     4.000     3.000     4.000     0.000     4.000     0.701
     4.000     4.000     4.000     0.000     4.000     1.184
     4.000     4.000     4.000     0.000     3.000     0.759
     4.000     4.000     4.000     0.000     4.000     1.184
     3.000     3.000     2.000     1.000     3.000    -0.464
     4.000     2.000     2.000     0.000     2.000    -0.286
     3.000     3.000     2.000     1.000     2.000    -0.648
     4.000     4.000     4.000     0.000     4.000     1.184
     4.000     4.000     3.000     2.000     2.000     0.002
     3.000     3.000     2.000     1.000     3.000    -0.464
     4.000     4.000     4.000     0.000     4.000     1.184
     3.000     3.000     3.000     1.000     3.000    -0.308
     4.000     4.000     3.000     0.000     4.000     0.755
     3.000     3.000     2.000     2.000     3.000    -0.569
     3.000     2.000     2.000     2.000     3.000    -0.744
     4.000     4.000     4.000     0.000     4.000     1.184
     4.000     4.000     4.000     0.000     4.000     1.184
     4.000     2.000     3.000     1.000     4.000     0.087
     4.000     3.000     2.000     1.000     3.000    -0.070
     4.000     4.000     4.000     0.000     4.000     1.184
     3.000     3.000     3.000     1.000     2.000    -0.487
     4.000     4.000     4.000     0.000     4.000     1.184
     2.000     2.000     3.000     2.000     2.000    -1.167
     4.000     4.000     4.000     0.000     4.000     1.184
     3.000     3.000     3.000     1.000     3.000    -0.308
     3.000     4.000     3.000     2.000     3.000    -0.227
     4.000     4.000     4.000     0.000     4.000     1.184
     4.000     3.000     3.000     0.000     3.000     0.228
     4.000     2.000     2.000     0.000     3.000    -0.117
     4.000     3.000     4.000     0.000     3.000     0.439
     4.000     4.000     4.000     0.000     4.000     1.184
     4.000     2.000     3.000     0.000     4.000     0.229
     4.000     4.000     4.000     0.000     3.000     0.759
     4.000     3.000     2.000     0.000     2.000    -0.115
     3.000     4.000     3.000     0.000     1.000    -0.404
     2.000     1.000     3.000     2.000     1.000    -1.525
     4.000     3.000     4.000     0.000     4.000     0.701
     4.000     4.000     4.000     0.000     4.000     1.184
     2.000     2.000     1.000     1.000     2.000    -1.394
     2.000     2.000     2.000     1.000     2.000    -1.224
     3.000     1.000     3.000     1.000     2.000    -0.835
     3.000     4.000     3.000     0.000     3.000     0.007
     4.000     4.000     4.000     1.000     3.000     0.541
     4.000     4.000     4.000     0.000     4.000     1.184
     4.000     4.000     3.000     0.000     3.000     0.476
     4.000     3.000     2.000     0.000     4.000     0.250
     3.000     2.000     4.000     2.000     3.000    -0.422
     3.000     3.000     4.000     0.000     4.000     0.158
     4.000     4.000     4.000     0.000     4.000     1.184
     4.000     4.000     4.000     1.000     4.000     0.850
     2.000     2.000     2.000     1.000     2.000    -1.224
     4.000     4.000     4.000     1.000     4.000     0.850
     4.000     4.000     3.000     0.000     2.000     0.265
     3.000     3.000     3.000     1.000     2.000    -0.487
     3.000     2.000     2.000     0.000     2.000    -0.703
     4.000     3.000     4.000     4.000     4.000     0.187
     4.000     4.000     4.000     0.000     4.000     1.184
     4.000     0.000     4.000     2.000     4.000    -0.133
     4.000     4.000     4.000     2.000     4.000     0.659
     3.000     3.000     3.000     1.000     3.000    -0.308
     4.000     4.000     3.000     3.000     3.000     0.091
     4.000     4.000     3.000     1.000     4.000     0.540
     3.000     3.000     2.000     1.000     3.000    -0.464
     4.000     3.000     3.000     0.000     3.000     0.228
     3.000     4.000     2.000     0.000     3.000    -0.151
     3.000     3.000     3.000     1.000     2.000    -0.487
     4.000     4.000     3.000     0.000     4.000     0.755
     3.000     3.000     3.000     1.000     2.000    -0.487
     4.000     4.000     2.000     0.000     4.000     0.511
     4.000     4.000     4.000     0.000     4.000     1.184
     3.000     3.000     3.000     1.000     2.000    -0.487
     4.000     3.000     4.000     0.000     4.000     0.701
     4.000     3.000     4.000     0.000     4.000     0.701
     3.000     3.000     3.000     1.000     3.000    -0.308
     3.000     4.000     4.000     1.000     4.000     0.226
     4.000     4.000     4.000     0.000     4.000     1.184
     4.000     4.000     4.000     0.000     3.000     0.759
     4.000     4.000     4.000     1.000     4.000     0.850
     4.000     3.000     4.000     1.000     4.000     0.500
     4.000     4.000     3.000     0.000     3.000     0.476
     4.000     4.000     4.000     0.000     3.000     0.759
     4.000     2.000     4.000     0.000     3.000     0.228
     4.000     4.000     4.000     1.000     2.000     0.320
     4.000     4.000     4.000     0.000     3.000     0.759
     4.000     4.000     3.000     0.000     4.000     0.755
     3.000     3.000     4.000     0.000     3.000    -0.015
     3.000     3.000     3.000     1.000     3.000    -0.308
     4.000     4.000     3.000     3.000     2.000    -0.086
     4.000     3.000     3.000     1.000     3.000     0.088
     4.000     4.000     4.000     0.000     4.000     1.184
     4.000     3.000     3.000     0.000     2.000     0.045
     4.000     4.000     3.000     0.000     4.000     0.755
     3.000     1.000     4.000     2.000     4.000    -0.428
     4.000     4.000     4.000     0.000     4.000     1.184
     3.000     3.000     3.000     1.000     3.000    -0.308
     1.000     1.000     1.000     3.000     2.000    -2.092
     4.000     4.000     4.000     1.000     4.000     0.850
     4.000     4.000     4.000     1.000     4.000     0.850
     3.000     3.000     3.000     0.000     3.000    -0.183
     4.000     4.000     4.000     0.000     4.000     1.184
     4.000     4.000     4.000     0.000     4.000     1.184
     4.000     3.000     4.000     0.000     2.000     0.236
     4.000     3.000     3.000     0.000     4.000     0.439
     2.000     4.000     4.000     0.000     4.000    -0.135
     4.000     4.000     4.000     1.000     4.000     0.850
     4.000     4.000     4.000     0.000     4.000     1.184
     4.000     3.000     3.000     1.000     4.000     0.278
     4.000     4.000     4.000     0.000     4.000     1.184
     4.000     4.000     3.000     0.000     3.000     0.476
     3.000     4.000     3.000     1.000     2.000    -0.297
     4.000     3.000     4.000     0.000     2.000     0.236
     4.000     4.000     3.000     0.000     3.000     0.476
     3.000     3.000     3.000     2.000     3.000    -0.413
     3.000     3.000     4.000     0.000     2.000    -0.190
     3.000     3.000     3.000     1.000     2.000    -0.487
     3.000     3.000     4.000     1.000     2.000    -0.318
     3.000     3.000     3.000     1.000     4.000    -0.139
     4.000     4.000     3.000     0.000     3.000     0.476
     3.000     2.000     4.000     1.000     2.000    -0.497
     4.000     4.000     3.000     0.000     3.000     0.476
     2.000     2.000     3.000     1.000     3.000    -0.880
     4.000     3.000     4.000     1.000     4.000     0.500
     3.000     2.000     1.000     1.000     3.000    -0.807
     3.000     2.000     3.000     1.000     2.000    -0.666
     3.000     3.000     3.000     0.000     3.000    -0.183
     3.000     4.000     4.000     1.000     2.000    -0.125
     4.000     3.000     4.000     0.000     3.000     0.439
     3.000     3.000     1.000     2.000     2.000    -0.922
     4.000     4.000     4.000     0.000     4.000     1.184
     3.000     4.000     2.000     1.000     2.000    -0.459
     3.000     3.000     3.000     3.000     2.000    -0.679
     4.000     4.000     4.000     1.000     3.000     0.541
     3.000     3.000     3.000     1.000     3.000    -0.308
     3.000     3.000     4.000     1.000     2.000    -0.318
     4.000     3.000     2.000     0.000     3.000     0.060
     4.000     3.000     4.000     0.000     4.000     0.701
     2.000     4.000     4.000     1.000     3.000    -0.403
     3.000     3.000     3.000     1.000     3.000    -0.308
     4.000     4.000     4.000     0.000     3.000     0.759
     3.000     3.000     2.000     0.000     4.000    -0.170
     3.000     4.000     4.000     1.000     3.000     0.050
     2.000     2.000     2.000     1.000     2.000    -1.224
     4.000     4.000     4.000     0.000     4.000     1.184
     4.000     4.000     4.000     0.000     4.000     1.184
     1.000     2.000     1.000     0.000     2.000    -1.711
     2.000     2.000     2.000     2.000     3.000    -1.130
     3.000     3.000     4.000     1.000     2.000    -0.318
     4.000     4.000     4.000     0.000     3.000     0.759
     3.000     3.000     3.000     1.000     3.000    -0.308
     3.000     4.000     3.000     0.000     2.000    -0.168
     3.000     4.000     3.000     1.000     2.000    -0.297
     3.000     0.000     2.000     4.000     4.000    -0.994
     4.000     4.000     4.000     1.000     4.000     0.850
     3.000     2.000     3.000     0.000     4.000    -0.187
     4.000     4.000     4.000     0.000     4.000     1.184
     4.000     4.000     4.000     2.000     2.000     0.191
     3.000     4.000     2.000     0.000     2.000    -0.331
     2.000     1.000     3.000     4.000     1.000    -1.681
     3.000     2.000     4.000     2.000     2.000    -0.605
     4.000     3.000     3.000     1.000     3.000     0.088
     3.000     4.000     2.000     2.000     2.000    -0.567
     4.000     1.000     4.000     0.000     3.000     0.029
     4.000     3.000     4.000     0.000     3.000     0.439
     4.000     4.000     4.000     0.000     4.000     1.184
     3.000     3.000     2.000     0.000     3.000    -0.340
     4.000     4.000     4.000     0.000     3.000     0.759
     3.000     2.000     3.000     2.000     1.000    -0.984
     4.000     4.000     3.000     0.000     2.000     0.265
     4.000     4.000     4.000     0.000     3.000     0.759
     3.000     3.000     3.000     0.000     3.000    -0.183
     4.000     4.000     2.000     0.000     4.000     0.511
     2.000     2.000     2.000     1.000     2.000    -1.224
     2.000     2.000     3.000     2.000     2.000    -1.167
     3.000     3.000     2.000     0.000     3.000    -0.340
     3.000     3.000     1.000     3.000     2.000    -1.003
     3.000     3.000     4.000     1.000     3.000    -0.141
     2.000     3.000     3.000     2.000     2.000    -0.993
     3.000     4.000     3.000     2.000     3.000    -0.227
     2.000     2.000     3.000     1.000     2.000    -1.064
     4.000     4.000     4.000     0.000     4.000     1.184
     4.000     4.000     4.000     0.000     2.000     0.500
     4.000     3.000     3.000     1.000     2.000    -0.085
     1.000     3.000     1.000     3.000     2.000    -1.812
     3.000     3.000     2.000     2.000     2.000    -0.754
     4.000     4.000     4.000     0.000     3.000     0.759
     3.000     1.000     4.000     1.000     2.000    -0.672
     4.000     4.000     2.000     1.000     2.000    -0.050
     4.000     3.000     1.000     1.000     4.000    -0.071
     3.000     3.000     3.000     1.000     2.000    -0.487
     2.000     2.000     2.000     1.000     2.000    -1.224
     3.000     3.000     3.000     2.000     2.000    -0.594
     3.000     3.000     3.000     1.000     4.000    -0.139
     2.000     2.000     2.000     3.000     2.000    -1.412
     3.000     3.000     3.000     1.000     2.000    -0.487
     2.000     2.000     2.000     2.000     2.000    -1.329
     3.000     2.000     3.000     2.000     2.000    -0.772
     2.000     2.000     2.000     1.000     2.000    -1.224
     2.000     3.000     3.000     1.000     2.000    -0.893
     2.000     2.000     2.000     1.000     2.000    -1.224
     3.000     3.000     2.000     3.000     2.000    -0.837
     3.000     3.000     3.000     0.000     3.000    -0.183
     3.000     1.000     3.000     2.000     2.000    -0.937
     3.000     2.000     3.000     1.000     2.000    -0.666
     3.000     4.000     2.000     2.000     2.000    -0.567
     2.000     2.000     1.000     2.000     2.000    -1.500
     3.000     3.000     3.000     1.000     2.000    -0.487
     4.000     2.000     2.000     2.000     2.000    -0.500
     4.000     4.000     4.000     0.000     3.000     0.759
     3.000     3.000     2.000     2.000     3.000    -0.569
     4.000     3.000     3.000     1.000     3.000     0.088
     3.000     3.000     3.000     2.000     3.000    -0.413
     3.000     3.000     3.000     1.000     3.000    -0.308
     3.000     2.000     3.000     1.000     3.000    -0.482
     4.000     4.000     4.000     0.000     4.000     1.184
     3.000     3.000     4.000     1.000     3.000    -0.141
     2.000     2.000     2.000     2.000     2.000    -1.329
     3.000     4.000     4.000     2.000     1.000    -0.468
     4.000     3.000     3.000     1.000     2.000    -0.085
     3.000     2.000     0.000     1.000     0.000    -1.530
     4.000     3.000     3.000     1.000     3.000     0.088
     4.000     3.000     3.000     0.000     3.000     0.228
     3.000     2.000     3.000     1.000     2.000    -0.666
     2.000     3.000     3.000     1.000     4.000    -0.566
     4.000     3.000     4.000     0.000     3.000     0.439
     4.000     2.000     4.000     1.000     4.000     0.280
     4.000     4.000     4.000     1.000     3.000     0.541
     4.000     4.000     4.000     0.000     3.000     0.759
     2.000     3.000     3.000     1.000     3.000    -0.719
     4.000     4.000     4.000     0.000     4.000     1.184
     2.000     2.000     3.000     2.000     2.000    -1.167
     4.000     4.000     4.000     1.000     4.000     0.850
     3.000     3.000     3.000     1.000     2.000    -0.487
     3.000     3.000     3.000     0.000     2.000    -0.361
     2.000     2.000     2.000     1.000     2.000    -1.224
     3.000     3.000     3.000     1.000     3.000    -0.308
     4.000     4.000     4.000     0.000     3.000     0.759
     2.000     3.000     3.000     0.000     2.000    -0.779
     4.000     4.000     4.000     0.000     4.000     1.184
     3.000     1.000     3.000     2.000     2.000    -0.937
