     3.000     1.000     1.000     3.000     0.607
     2.000     0.000     1.000     2.000     0.042
     0.000     3.000     2.000     1.000    -1.254
     1.000     2.000     0.000     0.000    -0.744
     1.000     1.000     1.000     1.000    -0.610
     2.000     2.000     1.000     2.000    -0.063
     2.000     1.000     0.000     1.000    -0.078
     3.000     1.000     1.000     4.000     0.841
     1.000     0.000     2.000     0.000    -0.846
     2.000     0.000     1.000     2.000     0.042
     2.000     1.000     2.000     2.000    -0.111
     2.000     1.000     0.000     3.000     0.293
     3.000     1.000     1.000     3.000     0.607
     3.000     1.000     1.000     3.000     0.607
     2.000     1.000     2.000     3.000     0.080
     1.000     3.000     4.000     2.000    -0.760
     3.000     1.000     3.000     3.000     0.433
     2.000     1.000     2.000     2.000    -0.111
     2.000     1.000     1.000     4.000     0.403
     3.000     3.000     1.000     3.000     0.522
     3.000     3.000     2.000     3.000     0.427
     2.000     2.000     2.000     3.000     0.034
     1.000     1.000     0.000     2.000    -0.326
     2.000     2.000     2.000     1.000    -0.332
     0.000     4.000     4.000     0.000    -1.794
     2.000     1.000     2.000     2.000    -0.111
     2.000     1.000     2.000     3.000     0.080
     0.000     0.000     1.000     1.000    -1.001
     3.000     0.000     1.000     3.000     0.667
     2.000     1.000     1.000     2.000    -0.017
     2.000     1.000     1.000     1.000    -0.193
     3.000     1.000     2.000     3.000     0.511
     3.000     1.000     1.000     3.000     0.607
     0.000     0.000     4.000     0.000    -1.542
     1.000     3.000     2.000     3.000    -0.425
     3.000     1.000     1.000     3.000     0.607
     1.000     2.000     2.000     2.000    -0.574
     2.000     2.000     1.000     1.000    -0.239
     4.000     2.000     0.000     2.000     0.945
     4.000     0.000     2.000     4.000     1.308
     3.000     2.000     2.000     2.000     0.271
     4.000     1.000     1.000     2.000     0.868
     3.000     4.000     1.000     3.000     0.483
     4.000     4.000     1.000     3.000     0.947
     2.000     1.000     2.000     4.000     0.307
     1.000     2.000     2.000     2.000    -0.574
     2.000     2.000     1.000     1.000    -0.239
     2.000     0.000     1.000     2.000     0.042
     3.000     0.000     0.000     3.000     0.789
     2.000     1.000     1.000     2.000    -0.017
     3.000     1.000     1.000     3.000     0.607
     4.000     0.000     0.000     3.000     1.284
     3.000     1.000     2.000     3.000     0.511
     1.000     1.000     1.000     1.000    -0.610
     4.000     2.000     1.000     2.000     0.819
     1.000     0.000     2.000     1.000    -0.644
     4.000     2.000     1.000     3.000     1.027
     2.000     3.000     3.000     0.000    -0.641
     3.000     2.000     1.000     4.000     0.792
     2.000     1.000     1.000     3.000     0.175
     3.000     1.000     1.000     3.000     0.607
     3.000     3.000     2.000     2.000     0.235
     2.000     0.000     0.000     2.000     0.158
     2.000     1.000     2.000     3.000     0.080
     1.000     1.000     1.000     2.000    -0.437
     3.000     2.000     0.000     2.000     0.482
     3.000     1.000     1.000     2.000     0.412
     0.000     2.000     0.000     0.000    -1.229
     2.000     1.000     2.000     3.000     0.080
     2.000     1.000     2.000     1.000    -0.286
     1.000     2.000     0.000     4.000     0.036
     2.000     1.000     0.000     1.000    -0.078
     0.000     0.000     3.000     2.000    -0.992
     1.000     2.000     1.000     1.000    -0.655
     1.000     2.000     2.000     2.000    -0.574
     3.000     1.000     1.000     3.000     0.607
     2.000     4.000     0.000     3.000     0.168
     1.000     1.000     1.000     2.000    -0.437
     0.000     0.000     0.000     4.000    -0.292
     1.000     1.000     1.000     1.000    -0.610
     1.000     1.000     2.000     1.000    -0.701
     1.000     2.000     2.000     1.000    -0.746
     2.000     0.000     2.000     2.000    -0.052
     1.000     0.000     1.000     1.000    -0.553
     2.000     1.000     3.000     2.000    -0.187
     3.000     1.000     1.000     4.000     0.841
     1.000     1.000     1.000     3.000    -0.251
     3.000     3.000     2.000     2.000     0.235
     1.000     1.000     4.000     1.000    -0.851
     4.000     0.000     0.000     3.000     1.284
     0.000     1.000     3.000     1.000    -1.246
     1.000     1.000     1.000     2.000    -0.437
     2.000     3.000     2.000     3.000    -0.004
     2.000     1.000     2.000     1.000    -0.286
     3.000     1.000     1.000     3.000     0.607
     1.000     1.000     3.000     2.000    -0.603
     3.000     1.000     1.000     3.000     0.607
     2.000     0.000     2.000     0.000    -0.423
     3.000     1.000     1.000     3.000     0.607
     3.000     2.000     2.000     2.000     0.271
     1.000     3.000     1.000     0.000    -0.894
     1.000     2.000     4.000     1.000    -0.897
     2.000     1.000     1.000     3.000     0.175
     1.000     3.000     2.000     2.000    -0.610
     1.000     1.000     1.000     1.000    -0.610
     2.000     1.000     2.000     3.000     0.080
     1.000     2.000     1.000     1.000    -0.655
     0.000     2.000     4.000     0.000    -1.681
     2.000     0.000     1.000     2.000     0.042
     0.000     0.000     1.000     0.000    -1.238
     1.000     0.000     0.000     0.000    -0.639
     2.000     0.000     0.000     4.000     0.583
     0.000     1.000     1.000     2.000    -0.877
     2.000     2.000     1.000     3.000     0.129
     1.000     0.000     0.000     1.000    -0.442
     1.000     1.000     1.000     1.000    -0.610
     1.000     0.000     0.000     1.000    -0.442
     2.000     0.000     0.000     2.000     0.158
     0.000     3.000     3.000     0.000    -1.619
     1.000     1.000     0.000     1.000    -0.499
     3.000     1.000     0.000     3.000     0.727
     1.000     3.000     0.000     2.000    -0.408
     3.000     2.000     1.000     3.000     0.560
     3.000     1.000     1.000     2.000     0.412
     2.000     0.000     0.000     3.000     0.353
     4.000     0.000     0.000     4.000     1.591
     1.000     0.000     1.000     0.000    -0.752
     0.000     2.000     0.000     0.000    -1.229
     2.000     1.000     2.000     2.000    -0.111
     1.000     1.000     1.000     1.000    -0.610
     0.000     2.000     0.000     3.000    -0.618
     2.000     1.000     1.000     2.000    -0.017
     4.000     2.000     0.000     3.000     1.162
     2.000     1.000     1.000     3.000     0.175
     1.000     2.000     1.000     1.000    -0.655
     3.000     2.000     1.000     2.000     0.365
     1.000     2.000     3.000     2.000    -0.648
     0.000     1.000     0.000     0.000    -1.176
     2.000     2.000     2.000     4.000     0.260
     1.000     1.000     2.000     1.000    -0.701
     1.000     2.000     3.000     2.000    -0.648
     3.000     0.000     0.000     3.000     0.789
     2.000     2.000     1.000     1.000    -0.239
     3.000     1.000     1.000     3.000     0.607
     2.000     1.000     2.000     2.000    -0.111
     2.000     1.000     0.000     3.000     0.293
     2.000     1.000     1.000     2.000    -0.017
     0.000     3.000     1.000     1.000    -1.152
     4.000     0.000     0.000     4.000     1.591
     2.000     2.000     0.000     4.000     0.475
     1.000     2.000     3.000     1.000    -0.820
     3.000     0.000     0.000     2.000     0.589
     2.000     0.000     1.000     1.000    -0.134
     1.000     1.000     2.000     0.000    -0.904
     3.000     2.000     0.000     4.000     0.917
     1.000     2.000     1.000     3.000    -0.296
     2.000     0.000     1.000     2.000     0.042
     2.000     2.000     0.000     2.000     0.052
     3.000     1.000     0.000     4.000     0.966
     2.000     0.000     3.000     4.000     0.289
     1.000     2.000     2.000     1.000    -0.746
     2.000     1.000     1.000     2.000    -0.017
     0.000     1.000     1.000     0.000    -1.305
     3.000     2.000     1.000     4.000     0.792
     3.000     4.000     1.000     4.000     0.715
     2.000     1.000     0.000     4.000     0.522
     4.000     1.000     0.000     3.000     1.215
     1.000     1.000     2.000     1.000    -0.701
     3.000     0.000     0.000     3.000     0.789
     2.000     0.000     2.000     3.000     0.139
     4.000     1.000     2.000     4.000     1.236
     3.000     1.000     1.000     3.000     0.607
     2.000     2.000     2.000     1.000    -0.332
     3.000     0.000     0.000     4.000     1.029
     4.000     0.000     0.000     2.000     1.060
     1.000     3.000     1.000     3.000    -0.333
     4.000     0.000     2.000     0.000     0.467
     0.000     0.000     2.000     4.000    -0.496
     4.000     3.000     0.000     1.000     0.723
     1.000     1.000     1.000     4.000    -0.031
     0.000     1.000     3.000     0.000    -1.511
     2.000     1.000     1.000     2.000    -0.017
     4.000     0.000     1.000     2.000     0.930
     2.000     1.000     1.000     3.000     0.175
     3.000     1.000     0.000     4.000     0.966
     1.000     4.000     0.000     0.000    -0.823
     3.000     2.000     1.000     3.000     0.560
     1.000     1.000     1.000     1.000    -0.610
     2.000     1.000     0.000     3.000     0.293
     2.000     2.000     2.000     3.000     0.034
     2.000     2.000     1.000     2.000    -0.063
     2.000     1.000     1.000     2.000    -0.017
     2.000     1.000     1.000     1.000    -0.193
     2.000     1.000     0.000     3.000     0.293
     1.000     1.000     1.000     3.000    -0.251
     1.000     2.000     1.000     2.000    -0.482
     1.000     2.000     2.000     1.000    -0.746
     0.000     2.000     3.000     0.000    -1.570
     2.000     1.000     1.000     2.000    -0.017
     3.000     1.000     0.000     4.000     0.966
     3.000     0.000     1.000     4.000     0.903
     2.000     1.000     0.000     3.000     0.293
     3.000     0.000     1.000     3.000     0.667
     2.000     0.000     0.000     3.000     0.353
     0.000     3.000     3.000     1.000    -1.339
     3.000     1.000     3.000     4.000     0.663
     1.000     0.000     1.000     1.000    -0.553
     1.000     2.000     1.000     0.000    -0.857
     2.000     1.000     1.000     1.000    -0.193
     2.000     1.000     3.000     1.000    -0.362
     1.000     2.000     1.000     2.000    -0.482
     2.000     0.000     0.000     2.000     0.158
     2.000     0.000     1.000     0.000    -0.329
     4.000     1.000     0.000     2.000     0.995
     0.000     3.000     2.000     1.000    -1.254
     4.000     1.000     1.000     3.000     1.078
     1.000     1.000     1.000     2.000    -0.437
     1.000     3.000     2.000     2.000    -0.610
     4.000     0.000     0.000     3.000     1.284
     4.000     4.000     0.000     0.000     0.497
     2.000     1.000     1.000     1.000    -0.193
     2.000     1.000     1.000     2.000    -0.017
     2.000     1.000     0.000     2.000     0.098
     2.000     2.000     0.000     3.000     0.246
     1.000     1.000     1.000     2.000    -0.437
     4.000     1.000     0.000     4.000     1.510
     0.000     0.000     1.000     0.000    -1.238
     0.000     1.000     0.000     0.000    -1.176
     2.000     1.000     2.000     1.000    -0.286
     2.000     0.000     0.000     3.000     0.353
     3.000     3.000     1.000     2.000     0.329
     0.000     0.000     0.000     2.000    -0.703
     3.000     0.000     2.000     3.000     0.571
     1.000     1.000     1.000     0.000    -0.811
     2.000     2.000     1.000     3.000     0.129
     4.000     2.000     1.000     3.000     1.027
     1.000     2.000     4.000     3.000    -0.538
     3.000     1.000     1.000     3.000     0.607
     3.000     1.000     0.000     4.000     0.966
     0.000     0.000     1.000     2.000    -0.817
     4.000     0.000     0.000     4.000     1.591
     2.000     0.000     1.000     0.000    -0.329
     3.000     1.000     1.000     1.000     0.237
     3.000     0.000     0.000     3.000     0.789
     1.000     1.000     3.000     1.000    -0.775
     2.000     1.000     1.000     2.000    -0.017
     0.000     1.000     1.000     0.000    -1.305
     2.000     0.000     0.000     2.000     0.158
     2.000     2.000     1.000     2.000    -0.063
     1.000     3.000     3.000     1.000    -0.857
     4.000     0.000     0.000     4.000     1.591
     3.000     1.000     2.000     3.000     0.511
     3.000     2.000     1.000     2.000     0.365
     2.000     0.000     0.000     3.000     0.353
     3.000     0.000     2.000     3.000     0.571
     2.000     2.000     0.000     2.000     0.052
     3.000     1.000     0.000     2.000     0.529
     4.000     1.000     1.000     4.000     1.351
     3.000     2.000     0.000     1.000     0.306
     2.000     2.000     2.000     1.000    -0.332
     3.000     0.000     0.000     2.000     0.589
     0.000     1.000     2.000     1.000    -1.162
     4.000     1.000     1.000     4.000     1.351
     1.000     1.000     1.000     1.000    -0.610
     2.000     0.000     1.000     2.000     0.042
     4.000     0.000     0.000     3.000     1.284
     2.000     1.000     1.000     3.000     0.175
     2.000     2.000     2.000     2.000    -0.157
     3.000     1.000     1.000     3.000     0.607
     3.000     0.000     0.000     2.000     0.589
     3.000     1.000     1.000     3.000     0.607
     1.000     1.000     2.000     1.000    -0.701
     3.000     3.000     1.000     3.000     0.522
     0.000     3.000     0.000     3.000    -0.656
     2.000     3.000     0.000     3.000     0.208
     2.000     1.000     2.000     3.000     0.080
     4.000     0.000     0.000     2.000     1.060
     2.000     0.000     1.000     0.000    -0.329
     0.000     3.000     4.000     3.000    -1.027
     0.000     1.000     2.000     2.000    -0.973
     2.000     4.000     2.000     1.000    -0.408
     3.000     0.000     3.000     2.000     0.300
     2.000     2.000     1.000     2.000    -0.063
     3.000     3.000     3.000     1.000    -0.013
     4.000     0.000     0.000     3.000     1.284
     4.000     4.000     1.000     4.000     1.207
     3.000     1.000     1.000     2.000     0.412
     4.000     1.000     0.000     4.000     1.510
     1.000     1.000     1.000     2.000    -0.437
     0.000     1.000     0.000     1.000    -0.944
     2.000     2.000     0.000     1.000    -0.125
     2.000     1.000     1.000     3.000     0.175
     2.000     1.000     1.000     3.000     0.175
     1.000     1.000     1.000     1.000    -0.610
     1.000     2.000     2.000     1.000    -0.746
     2.000     2.000     0.000     2.000     0.052
     0.000     2.000     0.000     0.000    -1.229
     0.000     2.000     0.000     3.000    -0.618
     2.000     2.000     2.000     3.000     0.034
     3.000     1.000     1.000     3.000     0.607
     1.000     2.000     3.000     3.000    -0.463
     4.000     0.000     0.000     0.000     0.681
     4.000     0.000     0.000     4.000     1.591
     1.000     2.000     2.000     2.000    -0.574
     1.000     1.000     3.000     3.000    -0.418
     1.000     1.000     2.000     1.000    -0.701
     4.000     0.000     1.000     3.000     1.144
     3.000     2.000     1.000     3.000     0.560
     3.000     1.000     1.000     3.000     0.607
     0.000     0.000     2.000     0.000    -1.347
     3.000     2.000     2.000     4.000     0.694
     2.000     1.000     1.000     3.000     0.175
     2.000     1.000     2.000     3.000     0.080
     3.000     1.000     2.000     3.000     0.511
     3.000     3.000     1.000     1.000     0.155
     3.000     3.000     2.000     2.000     0.235
     0.000     1.000     1.000     2.000    -0.877
     2.000     2.000     2.000     2.000    -0.157
     1.000     2.000     2.000     2.000    -0.574
     2.000     0.000     0.000     2.000     0.158
     1.000     1.000     1.000     2.000    -0.437
     1.000     1.000     2.000     2.000    -0.528
     3.000     0.000     1.000     3.000     0.667
     2.000     2.000     3.000     4.000     0.182
     3.000     1.000     2.000     2.000     0.317
     1.000     1.000     1.000     1.000    -0.610
     1.000     3.000     3.000     3.000    -0.500
     1.000     2.000     2.000     0.000    -0.950
     2.000     2.000     2.000     1.000    -0.332
     2.000     2.000     1.000     3.000     0.129
     2.000     1.000     0.000     1.000    -0.078
     2.000     1.000     1.000     2.000    -0.017
     2.000     2.000     2.000     2.000    -0.157
     2.000     1.000     1.000     2.000    -0.017
     3.000     1.000     1.000     3.000     0.607
     4.000     0.000     2.000     2.000     0.830
     3.000     1.000     0.000     1.000     0.353
     3.000     2.000     2.000     2.000     0.271
     0.000     2.000     2.000     1.000    -1.213
     3.000     1.000     1.000     3.000     0.607
     0.000     0.000     1.000     2.000    -0.817
     1.000     1.000     1.000     2.000    -0.437
     1.000     1.000     0.000     1.000    -0.499
     2.000     1.000     1.000     2.000    -0.017
     3.000     4.000     1.000     2.000     0.290
     2.000     0.000     0.000     3.000     0.353
     0.000     1.000     0.000     3.000    -0.572
     2.000     0.000     0.000     2.000     0.158
     3.000     1.000     1.000     3.000     0.607
     3.000     1.000     1.000     2.000     0.412
     3.000     0.000     2.000     2.000     0.376
     2.000     2.000     0.000     2.000     0.052
     2.000     0.000     4.000     2.000    -0.203
     1.000     0.000     1.000     1.000    -0.553
     2.000     1.000     1.000     2.000    -0.017
     2.000     1.000     1.000     2.000    -0.017
     2.000     3.000     3.000     2.000    -0.270
     2.000     0.000     1.000     3.000     0.235
     2.000     0.000     2.000     1.000    -0.228
     1.000     0.000     1.000     1.000    -0.553
     3.000     2.000     1.000     2.000     0.365
