     3.000     3.000     3.000     0.213
     3.000     3.000     3.000     0.213
     3.000     3.000     3.000     0.213
     4.000     4.000     3.000     1.016
     3.000     3.000     3.000     0.213
     3.000     3.000     3.000     0.213
     4.000     4.000     4.000     1.277
     3.000     3.000     4.000     0.397
     2.000     2.000     4.000    -0.356
     3.000     3.000     3.000     0.213
     3.000     3.000     3.000     0.213
     2.000     2.000     3.000    -0.533
     3.000     2.000     3.000    -0.221
     3.000     2.000     1.000    -0.552
     2.000     1.000     2.000    -1.170
     3.000     4.000     3.000     0.655
     3.000     3.000     3.000     0.213
     4.000     4.000     4.000     1.277
     3.000     2.000     2.000    -0.385
     2.000     3.000     1.000    -0.422
     3.000     3.000     3.000     0.213
     4.000     3.000     4.000     0.740
     4.000     4.000     3.000     1.016
     3.000     3.000     3.000     0.213
     2.000     2.000     0.000    -1.056
     3.000     3.000     3.000     0.213
     3.000     3.000     2.000     0.044
     3.000     2.000     2.000    -0.385
     3.000     2.000     2.000    -0.385
     2.000     2.000     2.000    -0.703
     4.000     3.000     3.000     0.551
     3.000     3.000     3.000     0.213
     2.000     1.000     2.000    -1.170
     4.000     4.000     4.000     1.277
     3.000     3.000     3.000     0.213
     3.000     3.000     3.000     0.213
     3.000     3.000     3.000     0.213
     3.000     3.000     3.000     0.213
     2.000     2.000     1.000    -0.874
     0.000     1.000     1.000    -1.868
     2.000     2.000     2.000    -0.703
     2.000     2.000     3.000    -0.533
     4.000     3.000     4.000     0.740
     3.000     3.000     3.000     0.213
     4.000     3.000     4.000     0.740
     2.000     2.000     2.000    -0.703
     2.000     3.000     1.000    -0.422
     3.000     4.000     4.000     0.837
     3.000     4.000     2.000     0.497
     3.000     3.000     3.000     0.213
     3.000     2.000     2.000    -0.385
     2.000     1.000     1.000    -1.323
     2.000     2.000     1.000    -0.874
     3.000     2.000     3.000    -0.221
     4.000     2.000     2.000    -0.048
     4.000     2.000     2.000    -0.048
     4.000     3.000     1.000     0.213
     2.000     2.000     0.000    -1.056
     3.000     3.000     3.000     0.213
     4.000     3.000     1.000     0.213
     2.000     2.000     2.000    -0.703
     2.000     2.000     2.000    -0.703
     3.000     3.000     3.000     0.213
     4.000     4.000     4.000     1.277
     3.000     3.000     3.000     0.213
     2.000     2.000     2.000    -0.703
     2.000     3.000     2.000    -0.269
     3.000     4.000     4.000     0.837
     3.000     3.000     3.000     0.213
     2.000     2.000     2.000    -0.703
     4.000     4.000     3.000     1.016
     3.000     3.000     3.000     0.213
     3.000     2.000     1.000    -0.552
     4.000     4.000     4.000     1.277
     4.000     2.000     2.000    -0.048
     4.000     3.000     2.000     0.381
     1.000     2.000     2.000    -1.016
     1.000     2.000     2.000    -1.016
     4.000     4.000     4.000     1.277
     3.000     2.000     2.000    -0.385
     3.000     3.000     3.000     0.213
     2.000     2.000     3.000    -0.533
     4.000     4.000     3.000     1.016
     3.000     3.000     2.000     0.044
     4.000     3.000     3.000     0.551
     3.000     3.000     2.000     0.044
     2.000     2.000     1.000    -0.874
     3.000     3.000     2.000     0.044
     4.000     4.000     3.000     1.016
     4.000     3.000     3.000     0.551
     3.000     3.000     4.000     0.397
     3.000     3.000     2.000     0.044
     3.000     2.000     2.000    -0.385
     3.000     2.000     1.000    -0.552
     3.000     3.000     3.000     0.213
     2.000     3.000     2.000    -0.269
     3.000     3.000     2.000     0.044
     3.000     3.000     4.000     0.397
     3.000     3.000     3.000     0.213
     2.000     2.000     2.000    -0.703
     3.000     2.000     2.000    -0.385
     2.000     1.000     3.000    -1.018
     3.000     2.000     2.000    -0.385
     2.000     3.000     3.000    -0.113
     2.000     3.000     3.000    -0.113
     3.000     3.000     2.000     0.044
     3.000     3.000     3.000     0.213
     4.000     4.000     4.000     1.277
     4.000     3.000     2.000     0.381
     3.000     3.000     3.000     0.213
     1.000     2.000     1.000    -1.177
     2.000     3.000     2.000    -0.269
     1.000     1.000     2.000    -1.436
     2.000     2.000     2.000    -0.703
     3.000     3.000     3.000     0.213
     2.000     2.000     2.000    -0.703
     2.000     3.000     4.000     0.058
     4.000     2.000     3.000     0.101
     2.000     4.000     1.000     0.048
     2.000     2.000     3.000    -0.533
     3.000     3.000     1.000    -0.123
     4.000     4.000     4.000     1.277
     4.000     4.000     4.000     1.277
     4.000     3.000     4.000     0.740
     4.000     4.000     4.000     1.277
     4.000     4.000     4.000     1.277
     2.000     2.000     2.000    -0.703
     2.000     2.000     4.000    -0.356
     2.000     2.000     2.000    -0.703
     1.000     3.000     2.000    -0.565
     4.000     3.000     2.000     0.381
     2.000     2.000     3.000    -0.533
     3.000     2.000     3.000    -0.221
     1.000     1.000     1.000    -1.592
     4.000     4.000     4.000     1.277
     2.000     2.000     2.000    -0.703
     2.000     1.000     1.000    -1.323
     3.000     4.000     3.000     0.655
     4.000     4.000     4.000     1.277
     4.000     4.000     4.000     1.277
     4.000     4.000     3.000     1.016
     3.000     4.000     3.000     0.655
     3.000     3.000     3.000     0.213
     3.000     3.000     3.000     0.213
     1.000     2.000     2.000    -1.016
     3.000     2.000     3.000    -0.221
     3.000     3.000     4.000     0.397
     3.000     2.000     3.000    -0.221
     3.000     3.000     3.000     0.213
     4.000     4.000     3.000     1.016
     2.000     2.000     2.000    -0.703
     3.000     3.000     3.000     0.213
     4.000     3.000     3.000     0.551
     4.000     4.000     3.000     1.016
     2.000     3.000     2.000    -0.269
     2.000     2.000     2.000    -0.703
     3.000     2.000     1.000    -0.552
     2.000     2.000     2.000    -0.703
     3.000     4.000     3.000     0.655
     3.000     4.000     4.000     0.837
     1.000     1.000     2.000    -1.436
     2.000     3.000     2.000    -0.269
     4.000     4.000     4.000     1.277
     4.000     3.000     3.000     0.551
     4.000     3.000     3.000     0.551
     3.000     4.000     3.000     0.655
     3.000     3.000     3.000     0.213
     4.000     4.000     3.000     1.016
     4.000     3.000     1.000     0.213
     4.000     2.000     3.000     0.101
     3.000     4.000     4.000     0.837
     4.000     3.000     3.000     0.551
     2.000     2.000     2.000    -0.703
     4.000     3.000     4.000     0.740
     3.000     3.000     4.000     0.397
     3.000     4.000     3.000     0.655
     3.000     2.000     2.000    -0.385
     4.000     4.000     4.000     1.277
     4.000     4.000     4.000     1.277
     4.000     4.000     4.000     1.277
     3.000     4.000     2.000     0.497
     3.000     3.000     3.000     0.213
     3.000     2.000     3.000    -0.221
     4.000     4.000     3.000     1.016
     3.000     3.000     2.000     0.044
     3.000     3.000     2.000     0.044
     3.000     3.000     2.000     0.044
     2.000     2.000     2.000    -0.703
     4.000     3.000     3.000     0.551
     3.000     3.000     2.000     0.044
     3.000     3.000     3.000     0.213
     4.000     4.000     4.000     1.277
     1.000     2.000     3.000    -0.851
     3.000     2.000     2.000    -0.385
     3.000     3.000     3.000     0.213
     3.000     3.000     3.000     0.213
     4.000     3.000     4.000     0.740
     4.000     4.000     4.000     1.277
     3.000     4.000     2.000     0.497
     2.000     2.000     2.000    -0.703
     3.000     3.000     1.000    -0.123
     2.000     3.000     4.000     0.058
     3.000     2.000     1.000    -0.552
     2.000     2.000     1.000    -0.874
     2.000     1.000     3.000    -1.018
     4.000     4.000     4.000     1.277
     4.000     3.000     4.000     0.740
     2.000     1.000     1.000    -1.323
     3.000     3.000     2.000     0.044
     1.000     2.000     2.000    -1.016
     3.000     3.000     3.000     0.213
     4.000     4.000     3.000     1.016
     3.000     3.000     2.000     0.044
     4.000     3.000     2.000     0.381
     1.000     2.000     2.000    -1.016
     2.000     2.000     3.000    -0.533
     3.000     1.000     3.000    -0.743
     3.000     3.000     2.000     0.044
     2.000     3.000     2.000    -0.269
     3.000     4.000     2.000     0.497
     3.000     3.000     3.000     0.213
     3.000     3.000     3.000     0.213
     4.000     3.000     4.000     0.740
     2.000     2.000     2.000    -0.703
     0.000     1.000     1.000    -1.868
     4.000     2.000     4.000     0.261
     4.000     4.000     4.000     1.277
     2.000     2.000     2.000    -0.703
     3.000     3.000     4.000     0.397
     4.000     4.000     4.000     1.277
     2.000     2.000     1.000    -0.874
     4.000     4.000     3.000     1.016
     3.000     3.000     2.000     0.044
     3.000     2.000     1.000    -0.552
     4.000     4.000     3.000     1.016
     2.000     2.000     3.000    -0.533
     3.000     2.000     3.000    -0.221
     4.000     3.000     2.000     0.381
     4.000     4.000     3.000     1.016
     3.000     4.000     2.000     0.497
     2.000     2.000     0.000    -1.056
     3.000     3.000     3.000     0.213
     1.000     3.000     3.000    -0.421
     3.000     3.000     3.000     0.213
     4.000     4.000     1.000     0.651
     3.000     3.000     2.000     0.044
     3.000     2.000     2.000    -0.385
     4.000     4.000     4.000     1.277
     3.000     4.000     4.000     0.837
     1.000     1.000     3.000    -1.283
     2.000     1.000     4.000    -0.859
     3.000     2.000     3.000    -0.221
     3.000     2.000     1.000    -0.552
     3.000     3.000     3.000     0.213
     3.000     3.000     3.000     0.213
     2.000     2.000     4.000    -0.356
     4.000     4.000     4.000     1.277
     3.000     3.000     3.000     0.213
     3.000     2.000     3.000    -0.221
     4.000     4.000     2.000     0.825
     3.000     2.000     2.000    -0.385
     2.000     4.000     2.000     0.191
     3.000     2.000     2.000    -0.385
     1.000     3.000     1.000    -0.706
     3.000     3.000     3.000     0.213
     3.000     3.000     4.000     0.397
     2.000     2.000     1.000    -0.874
     2.000     2.000     2.000    -0.703
     2.000     2.000     2.000    -0.703
     4.000     3.000     3.000     0.551
     3.000     3.000     3.000     0.213
     2.000     3.000     2.000    -0.269
     3.000     3.000     3.000     0.213
     2.000     3.000     3.000    -0.113
     3.000     3.000     3.000     0.213
     2.000     3.000     4.000     0.058
     3.000     3.000     2.000     0.044
     4.000     3.000     2.000     0.381
     4.000     3.000     3.000     0.551
     3.000     1.000     2.000    -0.887
     2.000     2.000     2.000    -0.703
     3.000     3.000     3.000     0.213
     2.000     1.000     2.000    -1.170
     2.000     2.000     2.000    -0.703
     4.000     4.000     4.000     1.277
     4.000     3.000     2.000     0.381
     2.000     2.000     3.000    -0.533
     4.000     3.000     3.000     0.551
     3.000     3.000     2.000     0.044
     3.000     3.000     4.000     0.397
     4.000     3.000     3.000     0.551
     3.000     1.000     1.000    -1.031
     3.000     2.000     2.000    -0.385
     2.000     2.000     2.000    -0.703
     0.000     2.000     1.000    -1.437
     2.000     2.000     2.000    -0.703
     4.000     3.000     3.000     0.551
     1.000     1.000     2.000    -1.436
     3.000     1.000     2.000    -0.887
     4.000     3.000     3.000     0.551
     2.000     2.000     1.000    -0.874
     4.000     4.000     4.000     1.277
     4.000     4.000     0.000     0.479
     3.000     3.000     2.000     0.044
     1.000     1.000     1.000    -1.592
     3.000     4.000     2.000     0.497
     4.000     4.000     4.000     1.277
     3.000     3.000     2.000     0.044
     3.000     3.000     3.000     0.213
     3.000     3.000     2.000     0.044
     2.000     2.000     3.000    -0.533
     2.000     2.000     1.000    -0.874
     2.000     2.000     2.000    -0.703
     3.000     4.000     3.000     0.655
     1.000     3.000     2.000    -0.565
     3.000     2.000     2.000    -0.385
     1.000     2.000     1.000    -1.177
     2.000     2.000     1.000    -0.874
     2.000     2.000     2.000    -0.703
     1.000     2.000     1.000    -1.177
     1.000     2.000     2.000    -1.016
     2.000     2.000     1.000    -0.874
     2.000     3.000     3.000    -0.113
     3.000     3.000     2.000     0.044
     3.000     3.000     3.000     0.213
     3.000     2.000     2.000    -0.385
     2.000     2.000     1.000    -0.874
     2.000     2.000     1.000    -0.874
     3.000     3.000     3.000     0.213
     3.000     3.000     3.000     0.213
     3.000     2.000     2.000    -0.385
     2.000     3.000     2.000    -0.269
     2.000     3.000     3.000    -0.113
     3.000     2.000     3.000    -0.221
     2.000     2.000     3.000    -0.533
     2.000     2.000     2.000    -0.703
     3.000     4.000     3.000     0.655
     2.000     1.000     2.000    -1.170
     3.000     2.000     1.000    -0.552
     3.000     2.000     2.000    -0.385
     0.000     0.000     0.000    -2.544
     3.000     3.000     3.000     0.213
     3.000     3.000     3.000     0.213
     3.000     3.000     3.000     0.213
     3.000     2.000     2.000    -0.385
     3.000     3.000     4.000     0.397
     3.000     2.000     0.000    -0.733
     4.000     3.000     3.000     0.551
     4.000     4.000     4.000     1.277
     4.000     3.000     3.000     0.551
     4.000     4.000     4.000     1.277
     3.000     2.000     3.000    -0.221
     3.000     3.000     3.000     0.213
     2.000     2.000     2.000    -0.703
     3.000     3.000     3.000     0.213
     2.000     2.000     2.000    -0.703
     3.000     2.000     2.000    -0.385
     3.000     2.000     3.000    -0.221
     2.000     2.000     1.000    -0.874
     4.000     4.000     4.000     1.277
     4.000     2.000     2.000    -0.048
