     4.000     4.000     4.000     3.000     3.000     0.815
     3.000     4.000     4.000     3.000     1.000     0.336
     4.000     3.000     4.000     3.000     3.000     0.289
     3.000     4.000     3.000     1.000     2.000    -0.027
     2.000     4.000     4.000     1.000     3.000     0.132
     3.000     4.000     3.000     1.000     2.000    -0.027
     3.000     3.000     4.000     1.000     2.000    -0.129
     3.000     3.000     3.000     1.000     2.000    -0.463
     4.000     3.000     3.000     2.000     2.000    -0.161
     3.000     4.000     4.000     3.000     3.000     0.567
     3.000     3.000     4.000     3.000     3.000     0.154
     3.000     3.000     3.000     2.000     2.000    -0.347
     4.000     3.000     3.000     1.000     2.000    -0.266
     4.000     4.000     4.000     3.000     2.000     0.644
     3.000     2.000     3.000     1.000     1.000    -0.942
     3.000     3.000     2.000     3.000     3.000    -0.504
     4.000     3.000     3.000     2.000     2.000    -0.161
     4.000     4.000     4.000     3.000     2.000     0.644
     3.000     3.000     3.000     1.000     3.000    -0.350
     3.000     4.000     4.000     2.000     2.000     0.316
     3.000     3.000     3.000     2.000     2.000    -0.347
     3.000     3.000     3.000     2.000     2.000    -0.347
     3.000     3.000     3.000     3.000     3.000    -0.115
     4.000     4.000     4.000     3.000     2.000     0.644
     3.000     3.000     4.000     2.000     2.000    -0.035
     3.000     4.000     3.000     2.000     2.000     0.058
     3.000     3.000     3.000     2.000     2.000    -0.347
     3.000     3.000     3.000     2.000     2.000    -0.347
     2.000     4.000     4.000     3.000     3.000     0.331
     3.000     3.000     3.000     1.000     2.000    -0.463
     4.000     3.000     4.000     1.000     1.000    -0.067
     3.000     3.000     3.000     3.000     2.000    -0.218
     4.000     3.000     4.000     1.000     2.000     0.019
     3.000     4.000     4.000     3.000     3.000     0.567
     4.000     4.000     4.000     3.000     2.000     0.644
     2.000     3.000     3.000     2.000     2.000    -0.539
     3.000     4.000     3.000     1.000     3.000     0.054
     3.000     3.000     3.000     2.000     1.000    -0.458
     3.000     4.000     4.000     3.000     3.000     0.567
     3.000     3.000     3.000     3.000     3.000    -0.115
     4.000     3.000     4.000     3.000     3.000     0.289
     2.000     3.000     4.000     3.000     2.000    -0.101
     3.000     4.000     3.000     2.000     3.000     0.142
     3.000     4.000     3.000     3.000     2.000     0.159
     2.000     3.000     2.000     3.000     3.000    -0.653
     3.000     3.000     3.000     2.000     2.000    -0.347
     3.000     4.000     4.000     3.000     3.000     0.567
     3.000     3.000     3.000     1.000     2.000    -0.463
     3.000     3.000     3.000     2.000     2.000    -0.347
     3.000     4.000     4.000     3.000     3.000     0.567
     2.000     2.000     3.000     3.000     2.000    -0.823
     3.000     3.000     3.000     3.000     3.000    -0.115
     3.000     3.000     4.000     3.000     3.000     0.154
     3.000     4.000     4.000     2.000     3.000     0.419
     4.000     4.000     4.000     3.000     3.000     0.815
     4.000     4.000     4.000     3.000     2.000     0.644
     3.000     3.000     3.000     3.000     1.000    -0.326
     3.000     3.000     3.000     1.000     2.000    -0.463
     4.000     4.000     4.000     3.000     3.000     0.815
     3.000     4.000     3.000     2.000     1.000    -0.024
     4.000     4.000     4.000     3.000     3.000     0.815
     3.000     4.000     3.000     2.000     2.000     0.058
     3.000     3.000     2.000     2.000     1.000    -0.782
     3.000     4.000     4.000     3.000     3.000     0.567
     3.000     3.000     3.000     2.000     3.000    -0.236
     3.000     3.000     3.000     2.000     1.000    -0.458
     4.000     3.000     3.000     2.000     2.000    -0.161
     3.000     3.000     2.000     2.000     3.000    -0.610
     3.000     3.000     3.000     2.000     2.000    -0.347
     4.000     3.000     3.000     3.000     2.000    -0.049
     4.000     3.000     3.000     1.000     1.000    -0.371
     4.000     4.000     4.000     3.000     2.000     0.644
     3.000     4.000     4.000     2.000     2.000     0.316
     3.000     3.000     4.000     2.000     3.000     0.052
     2.000     3.000     2.000     2.000     1.000    -0.904
     3.000     3.000     4.000     2.000     1.000    -0.125
     3.000     3.000     3.000     2.000     2.000    -0.347
     4.000     3.000     3.000     2.000     3.000    -0.065
     4.000     4.000     4.000     3.000     3.000     0.815
     3.000     3.000     3.000     2.000     2.000    -0.347
     4.000     4.000     4.000     3.000     3.000     0.815
     3.000     3.000     3.000     1.000     2.000    -0.463
     3.000     3.000     3.000     2.000     2.000    -0.347
     4.000     4.000     4.000     2.000     3.000     0.610
     3.000     4.000     4.000     3.000     3.000     0.567
     3.000     4.000     4.000     3.000     2.000     0.444
     3.000     4.000     4.000     3.000     2.000     0.444
     3.000     3.000     3.000     2.000     2.000    -0.347
     3.000     3.000     3.000     2.000     2.000    -0.347
     3.000     4.000     2.000     3.000     2.000    -0.180
     3.000     4.000     3.000     2.000     2.000     0.058
     4.000     4.000     3.000     3.000     3.000     0.395
     3.000     3.000     3.000     3.000     3.000    -0.115
     3.000     3.000     3.000     2.000     2.000    -0.347
     4.000     4.000     3.000     3.000     3.000     0.395
     3.000     4.000     4.000     3.000     3.000     0.567
     3.000     4.000     4.000     3.000     3.000     0.567
     3.000     3.000     3.000     2.000     2.000    -0.347
     3.000     3.000     3.000     1.000     2.000    -0.463
     2.000     3.000     3.000     1.000     3.000    -0.540
     3.000     2.000     2.000     2.000     1.000    -1.066
     3.000     4.000     3.000     2.000     2.000     0.058
     4.000     4.000     4.000     3.000     1.000     0.509
     3.000     4.000     4.000     3.000     3.000     0.567
     3.000     2.000     2.000     2.000     1.000    -1.066
     3.000     1.000     0.000     3.000     0.000    -1.504
     3.000     3.000     3.000     3.000     2.000    -0.218
     3.000     3.000     3.000     2.000     2.000    -0.347
     3.000     3.000     4.000     1.000     2.000    -0.129
     3.000     3.000     3.000     3.000     2.000    -0.218
     3.000     4.000     4.000     3.000     2.000     0.444
     3.000     3.000     3.000     2.000     3.000    -0.236
     4.000     4.000     4.000     1.000     3.000     0.477
     3.000     3.000     2.000     2.000     3.000    -0.610
     3.000     3.000     3.000     1.000     2.000    -0.463
     3.000     4.000     4.000     3.000     3.000     0.567
     3.000     3.000     3.000     1.000     3.000    -0.350
     3.000     3.000     3.000     2.000     1.000    -0.458
     4.000     3.000     4.000     2.000     2.000     0.107
     3.000     2.000     3.000     1.000     1.000    -0.942
     4.000     4.000     4.000     3.000     3.000     0.815
     3.000     4.000     4.000     2.000     3.000     0.419
     4.000     4.000     4.000     3.000     3.000     0.815
     3.000     3.000     3.000     2.000     2.000    -0.347
     3.000     3.000     3.000     3.000     2.000    -0.218
     3.000     4.000     3.000     2.000     2.000     0.058
     3.000     3.000     3.000     1.000     2.000    -0.463
     3.000     3.000     3.000     2.000     2.000    -0.347
     2.000     3.000     4.000     3.000     3.000    -0.014
     3.000     3.000     4.000     2.000     2.000    -0.035
     3.000     3.000     3.000     1.000     2.000    -0.463
     4.000     3.000     4.000     3.000     1.000     0.122
     4.000     2.000     4.000     2.000     2.000    -0.389
     4.000     4.000     4.000     3.000     3.000     0.815
     3.000     4.000     4.000     3.000     3.000     0.567
     3.000     3.000     3.000     2.000     2.000    -0.347
     4.000     3.000     3.000     2.000     3.000    -0.065
     4.000     4.000     4.000     1.000     1.000     0.272
     3.000     1.000     1.000     2.000     1.000    -1.411
     4.000     4.000     4.000     2.000     3.000     0.610
     2.000     2.000     3.000     1.000     2.000    -0.981
     3.000     3.000     3.000     2.000     2.000    -0.347
     3.000     2.000     3.000     2.000     2.000    -0.793
     4.000     4.000     4.000     3.000     2.000     0.644
     3.000     3.000     4.000     2.000     1.000    -0.125
     4.000     3.000     3.000     2.000     2.000    -0.161
     3.000     3.000     3.000     2.000     2.000    -0.347
     3.000     3.000     3.000     2.000     2.000    -0.347
     3.000     3.000     3.000     2.000     2.000    -0.347
     3.000     3.000     3.000     1.000     2.000    -0.463
     3.000     3.000     3.000     2.000     2.000    -0.347
     3.000     2.000     3.000     3.000     3.000    -0.626
     4.000     4.000     4.000     2.000     2.000     0.483
     3.000     4.000     3.000     3.000     3.000     0.247
     4.000     4.000     3.000     2.000     3.000     0.282
     4.000     3.000     3.000     2.000     2.000    -0.161
     3.000     3.000     3.000     2.000     2.000    -0.347
     3.000     3.000     2.000     3.000     2.000    -0.597
     3.000     4.000     3.000     3.000     2.000     0.159
     4.000     4.000     4.000     3.000     3.000     0.815
     3.000     3.000     3.000     2.000     2.000    -0.347
     4.000     4.000     4.000     3.000     3.000     0.815
     4.000     4.000     4.000     3.000     3.000     0.815
     3.000     3.000     3.000     2.000     2.000    -0.347
     3.000     4.000     3.000     3.000     3.000     0.247
     3.000     4.000     4.000     3.000     3.000     0.567
     3.000     3.000     3.000     0.000     2.000    -0.571
     4.000     4.000     4.000     3.000     3.000     0.815
     4.000     4.000     4.000     2.000     2.000     0.483
     3.000     3.000     3.000     2.000     3.000    -0.236
     4.000     4.000     4.000     3.000     3.000     0.815
     3.000     2.000     2.000     2.000     2.000    -1.001
     3.000     3.000     3.000     2.000     3.000    -0.236
     3.000     3.000     3.000     2.000     2.000    -0.347
     3.000     3.000     3.000     0.000     2.000    -0.571
     4.000     4.000     4.000     3.000     3.000     0.815
     3.000     3.000     3.000     2.000     2.000    -0.347
     3.000     3.000     3.000     2.000     3.000    -0.236
     4.000     4.000     3.000     2.000     2.000     0.195
     4.000     4.000     4.000     0.000     0.000     0.119
     4.000     4.000     4.000     3.000     3.000     0.815
     4.000     3.000     4.000     3.000     2.000     0.206
     4.000     4.000     4.000     3.000     3.000     0.815
     3.000     4.000     4.000     2.000     2.000     0.316
     4.000     4.000     4.000     2.000     2.000     0.483
     4.000     4.000     3.000     2.000     2.000     0.195
     3.000     3.000     4.000     2.000     3.000     0.052
     3.000     3.000     3.000     2.000     2.000    -0.347
     4.000     4.000     3.000     3.000     2.000     0.301
     0.000     3.000     4.000     1.000     2.000    -0.413
     3.000     3.000     3.000     2.000     2.000    -0.347
     4.000     4.000     4.000     3.000     3.000     0.815
     4.000     3.000     3.000     2.000     3.000    -0.065
     4.000     4.000     4.000     2.000     3.000     0.610
     3.000     4.000     4.000     3.000     2.000     0.444
     3.000     4.000     4.000     3.000     2.000     0.444
     3.000     4.000     4.000     1.000     2.000     0.218
     3.000     4.000     4.000     3.000     2.000     0.444
     4.000     3.000     4.000     2.000     2.000     0.107
     3.000     3.000     3.000     3.000     3.000    -0.115
     3.000     2.000     1.000     1.000     1.000    -1.268
     3.000     3.000     3.000     3.000     3.000    -0.115
     3.000     3.000     3.000     2.000     3.000    -0.236
     4.000     4.000     4.000     3.000     2.000     0.644
     3.000     3.000     3.000     2.000     3.000    -0.236
     3.000     3.000     3.000     1.000     2.000    -0.463
     3.000     3.000     3.000     3.000     3.000    -0.115
     3.000     3.000     4.000     2.000     3.000     0.052
     4.000     4.000     4.000     3.000     1.000     0.509
     3.000     4.000     4.000     2.000     3.000     0.419
     3.000     3.000     3.000     0.000     3.000    -0.457
     2.000     4.000     3.000     0.000     3.000    -0.171
     3.000     2.000     3.000     1.000     2.000    -0.870
     4.000     4.000     4.000     3.000     3.000     0.815
     3.000     4.000     4.000     2.000     3.000     0.419
     3.000     3.000     3.000     2.000     2.000    -0.347
     3.000     4.000     3.000     2.000     3.000     0.142
     3.000     3.000     3.000     3.000     2.000    -0.218
     4.000     4.000     4.000     3.000     3.000     0.815
     3.000     3.000     3.000     2.000     2.000    -0.347
     3.000     3.000     3.000     2.000     2.000    -0.347
     3.000     4.000     4.000     3.000     3.000     0.567
     4.000     3.000     3.000     2.000     3.000    -0.065
     4.000     4.000     3.000     1.000     2.000     0.107
     3.000     4.000     4.000     3.000     3.000     0.567
     2.000     4.000     4.000     3.000     2.000     0.238
     3.000     3.000     3.000     1.000     2.000    -0.463
     3.000     3.000     4.000     1.000     2.000    -0.129
     3.000     4.000     4.000     3.000     3.000     0.567
     3.000     3.000     3.000     2.000     2.000    -0.347
     4.000     4.000     4.000     3.000     3.000     0.815
     3.000     3.000     3.000     3.000     3.000    -0.115
     3.000     3.000     3.000     2.000     2.000    -0.347
     3.000     3.000     3.000     3.000     2.000    -0.218
     3.000     4.000     4.000     2.000     3.000     0.419
     3.000     3.000     3.000     2.000     3.000    -0.236
     3.000     3.000     4.000     1.000     3.000    -0.039
     3.000     4.000     4.000     2.000     3.000     0.419
     4.000     4.000     4.000     2.000     3.000     0.610
     3.000     3.000     3.000     2.000     3.000    -0.236
     3.000     3.000     2.000     1.000     2.000    -0.786
     3.000     3.000     3.000     2.000     2.000    -0.347
     4.000     4.000     3.000     3.000     2.000     0.301
     4.000     4.000     4.000     2.000     3.000     0.610
     4.000     4.000     2.000     3.000     2.000    -0.059
     4.000     3.000     3.000     2.000     2.000    -0.161
     3.000     3.000     3.000     2.000     2.000    -0.347
     3.000     3.000     3.000     3.000     2.000    -0.218
     3.000     3.000     3.000     2.000     2.000    -0.347
     4.000     4.000     4.000     3.000     3.000     0.815
     3.000     2.000     3.000     2.000     2.000    -0.793
     3.000     4.000     3.000     3.000     1.000     0.074
     3.000     3.000     3.000     3.000     3.000    -0.115
     3.000     3.000     3.000     2.000     2.000    -0.347
     3.000     3.000     3.000     2.000     2.000    -0.347
     3.000     3.000     3.000     1.000     3.000    -0.350
     3.000     3.000     3.000     2.000     3.000    -0.236
     3.000     4.000     4.000     3.000     3.000     0.567
     3.000     4.000     3.000     2.000     2.000     0.058
     4.000     4.000     4.000     3.000     3.000     0.815
     3.000     3.000     3.000     2.000     3.000    -0.236
     3.000     3.000     3.000     2.000     2.000    -0.347
     4.000     4.000     4.000     3.000     1.000     0.509
     3.000     3.000     3.000     2.000     2.000    -0.347
     3.000     4.000     4.000     3.000     3.000     0.567
     3.000     3.000     3.000     2.000     2.000    -0.347
     4.000     4.000     4.000     3.000     3.000     0.815
     3.000     3.000     3.000     2.000     2.000    -0.347
     4.000     4.000     4.000     3.000     2.000     0.644
     4.000     4.000     4.000     3.000     3.000     0.815
     3.000     3.000     3.000     2.000     2.000    -0.347
     3.000     3.000     3.000     2.000     2.000    -0.347
     4.000     4.000     4.000     2.000     2.000     0.483
     4.000     3.000     4.000     1.000     2.000     0.019
     4.000     4.000     4.000     3.000     2.000     0.644
     3.000     3.000     3.000     1.000     2.000    -0.463
     3.000     4.000     4.000     3.000     3.000     0.567
     4.000     4.000     4.000     3.000     3.000     0.815
     3.000     4.000     4.000     3.000     3.000     0.567
     4.000     4.000     4.000     3.000     2.000     0.644
     3.000     3.000     3.000     2.000     2.000    -0.347
     3.000     4.000     3.000     2.000     3.000     0.142
     4.000     4.000     4.000     3.000     2.000     0.644
     3.000     3.000     4.000     2.000     3.000     0.052
     3.000     4.000     4.000     1.000     2.000     0.218
     4.000     4.000     4.000     2.000     2.000     0.483
     3.000     3.000     4.000     1.000     3.000    -0.039
     3.000     4.000     3.000     2.000     2.000     0.058
     3.000     3.000     3.000     2.000     2.000    -0.347
     3.000     3.000     3.000     2.000     2.000    -0.347
     1.000     0.000     1.000     0.000     2.000    -1.807
     4.000     4.000     4.000     0.000     3.000     0.379
     3.000     4.000     4.000     3.000     2.000     0.444
     3.000     1.000     2.000     0.000     2.000    -1.359
     3.000     1.000     3.000     0.000     2.000    -1.192
     4.000     4.000     4.000     2.000     3.000     0.610
     3.000     3.000     3.000     2.000     2.000    -0.347
     3.000     3.000     3.000     1.000     2.000    -0.463
     3.000     3.000     3.000     2.000     2.000    -0.347
     3.000     3.000     3.000     2.000     2.000    -0.347
     2.000     3.000     3.000     1.000     2.000    -0.644
     4.000     3.000     4.000     1.000     2.000     0.019
     0.000     2.000     2.000     0.000     3.000    -1.254
     3.000     4.000     4.000     2.000     2.000     0.316
     4.000     2.000     4.000     1.000     3.000    -0.391
     3.000     4.000     4.000     3.000     3.000     0.567
     3.000     3.000     3.000     1.000     2.000    -0.463
     4.000     4.000     4.000     3.000     1.000     0.509
     3.000     4.000     4.000     2.000     2.000     0.316
     3.000     3.000     3.000     2.000     2.000    -0.347
     4.000     4.000     3.000     3.000     3.000     0.395
     4.000     4.000     4.000     2.000     3.000     0.610
     3.000     4.000     4.000     3.000     3.000     0.567
     3.000     3.000     3.000     3.000     2.000    -0.218
     4.000     4.000     4.000     2.000     2.000     0.483
     3.000     2.000     3.000     3.000     2.000    -0.704
     3.000     3.000     3.000     2.000     2.000    -0.347
     4.000     4.000     4.000     2.000     2.000     0.483
     3.000     3.000     4.000     2.000     2.000    -0.035
     3.000     3.000     3.000     1.000     1.000    -0.572
     1.000     3.000     3.000     0.000     2.000    -0.803
     4.000     4.000     3.000     2.000     2.000     0.195
     3.000     3.000     3.000     1.000     2.000    -0.463
     3.000     4.000     4.000     3.000     2.000     0.444
     3.000     3.000     3.000     2.000     2.000    -0.347
     4.000     4.000     4.000     2.000     3.000     0.610
     3.000     4.000     3.000     3.000     2.000     0.159
     4.000     3.000     3.000     2.000     3.000    -0.065
     3.000     2.000     3.000     2.000     2.000    -0.793
     3.000     3.000     3.000     2.000     3.000    -0.236
     3.000     4.000     4.000     2.000     2.000     0.316
     3.000     4.000     3.000     2.000     3.000     0.142
     2.000     2.000     3.000     3.000     3.000    -0.748
     3.000     3.000     3.000     2.000     2.000    -0.347
     3.000     3.000     3.000     2.000     3.000    -0.236
     3.000     4.000     4.000     2.000     1.000     0.222
     3.000     3.000     2.000     2.000     3.000    -0.610
     3.000     3.000     3.000     2.000     2.000    -0.347
     4.000     4.000     3.000     3.000     3.000     0.395
     3.000     4.000     4.000     3.000     2.000     0.444
     3.000     3.000     3.000     3.000     2.000    -0.218
     3.000     4.000     3.000     1.000     3.000     0.054
     3.000     2.000     2.000     1.000     1.000    -1.134
     4.000     4.000     4.000     3.000     3.000     0.815
     3.000     3.000     3.000     2.000     2.000    -0.347
     3.000     3.000     4.000     2.000     3.000     0.052
     3.000     3.000     3.000     2.000     2.000    -0.347
     3.000     4.000     3.000     2.000     2.000     0.058
     4.000     4.000     4.000     2.000     2.000     0.483
     3.000     3.000     3.000     3.000     3.000    -0.115
     3.000     3.000     4.000     2.000     2.000    -0.035
     3.000     4.000     4.000     3.000     3.000     0.567
     3.000     4.000     4.000     3.000     3.000     0.567
     4.000     4.000     4.000     3.000     3.000     0.815
     2.000     2.000     3.000     1.000     1.000    -1.049
     4.000     3.000     3.000     2.000     2.000    -0.161
     3.000     3.000     4.000     1.000     2.000    -0.129
     3.000     4.000     4.000     1.000     1.000     0.131
     4.000     3.000     4.000     3.000     2.000     0.206
     4.000     4.000     4.000     3.000     2.000     0.644
     4.000     3.000     4.000     3.000     3.000     0.289
     1.000     2.000     2.000     1.000     2.000    -1.210
     3.000     4.000     3.000     2.000     3.000     0.142
     2.000     3.000     3.000     3.000     2.000    -0.414
     4.000     3.000     3.000     3.000     2.000    -0.049
     3.000     3.000     2.000     2.000     1.000    -0.782
     3.000     3.000     3.000     2.000     2.000    -0.347
     4.000     4.000     4.000     3.000     3.000     0.815
     3.000     3.000     4.000     0.000     2.000    -0.215
     4.000     4.000     4.000     3.000     3.000     0.815
     3.000     3.000     3.000     2.000     2.000    -0.347
     3.000     3.000     3.000     3.000     2.000    -0.218
     4.000     4.000     4.000     3.000     3.000     0.815
     4.000     3.000     4.000     1.000     3.000     0.102
     3.000     4.000     3.000     2.000     2.000     0.058
     3.000     3.000     3.000     2.000     2.000    -0.347
     4.000     4.000     4.000     3.000     3.000     0.815
     4.000     3.000     3.000     2.000     3.000    -0.065
     3.000     2.000     3.000     2.000     1.000    -0.866
     3.000     4.000     3.000     0.000     2.000    -0.102
     3.000     3.000     3.000     2.000     3.000    -0.236
     3.000     4.000     3.000     1.000     1.000    -0.107
     3.000     2.000     4.000     3.000     2.000    -0.433
     3.000     3.000     4.000     2.000     2.000    -0.035
     3.000     4.000     4.000     3.000     3.000     0.567
     2.000     3.000     3.000     2.000     2.000    -0.539
     3.000     3.000     3.000     2.000     2.000    -0.347
