     0.000     0.000     1.000     0.000     2.000    -0.514
     1.000     2.000     2.000     0.000     2.000     0.490
     1.000     0.000     0.000     0.000     1.000    -0.538
     1.000     0.000     1.000     0.000     1.000    -0.318
     1.000     1.000     1.000     0.000     1.000     0.030
     0.000     0.000     0.000     1.000     1.000    -0.484
     0.000     1.000     1.000     1.000     1.000     0.039
     2.000     2.000     2.000     1.000     2.000     0.807
     2.000     1.000     1.000     1.000     1.000     0.388
     0.000     0.000     1.000     1.000     1.000    -0.287
     2.000     1.000     2.000     0.000     0.000     0.289
     1.000     1.000     0.000     0.000     1.000    -0.137
     2.000     2.000     1.000     2.000     4.000     0.884
     0.000     0.000     1.000     1.000     2.000    -0.251
     1.000     1.000     1.000     1.000     1.000     0.221
     1.000     2.000     2.000     0.000     0.000     0.422
     1.000     3.000     1.000     0.000     1.000     0.615
     0.000     0.000     0.000     0.000     1.000    -0.864
     0.000     0.000     0.000     0.000     1.000    -0.864
     2.000     1.000     0.000     0.000     0.000     0.007
     1.000     0.000     0.000     0.000     3.000    -0.455
     2.000     2.000     1.000     1.000     1.000     0.668
     2.000     1.000     3.000     1.000     2.000     0.652
     1.000     1.000     0.000     0.000     0.000    -0.180
     2.000     1.000     1.000     1.000     0.000     0.350
     1.000     1.000     2.000     1.000     2.000     0.373
     1.000     1.000     1.000     1.000     3.000     0.281
     0.000     0.000     0.000     0.000     1.000    -0.864
     0.000     2.000     0.000     1.000     0.000     0.164
     1.000     2.000     1.000     1.000     2.000     0.544
     1.000     1.000     1.000     0.000     0.000    -0.011
     0.000     0.000     0.000     0.000     1.000    -0.864
     1.000     1.000     1.000     1.000     1.000     0.221
     1.000     0.000     1.000     1.000     0.000    -0.133
     1.000     0.000     0.000     0.000     1.000    -0.538
     1.000     1.000     1.000     1.000     2.000     0.254
     1.000     1.000     0.000     1.000     1.000     0.069
     1.000     1.000     1.000     1.000     2.000     0.254
     2.000     0.000     0.000     0.000     1.000    -0.305
     2.000     3.000     1.000     2.000     0.000     1.032
     0.000     0.000     0.000     0.000     0.000    -0.949
     0.000     0.000     0.000     0.000     0.000    -0.949
     0.000     0.000     1.000     0.000     1.000    -0.559
     1.000     2.000     0.000     0.000     1.000     0.200
     0.000     0.000     2.000     0.000     2.000    -0.351
     2.000     1.000     2.000     1.000     1.000     0.505
     0.000     0.000     0.000     0.000     1.000    -0.864
     1.000     1.000     1.000     1.000     2.000     0.254
     0.000     0.000     0.000     0.000     1.000    -0.864
     0.000     0.000     0.000     0.000     0.000    -0.949
     1.000     1.000     3.000     0.000     0.000     0.235
     0.000     0.000     2.000     1.000     3.000    -0.092
     1.000     1.000     1.000     1.000     1.000     0.221
     1.000     1.000     0.000     0.000     2.000    -0.101
     0.000     0.000     0.000     0.000     1.000    -0.864
     1.000     1.000     0.000     0.000     1.000    -0.137
     1.000     0.000     1.000     0.000     2.000    -0.280
     2.000     2.000     3.000     2.000     1.000     1.029
     0.000     0.000     1.000     0.000     0.000    -0.616
     2.000     1.000     1.000     1.000     1.000     0.388
     1.000     0.000     1.000     1.000     1.000    -0.093
     0.000     1.000     0.000     0.000     0.000    -0.385
     0.000     0.000     0.000     0.000     2.000    -0.801
     0.000     0.000     0.000     0.000     1.000    -0.864
     2.000     0.000     2.000     1.000     1.000     0.196
     2.000     3.000     3.000     2.000     4.000     1.380
     0.000     0.000     1.000     0.000     3.000    -0.477
     3.000     1.000     1.000     1.000     3.000     0.606
     1.000     1.000     1.000     1.000     1.000     0.221
     0.000     0.000     0.000     0.000     0.000    -0.949
     0.000     0.000     0.000     0.000     1.000    -0.864
     0.000     0.000     1.000     0.000     1.000    -0.559
     0.000     1.000     1.000     1.000     0.000     0.000
     0.000     2.000     0.000     3.000     2.000     0.499
     1.000     1.000     1.000     2.000     2.000     0.407
     2.000     3.000     3.000     2.000     1.000     1.299
     2.000     2.000     3.000     0.000     1.000     0.729
     3.000     1.000     2.000     0.000     0.000     0.453
     0.000     0.000     0.000     0.000     1.000    -0.864
     2.000     2.000     2.000     1.000     1.000     0.777
     1.000     0.000     0.000     0.000     0.000    -0.597
     2.000     2.000     3.000     1.000     1.000     0.891
     1.000     1.000     0.000     1.000     2.000     0.102
     0.000     0.000     0.000     0.000     2.000    -0.801
     0.000     0.000     0.000     0.000     3.000    -0.750
     1.000     1.000     1.000     1.000     1.000     0.221
     0.000     0.000     0.000     0.000     1.000    -0.864
     1.000     1.000     1.000     0.000     1.000     0.030
     2.000     1.000     2.000     0.000     1.000     0.329
     3.000     3.000     4.000     2.000     0.000     1.583
     1.000     0.000     0.000     0.000     2.000    -0.492
     2.000     0.000     1.000     0.000     0.000    -0.163
     1.000     0.000     1.000     0.000     1.000    -0.318
     1.000     2.000     2.000     2.000     2.000     0.793
     1.000     0.000     0.000     0.000     2.000    -0.492
     0.000     0.000     0.000     0.000     3.000    -0.750
     0.000     0.000     0.000     0.000     0.000    -0.949
     1.000     0.000     3.000     1.000     1.000     0.142
     1.000     1.000     1.000     1.000     1.000     0.221
     1.000     1.000     3.000     0.000     0.000     0.235
     1.000     3.000     0.000     1.000     1.000     0.642
     2.000     1.000     2.000     1.000     1.000     0.505
     1.000     2.000     1.000     0.000     1.000     0.344
     1.000     1.000     2.000     2.000     0.000     0.454
     1.000     1.000     0.000     1.000     2.000     0.102
     3.000     3.000     3.000     4.000     1.000     1.727
     3.000     2.000     2.000     1.000     1.000     0.927
     0.000     1.000     0.000     1.000     2.000    -0.085
     1.000     0.000     0.000     0.000     2.000    -0.492
     3.000     2.000     3.000     0.000     3.000     0.939
     0.000     0.000     0.000     0.000     0.000    -0.949
     2.000     1.000     3.000     2.000     1.000     0.766
     1.000     0.000     0.000     1.000     1.000    -0.264
     2.000     1.000     1.000     0.000     2.000     0.240
     1.000     1.000     1.000     1.000     2.000     0.254
     3.000     1.000     0.000     0.000     0.000     0.180
     0.000     0.000     0.000     0.000     2.000    -0.801
     2.000     1.000     2.000     1.000     1.000     0.505
     1.000     0.000     0.000     0.000     1.000    -0.538
     1.000     2.000     0.000     0.000     2.000     0.232
     1.000     0.000     0.000     0.000     0.000    -0.597
     0.000     0.000     1.000     0.000     0.000    -0.616
     0.000     1.000     4.000     1.000     0.000     0.400
     1.000     1.000     1.000     1.000     2.000     0.254
     1.000     1.000     1.000     2.000     1.000     0.375
     1.000     1.000     1.000     1.000     2.000     0.254
     1.000     0.000     1.000     0.000     1.000    -0.318
     0.000     0.000     1.000     1.000     1.000    -0.287
     0.000     1.000     0.000     0.000     1.000    -0.340
     1.000     1.000     2.000     1.000     1.000     0.341
     2.000     1.000     2.000     1.000     1.000     0.505
     1.000     2.000     2.000     1.000     1.000     0.623
     3.000     3.000     3.000     0.000     2.000     1.182
     1.000     0.000     0.000     0.000     0.000    -0.597
     0.000     0.000     0.000     0.000     0.000    -0.949
     1.000     0.000     1.000     1.000     1.000    -0.093
     3.000     0.000     0.000     0.000     0.000    -0.156
     1.000     2.000     3.000     0.000     0.000     0.534
     2.000     2.000     0.000     0.000     2.000     0.395
     0.000     1.000     0.000     2.000     1.000     0.044
     2.000     2.000     2.000     3.000     2.000     1.063
     1.000     0.000     0.000     0.000     0.000    -0.597
     1.000     1.000     1.000     1.000     1.000     0.221
     0.000     0.000     0.000     0.000     1.000    -0.864
     1.000     1.000     0.000     1.000     0.000     0.029
     2.000     1.000     1.000     0.000     0.000     0.166
     1.000     1.000     2.000     0.000     2.000     0.190
     2.000     2.000     2.000     0.000     0.000     0.579
     2.000     2.000     2.000     2.000     2.000     0.944
     0.000     0.000     1.000     0.000     1.000    -0.559
     3.000     2.000     3.000     2.000     1.000     1.179
     2.000     3.000     2.000     3.000     1.000     1.298
     1.000     1.000     0.000     1.000     1.000     0.069
     1.000     0.000     0.000     0.000     1.000    -0.538
     3.000     1.000     3.000     2.000     0.000     0.883
     1.000     2.000     3.000     2.000     1.000     0.876
     1.000     1.000     1.000     1.000     3.000     0.281
     3.000     3.000     3.000     0.000     2.000     1.182
     1.000     1.000     0.000     0.000     1.000    -0.137
     2.000     1.000     2.000     0.000     1.000     0.329
     3.000     3.000     1.000     1.000     2.000     1.113
     0.000     0.000     0.000     0.000     1.000    -0.864
     2.000     0.000     2.000     0.000     0.000    -0.031
     1.000     1.000     2.000     1.000     0.000     0.303
     1.000     1.000     1.000     1.000     1.000     0.221
     2.000     0.000     0.000     0.000     0.000    -0.354
     2.000     1.000     0.000     1.000     1.000     0.241
     1.000     1.000     1.000     1.000     1.000     0.221
     0.000     0.000     0.000     0.000     0.000    -0.949
     2.000     0.000     0.000     0.000     2.000    -0.266
     0.000     0.000     0.000     0.000     0.000    -0.949
     0.000     1.000     0.000     1.000     2.000    -0.085
     0.000     1.000     1.000     1.000     0.000     0.000
     3.000     0.000     0.000     0.000     0.000    -0.156
     2.000     0.000     3.000     3.000     2.000     0.599
     0.000     0.000     1.000     1.000     2.000    -0.251
     2.000     1.000     1.000     0.000     0.000     0.166
     1.000     1.000     2.000     1.000     1.000     0.341
     1.000     0.000     1.000     0.000     1.000    -0.318
     0.000     1.000     4.000     0.000     4.000     0.342
     1.000     0.000     2.000     0.000     1.000    -0.175
     1.000     0.000     1.000     0.000     0.000    -0.366
     1.000     0.000     2.000     0.000     0.000    -0.219
     1.000     1.000     1.000     0.000     1.000     0.030
     0.000     0.000     0.000     0.000     1.000    -0.864
     1.000     0.000     1.000     0.000     0.000    -0.366
     1.000     1.000     2.000     2.000     1.000     0.491
     2.000     2.000     3.000     1.000     1.000     0.891
     0.000     0.000     0.000     0.000     1.000    -0.864
     0.000     2.000     1.000     2.000     1.000     0.483
     0.000     1.000     0.000     0.000     2.000    -0.303
     0.000     0.000     0.000     0.000     0.000    -0.949
     1.000     1.000     0.000     0.000     1.000    -0.137
     1.000     1.000     0.000     0.000     1.000    -0.137
     0.000     0.000     1.000     0.000     0.000    -0.616
     1.000     1.000     1.000     1.000     0.000     0.183
     1.000     1.000     1.000     0.000     0.000    -0.011
     0.000     1.000     2.000     0.000     0.000    -0.074
     1.000     1.000     2.000     0.000     1.000     0.157
     0.000     0.000     3.000     0.000     3.000    -0.189
     2.000     3.000     3.000     1.000     2.000     1.190
     2.000     2.000     0.000     0.000     4.000     0.444
     1.000     0.000     1.000     1.000     1.000    -0.093
     0.000     0.000     2.000     0.000     3.000    -0.318
     1.000     0.000     1.000     0.000     0.000    -0.366
     2.000     1.000     0.000     0.000     1.000     0.048
     1.000     1.000     3.000     2.000     1.000     0.606
     1.000     1.000     1.000     0.000     0.000    -0.011
     2.000     0.000     0.000     0.000     1.000    -0.305
     0.000     0.000     0.000     0.000     1.000    -0.864
     1.000     0.000     4.000     0.000     2.000     0.156
     0.000     0.000     0.000     0.000     1.000    -0.864
     3.000     1.000     2.000     1.000     1.000     0.661
     0.000     0.000     0.000     0.000     0.000    -0.949
     2.000     1.000     0.000     0.000     0.000     0.007
     1.000     1.000     1.000     2.000     2.000     0.407
     1.000     0.000     1.000     1.000     1.000    -0.093
     1.000     1.000     1.000     1.000     1.000     0.221
     1.000     0.000     0.000     1.000     2.000    -0.227
     1.000     2.000     2.000     2.000     2.000     0.793
     1.000     2.000     2.000     2.000     2.000     0.793
     1.000     2.000     0.000     0.000     4.000     0.281
     1.000     2.000     0.000     1.000     1.000     0.375
     1.000     1.000     1.000     1.000     1.000     0.221
     1.000     0.000     0.000     0.000     0.000    -0.597
     2.000     1.000     1.000     1.000     1.000     0.388
     2.000     2.000     3.000     0.000     1.000     0.729
     1.000     2.000     2.000     1.000     2.000     0.654
     0.000     0.000     0.000     0.000     0.000    -0.949
     2.000     1.000     1.000     1.000     1.000     0.388
     0.000     0.000     2.000     1.000     1.000    -0.154
     1.000     1.000     1.000     2.000     1.000     0.375
     1.000     1.000     1.000     1.000     1.000     0.221
     0.000     0.000     0.000     0.000     1.000    -0.864
     0.000     0.000     0.000     0.000     0.000    -0.949
     2.000     2.000     2.000     1.000     0.000     0.741
     0.000     1.000     0.000     0.000     1.000    -0.340
     1.000     0.000     1.000     1.000     1.000    -0.093
     0.000     0.000     1.000     0.000     1.000    -0.559
     1.000     1.000     1.000     1.000     1.000     0.221
     1.000     1.000     1.000     1.000     1.000     0.221
     1.000     1.000     1.000     1.000     1.000     0.221
     2.000     2.000     3.000     0.000     0.000     0.693
     0.000     0.000     0.000     0.000     1.000    -0.864
     1.000     1.000     3.000     0.000     0.000     0.235
     2.000     2.000     3.000     0.000     0.000     0.693
     0.000     0.000     0.000     0.000     1.000    -0.864
     1.000     1.000     1.000     1.000     0.000     0.183
     1.000     1.000     1.000     1.000     1.000     0.221
     0.000     0.000     0.000     0.000     0.000    -0.949
     2.000     2.000     2.000     2.000     2.000     0.944
     3.000     2.000     3.000     2.000     1.000     1.179
     1.000     1.000     1.000     1.000     1.000     0.221
     1.000     1.000     1.000     1.000     1.000     0.221
     0.000     1.000     0.000     2.000     1.000     0.044
     0.000     1.000     0.000     0.000     1.000    -0.340
     0.000     2.000     0.000     0.000     2.000     0.051
     3.000     1.000     2.000     0.000     0.000     0.453
     2.000     1.000     1.000     0.000     0.000     0.166
     1.000     0.000     0.000     0.000     0.000    -0.597
     1.000     1.000     1.000     0.000     0.000    -0.011
     2.000     1.000     1.000     0.000     0.000     0.166
     2.000     2.000     2.000     2.000     2.000     0.944
     2.000     1.000     1.000     0.000     1.000     0.206
     0.000     0.000     0.000     0.000     1.000    -0.864
     0.000     0.000     1.000     0.000     2.000    -0.514
     1.000     0.000     0.000     0.000     0.000    -0.597
     2.000     1.000     3.000     0.000     1.000     0.446
     2.000     0.000     0.000     0.000     1.000    -0.305
     1.000     0.000     0.000     0.000     0.000    -0.597
     1.000     1.000     1.000     1.000     1.000     0.221
     1.000     0.000     1.000     0.000     2.000    -0.280
     0.000     0.000     2.000     0.000     0.000    -0.442
     0.000     0.000     1.000     0.000     1.000    -0.559
     1.000     0.000     1.000     1.000     1.000    -0.093
     2.000     1.000     1.000     1.000     2.000     0.420
     1.000     0.000     0.000     0.000     0.000    -0.597
     1.000     1.000     1.000     0.000     0.000    -0.011
     2.000     3.000     2.000     3.000     2.000     1.329
     1.000     1.000     0.000     0.000     2.000    -0.101
     1.000     2.000     2.000     2.000     1.000     0.762
     1.000     1.000     0.000     0.000     0.000    -0.180
     1.000     0.000     1.000     0.000     0.000    -0.366
     1.000     0.000     0.000     0.000     0.000    -0.597
     2.000     3.000     2.000     2.000     2.000     1.206
     3.000     2.000     1.000     0.000     0.000     0.621
     1.000     1.000     0.000     1.000     0.000     0.029
     0.000     0.000     0.000     0.000     1.000    -0.864
     1.000     1.000     1.000     1.000     3.000     0.281
     1.000     1.000     1.000     1.000     1.000     0.221
     4.000     2.000     3.000     3.000     3.000     1.515
     0.000     0.000     0.000     0.000     2.000    -0.801
     0.000     0.000     0.000     0.000     0.000    -0.949
     2.000     3.000     3.000     1.000     3.000     1.216
     2.000     2.000     2.000     2.000     0.000     0.879
     1.000     0.000     0.000     0.000     1.000    -0.538
     1.000     1.000     1.000     1.000     1.000     0.221
     0.000     0.000     0.000     0.000     2.000    -0.801
     2.000     4.000     2.000     0.000     2.000     1.286
     1.000     1.000     0.000     1.000     1.000     0.069
     1.000     2.000     1.000     1.000     1.000     0.513
     2.000     0.000     1.000     0.000     1.000    -0.120
     2.000     2.000     3.000     3.000     2.000     1.180
     1.000     0.000     0.000     0.000     0.000    -0.597
     2.000     1.000     0.000     0.000     2.000     0.083
     0.000     0.000     0.000     0.000     0.000    -0.949
     2.000     2.000     2.000     1.000     1.000     0.777
     2.000     0.000     1.000     0.000     0.000    -0.163
     2.000     0.000     0.000     0.000     0.000    -0.354
     1.000     0.000     1.000     1.000     1.000    -0.093
     1.000     1.000     1.000     1.000     1.000     0.221
     2.000     0.000     0.000     0.000     0.000    -0.354
     0.000     0.000     0.000     0.000     1.000    -0.864
     1.000     1.000     0.000     0.000     2.000    -0.101
     2.000     0.000     0.000     0.000     0.000    -0.354
     0.000     0.000     0.000     0.000     0.000    -0.949
     1.000     1.000     1.000     1.000     1.000     0.221
     0.000     0.000     0.000     0.000     0.000    -0.949
     1.000     1.000     1.000     1.000     2.000     0.254
     2.000     1.000     2.000     2.000     2.000     0.682
     2.000     2.000     2.000     1.000     2.000     0.807
     1.000     0.000     2.000     1.000     0.000    -0.008
     2.000     2.000     1.000     1.000     1.000     0.668
     1.000     0.000     0.000     0.000     1.000    -0.538
     1.000     1.000     1.000     1.000     1.000     0.221
     1.000     0.000     1.000     0.000     0.000    -0.366
     2.000     2.000     1.000     0.000     1.000     0.504
     0.000     0.000     0.000     0.000     0.000    -0.949
     1.000     1.000     1.000     1.000     1.000     0.221
     1.000     0.000     2.000     0.000     0.000    -0.219
     1.000     0.000     0.000     0.000     1.000    -0.538
     2.000     0.000     2.000     0.000     1.000     0.010
     1.000     0.000     0.000     0.000     2.000    -0.492
     1.000     1.000     1.000     1.000     1.000     0.221
     2.000     0.000     2.000     1.000     2.000     0.227
     1.000     1.000     1.000     0.000     1.000     0.030
     3.000     3.000     3.000     2.000     0.000     1.419
     1.000     0.000     1.000     0.000     1.000    -0.318
     2.000     1.000     1.000     3.000     2.000     0.694
     1.000     0.000     1.000     0.000     0.000    -0.366
     2.000     1.000     3.000     1.000     0.000     0.583
     0.000     0.000     1.000     0.000     2.000    -0.514
     4.000     3.000     3.000     2.000     2.000     1.663
     0.000     0.000     4.000     0.000     0.000    -0.112
     1.000     1.000     1.000     1.000     2.000     0.254
     0.000     0.000     0.000     1.000     1.000    -0.484
     2.000     2.000     2.000     0.000     2.000     0.646
     2.000     2.000     2.000     2.000     1.000     0.914
     1.000     0.000     1.000     0.000     0.000    -0.366
     2.000     2.000     3.000     2.000     1.000     1.029
     0.000     0.000     0.000     0.000     0.000    -0.949
     0.000     0.000     3.000     0.000     1.000    -0.259
     0.000     0.000     3.000     0.000     1.000    -0.259
     0.000     0.000     0.000     0.000     0.000    -0.949
     0.000     0.000     0.000     1.000     3.000    -0.410
     1.000     1.000     2.000     1.000     1.000     0.341
     0.000     0.000     2.000     0.000     0.000    -0.442
     0.000     0.000     0.000     0.000     2.000    -0.801
     0.000     0.000     2.000     0.000     0.000    -0.442
     0.000     0.000     0.000     0.000     2.000    -0.801
     3.000     1.000     3.000     2.000     1.000     0.919
     1.000     2.000     2.000     4.000     1.000     1.004
     0.000     1.000     0.000     0.000     1.000    -0.340
     0.000     1.000     1.000     0.000     1.000    -0.163
     1.000     0.000     0.000     0.000     1.000    -0.538
     1.000     1.000     0.000     0.000     0.000    -0.180
     1.000     1.000     0.000     0.000     1.000    -0.137
     0.000     0.000     0.000     0.000     0.000    -0.949
     0.000     1.000     0.000     0.000     0.000    -0.385
     1.000     1.000     1.000     0.000     0.000    -0.011
     1.000     0.000     1.000     1.000     1.000    -0.093
     1.000     0.000     0.000     0.000     2.000    -0.492
     0.000     0.000     0.000     0.000     1.000    -0.864
     0.000     0.000     0.000     2.000     2.000    -0.252
     1.000     2.000     2.000     0.000     2.000     0.490
     1.000     1.000     1.000     0.000     1.000     0.030
     1.000     0.000     0.000     0.000     0.000    -0.597
     3.000     3.000     3.000     3.000     0.000     1.547
     1.000     1.000     0.000     0.000     1.000    -0.137
     3.000     3.000     3.000     3.000     0.000     1.547
     1.000     0.000     1.000     0.000     2.000    -0.280
     2.000     2.000     2.000     1.000     1.000     0.777
     0.000     0.000     0.000     1.000     0.000    -0.535
     0.000     1.000     1.000     0.000     1.000    -0.163
     0.000     0.000     0.000     0.000     0.000    -0.949
     2.000     0.000     0.000     1.000     1.000    -0.077
     2.000     1.000     2.000     2.000     2.000     0.682
