     0.000     1.000     0.000     1.000     0.000    -1.127
     1.000     2.000     3.000     2.000     2.000     0.270
     3.000     2.000     1.000     3.000     1.000     0.318
     1.000     2.000     1.000     2.000     1.000    -0.182
     3.000     2.000     4.000     3.000     0.000     0.708
     1.000     1.000     1.000     1.000     1.000    -0.472
     1.000     1.000     1.000     2.000     1.000    -0.334
     2.000     2.000     2.000     2.000     2.000     0.285
     1.000     1.000     2.000     3.000     1.000    -0.009
     2.000     1.000     1.000     2.000     0.000    -0.301
     1.000     1.000     3.000     2.000     1.000    -0.005
     3.000     3.000     1.000     3.000     1.000     0.472
     2.000     2.000     2.000     2.000     2.000     0.285
     0.000     3.000     2.000     3.000     2.000     0.218
     1.000     2.000     1.000     2.000     1.000    -0.182
     2.000     1.000     0.000     3.000     2.000    -0.084
     1.000     2.000     3.000     3.000     0.000     0.159
     0.000     0.000     1.000     0.000     0.000    -1.232
     1.000     2.000     1.000     0.000     0.000    -0.618
     1.000     1.000     1.000     3.000     1.000    -0.182
     2.000     1.000     0.000     1.000     0.000    -0.659
     3.000     2.000     2.000     3.000     2.000     0.606
     2.000     2.000     2.000     3.000     2.000     0.437
     0.000     1.000     0.000     1.000     0.000    -1.127
     2.000     2.000     1.000     1.000     1.000    -0.143
     2.000     3.000     3.000     2.000     3.000     0.718
     2.000     1.000     1.000     0.000     0.000    -0.589
     0.000     1.000     0.000     1.000     1.000    -0.941
     3.000     0.000     2.000     2.000     4.000     0.398
     1.000     3.000     1.000     2.000     1.000    -0.030
     0.000     2.000     1.000     3.000     3.000     0.019
     0.000     3.000     1.000     2.000     2.000    -0.109
     2.000     1.000     1.000     1.000     1.000    -0.293
     4.000     3.000     4.000     4.000     2.000     1.560
     4.000     4.000     2.000     1.000     3.000     0.956
     1.000     2.000     1.000     3.000     2.000     0.097
     2.000     2.000     3.000     1.000     1.000     0.181
     2.000     2.000     1.000     2.000     2.000     0.119
     1.000     2.000     1.000     3.000     1.000    -0.029
     2.000     0.000     2.000     3.000     2.000     0.122
     0.000     0.000     0.000     2.000     0.000    -1.168
     2.000     1.000     0.000     3.000     3.000     0.042
     3.000     3.000     2.000     3.000     1.000     0.635
     1.000     3.000     3.000     3.000     0.000     0.313
     3.000     1.000     3.000     1.000     2.000     0.324
     1.000     2.000     2.000     3.000     3.000     0.390
     2.000     3.000     3.000     3.000     1.000     0.626
     0.000     1.000     1.000     3.000     1.000    -0.397
     1.000     1.000     2.000     2.000     1.000    -0.160
     0.000     3.000     0.000     3.000     1.000    -0.297
     1.000     1.000     1.000     1.000     0.000    -0.623
     3.000     2.000     1.000     2.000     3.000     0.413
     1.000     3.000     2.000     1.000     1.000     0.003
     1.000     2.000     1.000     2.000     1.000    -0.182
     0.000     0.000     2.000     1.000     0.000    -0.842
     1.000     0.000     0.000     1.000     0.000    -1.035
     1.000     2.000     0.000     3.000     1.000    -0.238
     3.000     3.000     3.000     2.000     4.000     1.031
     2.000     3.000     2.000     2.000     1.000     0.311
     3.000     2.000     2.000     2.000     2.000     0.452
     2.000     2.000     0.000     2.000     1.000    -0.211
     0.000     1.000     2.000     2.000     0.000    -0.520
     2.000     2.000     0.000     1.000     1.000    -0.350
     0.000     1.000     0.000     1.000     0.000    -1.127
     1.000     3.000     1.000     3.000     1.000     0.124
     4.000     3.000     3.000     4.000     3.000     1.469
     1.000     2.000     1.000     1.000     1.000    -0.320
     1.000     3.000     2.000     3.000     3.000     0.541
     2.000     2.000     1.000     1.000     1.000    -0.143
     0.000     1.000     0.000     1.000     1.000    -0.941
     1.000     1.000     1.000     3.000     1.000    -0.182
     1.000     2.000     1.000     2.000     1.000    -0.182
     1.000     1.000     2.000     1.000     0.000    -0.440
     1.000     3.000     1.000     2.000     1.000    -0.030
     2.000     2.000     2.000     2.000     2.000     0.285
     3.000     3.000     3.000     3.000     3.000     1.053
     2.000     3.000     3.000     4.000     2.000     0.933
     0.000     0.000     0.000     3.000     1.000    -0.808
     1.000     3.000     1.000     1.000     1.000    -0.168
     0.000     1.000     2.000     0.000     1.000    -0.662
     2.000     1.000     1.000     3.000     1.000    -0.004
     3.000     2.000     3.000     2.000     3.000     0.736
     1.000     2.000     1.000     3.000     0.000    -0.174
     2.000     1.000     1.000     2.000     1.000    -0.156
     2.000     2.000     1.000     1.000     0.000    -0.286
     1.000     3.000     3.000     3.000     2.000     0.578
     1.000     2.000     2.000     2.000     0.000    -0.151
     0.000     1.000     0.000     2.000     1.000    -0.788
     3.000     2.000     3.000     3.000     1.000     0.645
     3.000     3.000     0.000     4.000     2.000     0.573
     1.000     1.000     1.000     1.000     1.000    -0.472
     0.000     1.000     3.000     3.000     0.000    -0.203
     3.000     2.000     2.000     2.000     2.000     0.452
     2.000     3.000     2.000     3.000     1.000     0.465
     0.000     2.000     0.000     2.000     2.000    -0.483
     2.000     2.000     1.000     2.000     1.000    -0.006
     3.000     2.000     1.000     1.000     1.000     0.025
     3.000     2.000     3.000     2.000     2.000     0.611
     1.000     2.000     1.000     2.000     2.000    -0.056
     0.000     2.000     0.000     2.000     4.000    -0.202
     2.000     3.000     1.000     2.000     2.000     0.270
     2.000     2.000     1.000     2.000     3.000     0.243
     1.000     2.000     1.000     3.000     1.000    -0.029
     3.000     2.000     1.000     4.000     1.000     0.498
     1.000     2.000     2.000     2.000     3.000     0.236
     4.000     2.000     1.000     4.000     3.000     0.953
     1.000     2.000     1.000     2.000     1.000    -0.182
     1.000     1.000     1.000     2.000     1.000    -0.334
     1.000     2.000     0.000     2.000     1.000    -0.393
     3.000     3.000     3.000     4.000     3.000     1.239
     0.000     0.000     0.000     1.000     0.000    -1.340
     2.000     3.000     3.000     1.000     2.000     0.454
     2.000     3.000     3.000     3.000     1.000     0.626
     1.000     3.000     3.000     3.000     1.000     0.453
     2.000     2.000     2.000     2.000     1.000     0.162
     1.000     3.000     1.000     3.000     2.000     0.251
     0.000     2.000     0.000     2.000     2.000    -0.483
     4.000     2.000     2.000     2.000     3.000     0.769
     1.000     2.000     1.000     1.000     1.000    -0.320
     0.000     1.000     0.000     0.000     0.000    -1.331
     0.000     1.000     1.000     2.000     0.000    -0.714
     1.000     3.000     1.000     3.000     1.000     0.124
     2.000     2.000     3.000     3.000     0.000     0.334
     2.000     1.000     1.000     3.000     2.000     0.122
     4.000     3.000     1.000     3.000     2.000     0.797
     3.000     2.000     2.000     3.000     2.000     0.606
     1.000     1.000     1.000     2.000     1.000    -0.334
     1.000     1.000     1.000     1.000     1.000    -0.472
     3.000     2.000     4.000     4.000     3.000     1.287
     3.000     2.000     3.000     2.000     2.000     0.611
     2.000     2.000     2.000     3.000     2.000     0.437
     2.000     2.000     1.000     1.000     2.000    -0.018
     1.000     1.000     1.000     3.000     2.000    -0.055
     4.000     1.000     0.000     2.000     0.000    -0.146
     2.000     2.000     0.000     0.000     0.000    -0.654
     2.000     3.000     2.000     3.000     2.000     0.589
     3.000     3.000     2.000     3.000     0.000     0.497
     0.000     2.000     0.000     0.000     0.000    -1.130
     0.000     2.000     2.000     2.000     2.000    -0.088
     1.000     2.000     2.000     3.000     2.000     0.266
     3.000     3.000     2.000     3.000     2.000     0.759
     0.000     1.000     0.000     0.000     0.000    -1.331
     2.000     2.000     2.000     2.000     1.000     0.162
     1.000     2.000     1.000     2.000     1.000    -0.182
     2.000     1.000     0.000     0.000     1.000    -0.657
     2.000     2.000     2.000     3.000     1.000     0.314
     1.000     2.000     1.000     1.000     2.000    -0.194
     1.000     1.000     1.000     2.000     1.000    -0.334
     2.000     2.000     2.000     3.000     2.000     0.437
     0.000     1.000     1.000     2.000     1.000    -0.554
     2.000     2.000     3.000     0.000     1.000     0.042
     1.000     1.000     0.000     3.000     1.000    -0.394
     2.000     2.000     1.000     1.000     1.000    -0.143
     2.000     2.000     0.000     1.000     1.000    -0.350
     1.000     1.000     3.000     4.000     1.000     0.328
     2.000     3.000     3.000     3.000     3.000     0.878
     2.000     1.000     1.000     1.000     1.000    -0.293
     3.000     1.000     1.000     2.000     3.000     0.263
     3.000     3.000     2.000     3.000     2.000     0.759
     2.000     2.000     1.000     3.000     2.000     0.273
     3.000     2.000     3.000     2.000     2.000     0.611
     0.000     1.000     0.000     2.000     0.000    -0.965
     1.000     1.000     1.000     0.000     0.000    -0.777
     2.000     2.000     1.000     2.000     1.000    -0.006
     2.000     1.000     2.000     2.000     1.000     0.014
     0.000     0.000     0.000     2.000     0.000    -1.168
     1.000     2.000     3.000     2.000     2.000     0.270
     1.000     1.000     1.000     1.000     1.000    -0.472
     2.000     2.000     0.000     0.000     0.000    -0.654
     0.000     1.000     1.000     2.000     0.000    -0.714
     0.000     0.000     2.000     0.000     0.000    -1.012
     2.000     2.000     1.000     1.000     1.000    -0.143
     1.000     1.000     1.000     3.000     1.000    -0.182
     1.000     1.000     1.000     3.000     1.000    -0.182
     3.000     2.000     1.000     1.000     1.000     0.025
     3.000     2.000     1.000     2.000     1.000     0.164
     1.000     2.000     1.000     1.000     1.000    -0.320
     3.000     2.000     2.000     2.000     2.000     0.452
     2.000     2.000     1.000     3.000     1.000     0.147
     1.000     0.000     3.000     1.000     3.000    -0.060
     2.000     2.000     2.000     2.000     2.000     0.285
     2.000     2.000     3.000     3.000     2.000     0.598
     0.000     1.000     2.000     4.000     1.000    -0.031
     0.000     1.000     1.000     1.000     1.000    -0.697
     1.000     1.000     1.000     1.000     1.000    -0.472
     1.000     1.000     1.000     2.000     1.000    -0.334
     1.000     3.000     2.000     3.000     2.000     0.417
     3.000     3.000     2.000     3.000     2.000     0.759
     2.000     3.000     1.000     3.000     0.000     0.159
     2.000     2.000     2.000     3.000     2.000     0.437
     1.000     2.000     1.000     0.000     2.000    -0.338
     0.000     0.000     0.000     2.000     0.000    -1.168
     0.000     2.000     1.000     2.000     1.000    -0.395
     3.000     1.000     0.000     0.000     1.000    -0.481
     0.000     3.000     3.000     3.000     1.000     0.251
     1.000     0.000     0.000     2.000     1.000    -0.723
     2.000     2.000     1.000     2.000     1.000    -0.006
     2.000     1.000     3.000     2.000     0.000     0.030
     3.000     2.000     2.000     2.000     0.000     0.192
     4.000     4.000     4.000     4.000     3.000     1.917
     3.000     2.000     3.000     3.000     2.000     0.770
     2.000     2.000     0.000     3.000     2.000     0.068
     2.000     2.000     2.000     2.000     2.000     0.285
     2.000     2.000     0.000     3.000     3.000     0.194
     3.000     3.000     2.000     3.000     3.000     0.884
     3.000     3.000     3.000     3.000     1.000     0.800
     4.000     2.000     2.000     4.000     2.000     0.987
     1.000     2.000     2.000     2.000     0.000    -0.151
     0.000     0.000     0.000     3.000     3.000    -0.530
     1.000     2.000     2.000     3.000     2.000     0.266
     1.000     1.000     3.000     3.000     2.000     0.274
     3.000     3.000     3.000     3.000     2.000     0.925
     1.000     1.000     2.000     3.000     2.000     0.116
     0.000     0.000     0.000     4.000     0.000    -0.772
     2.000     1.000     3.000     3.000     2.000     0.447
     0.000     3.000     1.000     3.000     1.000    -0.083
     1.000     2.000     2.000     2.000     1.000    -0.010
     3.000     2.000     2.000     3.000     2.000     0.606
     0.000     2.000     1.000     1.000     0.000    -0.695
     2.000     2.000     2.000     2.000     2.000     0.285
     4.000     3.000     2.000     1.000     1.000     0.532
     4.000     1.000     0.000     4.000     3.000     0.589
     1.000     4.000     0.000     0.000     0.000    -0.492
     3.000     1.000     3.000     3.000     2.000     0.618
     2.000     2.000     1.000     1.000     2.000    -0.018
     1.000     1.000     1.000     1.000     1.000    -0.472
     1.000     3.000     2.000     2.000     2.000     0.263
     3.000     3.000     2.000     3.000     2.000     0.759
     1.000     1.000     1.000     2.000     1.000    -0.334
     1.000     1.000     1.000     2.000     3.000    -0.082
     3.000     2.000     3.000     3.000     0.000     0.506
     1.000     1.000     1.000     3.000     1.000    -0.182
     2.000     2.000     2.000     2.000     2.000     0.285
     1.000     1.000     1.000     1.000     1.000    -0.472
     0.000     1.000     1.000     0.000     2.000    -0.720
     2.000     2.000     2.000     3.000     1.000     0.314
     1.000     1.000     1.000     1.000     1.000    -0.472
     3.000     2.000     3.000     2.000     2.000     0.611
     0.000     3.000     1.000     1.000     1.000    -0.380
     2.000     1.000     2.000     1.000     1.000    -0.121
     1.000     1.000     1.000     2.000     1.000    -0.334
     1.000     1.000     2.000     2.000     1.000    -0.160
     2.000     4.000     3.000     3.000     2.000     0.925
     1.000     1.000     1.000     1.000     0.000    -0.623
     3.000     2.000     0.000     1.000     0.000    -0.326
     2.000     2.000     0.000     3.000     3.000     0.194
     1.000     2.000     1.000     2.000     1.000    -0.182
     2.000     1.000     2.000     3.000     2.000     0.289
     3.000     3.000     1.000     2.000     1.000     0.315
     3.000     2.000     0.000     2.000     2.000     0.085
     2.000     2.000     3.000     3.000     3.000     0.723
     3.000     3.000     0.000     1.000     1.000    -0.027
     2.000     1.000     1.000     1.000     2.000    -0.168
     1.000     3.000     2.000     2.000     2.000     0.263
     3.000     3.000     2.000     2.000     2.000     0.602
     0.000     2.000     0.000     2.000     2.000    -0.483
     0.000     3.000     0.000     1.000     0.000    -0.769
     3.000     2.000     4.000     4.000     2.000     1.157
     3.000     2.000     2.000     2.000     1.000     0.329
     1.000     1.000     0.000     3.000     0.000    -0.548
     2.000     2.000     1.000     3.000     2.000     0.273
     1.000     3.000     1.000     1.000     1.000    -0.168
     2.000     2.000     2.000     2.000     2.000     0.285
     3.000     2.000     2.000     3.000     2.000     0.606
     0.000     1.000     0.000     0.000     2.000    -0.970
     0.000     1.000     1.000     2.000     2.000    -0.421
     3.000     1.000     0.000     0.000     1.000    -0.481
     2.000     2.000     2.000     3.000     2.000     0.437
     2.000     3.000     1.000     3.000     2.000     0.425
     1.000     1.000     0.000     1.000     1.000    -0.691
     1.000     2.000     1.000     2.000     2.000    -0.056
     0.000     2.000     0.000     1.000     0.000    -0.943
     0.000     1.000     0.000     2.000     0.000    -0.965
     0.000     1.000     3.000     0.000     0.000    -0.660
     1.000     1.000     0.000     1.000     1.000    -0.691
     1.000     2.000     1.000     2.000     1.000    -0.182
     0.000     1.000     2.000     1.000     0.000    -0.664
     0.000     2.000     1.000     2.000     1.000    -0.395
     3.000     2.000     4.000     2.000     2.000     0.811
     0.000     2.000     2.000     2.000     0.000    -0.362
     2.000     2.000     1.000     3.000     2.000     0.273
     0.000     1.000     3.000     2.000     1.000    -0.211
     1.000     1.000     1.000     1.000     1.000    -0.472
     1.000     1.000     0.000     2.000     1.000    -0.549
     3.000     4.000     3.000     4.000     2.000     1.286
     4.000     1.000     3.000     3.000     3.000     0.947
     2.000     3.000     3.000     3.000     1.000     0.626
     1.000     3.000     1.000     2.000     1.000    -0.030
     2.000     2.000     2.000     2.000     2.000     0.285
     1.000     1.000     1.000     1.000     1.000    -0.472
     4.000     3.000     3.000     4.000     3.000     1.469
     4.000     3.000     3.000     3.000     2.000     1.136
     0.000     1.000     1.000     0.000     0.000    -1.034
     0.000     3.000     1.000     0.000     0.000    -0.692
     1.000     3.000     3.000     4.000     2.000     0.759
     0.000     3.000     1.000     1.000     0.000    -0.533
     1.000     2.000     2.000     2.000     1.000    -0.010
     0.000     2.000     0.000     1.000     1.000    -0.768
     2.000     2.000     0.000     2.000     2.000    -0.085
     2.000     2.000     1.000     2.000     2.000     0.119
     3.000     2.000     1.000     1.000     2.000     0.150
     1.000     1.000     2.000     3.000     1.000    -0.009
     4.000     4.000     4.000     4.000     4.000     2.103
     0.000     1.000     3.000     3.000     1.000    -0.057
     0.000     3.000     1.000     1.000     0.000    -0.533
     0.000     2.000     0.000     0.000     0.000    -1.130
     2.000     1.000     2.000     1.000     3.000     0.124
     1.000     1.000     1.000     3.000     0.000    -0.329
     1.000     1.000     1.000     0.000     0.000    -0.777
     1.000     3.000     1.000     2.000     1.000    -0.030
     1.000     1.000     2.000     1.000     2.000    -0.171
     0.000     2.000     0.000     2.000     0.000    -0.787
     0.000     1.000     1.000     3.000     3.000    -0.136
     2.000     3.000     1.000     3.000     2.000     0.425
     0.000     2.000     0.000     2.000     0.000    -0.787
     0.000     3.000     0.000     3.000     0.000    -0.453
     2.000     2.000     1.000     2.000     1.000    -0.006
     1.000     2.000     0.000     2.000     3.000    -0.137
     1.000     1.000     1.000     1.000     1.000    -0.472
     2.000     2.000     2.000     2.000     2.000     0.285
     2.000     2.000     3.000     3.000     0.000     0.334
     2.000     1.000     1.000     1.000     1.000    -0.293
     2.000     3.000     3.000     3.000     3.000     0.878
     0.000     2.000     1.000     2.000     0.000    -0.550
     3.000     2.000     1.000     1.000     1.000     0.025
     1.000     3.000     1.000     2.000     1.000    -0.030
     1.000     1.000     1.000     3.000     1.000    -0.182
     2.000     0.000     0.000     2.000     3.000    -0.280
     1.000     1.000     2.000     2.000     1.000    -0.160
     0.000     0.000     1.000     3.000     0.000    -0.733
     1.000     2.000     0.000     1.000     0.000    -0.689
     0.000     0.000     2.000     0.000     2.000    -0.704
     0.000     0.000     0.000     0.000     0.000    -1.571
     1.000     2.000     1.000     3.000     1.000    -0.029
     1.000     2.000     1.000     2.000     1.000    -0.182
     4.000     3.000     4.000     4.000     0.000     1.270
     4.000     3.000     2.000     2.000     0.000     0.535
     0.000     3.000     2.000     3.000     1.000     0.092
     3.000     3.000     2.000     2.000     2.000     0.602
     1.000     0.000     0.000     1.000     0.000    -1.035
     2.000     1.000     1.000     1.000     2.000    -0.168
     1.000     2.000     1.000     2.000     2.000    -0.056
     3.000     3.000     4.000     4.000     0.000     1.049
     4.000     2.000     0.000     2.000     0.000     0.008
     2.000     3.000     3.000     3.000     2.000     0.752
     2.000     2.000     2.000     2.000     2.000     0.285
     0.000     1.000     1.000     2.000     1.000    -0.554
     2.000     2.000     1.000     3.000     1.000     0.147
     2.000     1.000     1.000     2.000     1.000    -0.156
     3.000     3.000     3.000     2.000     2.000     0.765
     1.000     3.000     1.000     2.000     0.000    -0.174
     3.000     3.000     3.000     4.000     3.000     1.239
     3.000     3.000     3.000     4.000     3.000     1.239
     4.000     4.000     2.000     2.000     0.000     0.709
     1.000     3.000     2.000     2.000     1.000     0.140
     2.000     2.000     1.000     2.000     1.000    -0.006
     2.000     1.000     1.000     1.000     1.000    -0.293
     4.000     4.000     4.000     3.000     1.000     1.405
     0.000     2.000     2.000     0.000     0.000    -0.660
     1.000     2.000     2.000     4.000     2.000     0.443
     3.000     3.000     3.000     1.000     1.000     0.500
     3.000     3.000     4.000     2.000     2.000     0.966
     3.000     1.000     3.000     2.000     0.000     0.199
     3.000     1.000     1.000     3.000     1.000     0.167
     3.000     1.000     0.000     1.000     2.000    -0.205
     1.000     2.000     2.000     1.000     0.000    -0.289
     2.000     1.000     1.000     2.000     2.000    -0.031
     0.000     0.000     0.000     3.000     3.000    -0.530
     1.000     2.000     1.000     3.000     0.000    -0.174
     0.000     1.000     0.000     3.000     3.000    -0.352
     1.000     1.000     1.000     2.000     1.000    -0.334
     0.000     1.000     2.000     4.000     1.000    -0.031
     1.000     1.000     0.000     2.000     1.000    -0.549
     2.000     0.000     0.000     0.000     2.000    -0.698
     1.000     1.000     0.000     1.000     1.000    -0.691
     2.000     2.000     2.000     2.000     1.000     0.162
     1.000     2.000     1.000     0.000     1.000    -0.466
     4.000     4.000     3.000     3.000     3.000     1.453
     2.000     2.000     1.000     1.000     1.000    -0.143
     2.000     3.000     2.000     2.000     2.000     0.434
     1.000     2.000     1.000     2.000     1.000    -0.182
     2.000     2.000     0.000     3.000     0.000    -0.204
     2.000     2.000     2.000     3.000     2.000     0.437
     4.000     2.000     1.000     3.000     1.000     0.513
     0.000     2.000     0.000     0.000     0.000    -1.130
     1.000     1.000     3.000     3.000     0.000     0.006
     2.000     3.000     2.000     2.000     2.000     0.434
