     2.000     1.000     1.000     1.000     0.000    -0.154
     4.000     2.000     2.000     2.000     1.000     0.132
     3.000     2.000     3.000     2.000     3.000     0.268
     3.000     3.000     1.000     2.000     1.000     0.116
     3.000     2.000     0.000     0.000     2.000    -0.120
     2.000     2.000     1.000     1.000     1.000    -0.032
     3.000     2.000     2.000     1.000     2.000     0.104
     3.000     3.000     3.000     2.000     2.000     0.333
     3.000     2.000     2.000     3.000     1.000     0.145
     3.000     1.000     1.000     1.000     1.000    -0.101
     3.000     3.000     2.000     3.000     1.000     0.240
     4.000     2.000     3.000     1.000     0.000     0.163
     2.000     1.000     0.000     2.000     2.000    -0.151
     3.000     1.000     1.000     2.000     1.000    -0.066
     2.000     1.000     3.000     2.000     1.000     0.098
     2.000     1.000     1.000     3.000     0.000    -0.086
     3.000     3.000     3.000     3.000     1.000     0.341
     2.000     1.000     1.000     1.000     0.000    -0.154
     3.000     1.000     1.000     1.000     2.000    -0.074
     3.000     1.000     2.000     3.000     1.000     0.054
     2.000     1.000     1.000     2.000     1.000    -0.085
     3.000     2.000     3.000     2.000     2.000     0.237
     3.000     2.000     1.000     2.000     1.000     0.021
     3.000     1.000     1.000     1.000     0.000    -0.135
     3.000     2.000     2.000     1.000     1.000     0.076
     3.000     3.000     1.000     3.000     2.000     0.176
     3.000     1.000     2.000     1.000     1.000    -0.014
     3.000     1.000     1.000     1.000     0.000    -0.135
     4.000     2.000     3.000     1.000     2.000     0.224
     2.000     2.000     1.000     2.000     2.000     0.030
     4.000     2.000     3.000     2.000     1.000     0.231
     2.000     1.000     2.000     1.000     0.000    -0.066
     3.000     1.000     2.000     1.000     1.000    -0.014
     4.000     1.000     0.000     1.000     1.000    -0.176
     3.000     3.000     2.000     0.000     4.000     0.223
     2.000     1.000     1.000     1.000     2.000    -0.092
     3.000     3.000     1.000     1.000     1.000     0.082
     2.000     1.000     1.000     1.000     2.000    -0.092
     3.000     1.000     1.000     3.000     1.000    -0.034
     2.000     2.000     0.000     1.000     0.000    -0.161
     4.000     0.000     2.000     1.000     0.000    -0.117
     4.000     2.000     1.000     3.000     2.000     0.103
     3.000     1.000     1.000     0.000     2.000    -0.115
     3.000     1.000     1.000     1.000     2.000    -0.074
     4.000     0.000     0.000     1.000     1.000    -0.274
     3.000     2.000     1.000     2.000     1.000     0.021
     3.000     2.000     1.000     1.000     1.000    -0.013
     3.000     2.000     1.000     2.000     1.000     0.021
     4.000     1.000     0.000     3.000     0.000    -0.141
     4.000     1.000     1.000     1.000     0.000    -0.115
     2.000     3.000     0.000     1.000     0.000    -0.059
     3.000     1.000     2.000     3.000     1.000     0.054
     3.000     2.000     3.000     1.000     1.000     0.175
     4.000     2.000     2.000     3.000     0.000     0.134
     4.000     0.000     0.000     1.000     1.000    -0.274
     2.000     2.000     3.000     3.000     0.000     0.192
     4.000     0.000     0.000     1.000     0.000    -0.316
     2.000     2.000     2.000     2.000     2.000     0.120
     3.000     2.000     3.000     0.000     1.000     0.133
     2.000     2.000     2.000     2.000     2.000     0.120
     4.000     2.000     2.000     2.000     0.000     0.099
     2.000     0.000     1.000     2.000     0.000    -0.210
     2.000     1.000     0.000     1.000     1.000    -0.217
     4.000     2.000     1.000     3.000     1.000     0.075
     3.000     1.000     1.000     1.000     1.000    -0.101
     2.000     1.000     0.000     0.000     2.000    -0.232
     4.000     1.000     2.000     3.000     0.000     0.042
     3.000     1.000     2.000     1.000     0.000    -0.047
     2.000     2.000     2.000     2.000     2.000     0.120
     3.000     1.000     2.000     2.000     0.000    -0.012
     4.000     1.000     1.000     2.000     2.000    -0.019
     3.000     2.000     0.000     1.000     1.000    -0.106
     3.000     1.000     2.000     0.000     1.000    -0.055
     1.000     3.000     2.000     3.000     3.000     0.260
     1.000     2.000     2.000     1.000     2.000     0.066
     2.000     1.000     1.000     2.000     2.000    -0.058
     3.000     2.000     1.000     1.000     2.000     0.014
     4.000     1.000     1.000     1.000     0.000    -0.115
     3.000     1.000     1.000     1.000     2.000    -0.074
     1.000     2.000     0.000     2.000     0.000    -0.143
     3.000     2.000     2.000     3.000     1.000     0.145
     2.000     1.000     2.000     1.000     1.000    -0.033
     3.000     1.000     2.000     3.000     0.000     0.021
     4.000     1.000     2.000     1.000     2.000     0.034
     3.000     0.000     0.000     1.000     1.000    -0.297
     3.000     3.000     3.000     1.000     1.000     0.270
     3.000     2.000     2.000     2.000     1.000     0.111
     4.000     2.000     2.000     2.000     2.000     0.160
     3.000     1.000     1.000     1.000     0.000    -0.135
     4.000     3.000     3.000     1.000     3.000     0.352
     3.000     0.000     0.000     0.000     0.000    -0.394
     4.000     3.000     3.000     3.000     1.000     0.363
     3.000     1.000     1.000     1.000     2.000    -0.074
     3.000     2.000     1.000     1.000     2.000     0.014
     3.000     2.000     0.000     2.000     0.000    -0.105
     2.000     1.000     1.000     2.000     2.000    -0.058
     3.000     2.000     0.000     0.000     0.000    -0.186
     3.000     2.000     1.000     0.000     2.000    -0.027
     2.000     2.000     2.000     2.000     1.000     0.092
     4.000     2.000     1.000     1.000     0.000    -0.026
     2.000     1.000     1.000     0.000     0.000    -0.196
     3.000     1.000     2.000     2.000     2.000     0.048
     3.000     1.000     1.000     1.000     1.000    -0.101
     3.000     3.000     2.000     2.000     2.000     0.234
     3.000     2.000     2.000     1.000     2.000     0.104
     4.000     1.000     0.000     0.000     3.000    -0.160
     2.000     2.000     1.000     1.000     1.000    -0.032
     3.000     2.000     3.000     1.000     2.000     0.203
     2.000     0.000     1.000     2.000     1.000    -0.174
     4.000     2.000     2.000     3.000     1.000     0.166
     3.000     1.000     2.000     1.000     0.000    -0.047
     3.000     1.000     1.000     1.000     1.000    -0.101
     4.000     2.000     2.000     1.000     1.000     0.097
     4.000     2.000     2.000     2.000     2.000     0.160
     2.000     2.000     2.000     1.000     2.000     0.085
     4.000     2.000     3.000     1.000     2.000     0.224
     4.000     2.000     3.000     3.000     0.000     0.234
     2.000     0.000     0.000     0.000     0.000    -0.418
     3.000     1.000     1.000     1.000     1.000    -0.101
     1.000     1.000     0.000     0.000     0.000    -0.322
     3.000     2.000     3.000     1.000     2.000     0.203
     4.000     2.000     2.000     3.000     2.000     0.195
     4.000     0.000     0.000     1.000     0.000    -0.316
     3.000     1.000     1.000     3.000     1.000    -0.034
     3.000     2.000     1.000     1.000     3.000     0.044
     4.000     2.000     2.000     2.000     3.000     0.190
     2.000     0.000     0.000     2.000     0.000    -0.319
     2.000     1.000     1.000     1.000     2.000    -0.092
     4.000     0.000     0.000     0.000     2.000    -0.291
     3.000     2.000     2.000     1.000     2.000     0.104
     3.000     2.000     2.000     2.000     2.000     0.139
     3.000     1.000     0.000     1.000     1.000    -0.197
     3.000     0.000     1.000     1.000     1.000    -0.191
     4.000     2.000     1.000     0.000     1.000    -0.034
     2.000     0.000     1.000     2.000     0.000    -0.210
     3.000     2.000     3.000     1.000     2.000     0.203
     4.000     3.000     2.000     1.000     1.000     0.193
     2.000     2.000     1.000     0.000     0.000    -0.108
     2.000     1.000     0.000     3.000     2.000    -0.117
     4.000     3.000     3.000     2.000     2.000     0.355
     3.000     2.000     2.000     1.000     2.000     0.104
     2.000     0.000     2.000     1.000     0.000    -0.157
     3.000     2.000     1.000     2.000     1.000     0.021
     3.000     2.000     2.000     2.000     0.000     0.078
     2.000     3.000     1.000     1.000     0.000     0.031
     3.000     1.000     0.000     0.000     0.000    -0.281
     2.000     1.000     1.000     1.000     1.000    -0.120
     3.000     1.000     1.000     2.000     1.000    -0.066
     3.000     2.000     1.000     1.000     2.000     0.014
     3.000     0.000     0.000     1.000     0.000    -0.340
     2.000     1.000     0.000     0.000     2.000    -0.232
     3.000     1.000     1.000     0.000     1.000    -0.142
     3.000     2.000     3.000     1.000     1.000     0.175
     2.000     1.000     1.000     1.000     1.000    -0.120
     4.000     3.000     3.000     3.000     1.000     0.363
     3.000     2.000     1.000     0.000     1.000    -0.055
     1.000     2.000     2.000     1.000     1.000     0.038
     4.000     0.000     1.000     1.000     0.000    -0.206
     3.000     2.000     1.000     1.000     2.000     0.014
     2.000     0.000     0.000     2.000     0.000    -0.319
     3.000     2.000     3.000     0.000     2.000     0.161
     2.000     0.000     2.000     1.000     0.000    -0.157
     3.000     0.000     0.000     2.000     0.000    -0.298
     3.000     2.000     2.000     1.000     2.000     0.104
     3.000     3.000     1.000     3.000     1.000     0.149
     4.000     2.000     1.000     2.000     1.000     0.042
     3.000     1.000     1.000     1.000     1.000    -0.101
     2.000     2.000     1.000     2.000     1.000     0.002
     2.000     1.000     1.000     1.000     0.000    -0.154
     2.000     1.000     1.000     1.000     0.000    -0.154
     1.000     1.000     0.000     0.000     0.000    -0.322
     2.000     2.000     2.000     1.000     2.000     0.085
     3.000     0.000     0.000     1.000     0.000    -0.340
     4.000     3.000     2.000     1.000     0.000     0.161
     3.000     3.000     3.000     3.000     1.000     0.341
     3.000     3.000     2.000     1.000     2.000     0.200
     3.000     1.000     0.000     1.000     1.000    -0.197
     3.000     2.000     1.000     1.000     2.000     0.014
     3.000     2.000     3.000     2.000     1.000     0.209
     3.000     0.000     4.000     0.000     3.000     0.132
     2.000     2.000     1.000     1.000     1.000    -0.032
     4.000     1.000     2.000     3.000     1.000     0.074
     4.000     3.000     4.000     3.000     3.000     0.542
     3.000     2.000     1.000     1.000     0.000    -0.047
     2.000     1.000     2.000     1.000     1.000    -0.033
     3.000     2.000     2.000     1.000     1.000     0.076
     3.000     2.000     2.000     1.000     1.000     0.076
     3.000     3.000     3.000     1.000     2.000     0.299
     3.000     2.000     1.000     1.000     2.000     0.014
     2.000     2.000     2.000     1.000     2.000     0.085
     4.000     2.000     1.000     2.000     1.000     0.042
     2.000     4.000     0.000     2.000     2.000     0.144
     3.000     2.000     2.000     3.000     1.000     0.145
     1.000     0.000     0.000     1.000     0.000    -0.385
     3.000     2.000     1.000     0.000     0.000    -0.089
     2.000     2.000     3.000     2.000     1.000     0.190
     2.000     1.000     1.000     2.000     1.000    -0.085
     2.000     0.000     0.000     0.000     1.000    -0.370
     4.000     1.000     1.000     1.000     1.000    -0.081
     4.000     2.000     1.000     0.000     0.000    -0.068
     1.000     2.000     0.000     0.000     1.000    -0.188
     3.000     2.000     2.000     3.000     2.000     0.173
     3.000     2.000     2.000     1.000     2.000     0.104
     4.000     1.000     2.000     0.000     0.000    -0.068
     4.000     2.000     2.000     0.000     3.000     0.113
     2.000     1.000     1.000     1.000     0.000    -0.154
     3.000     2.000     2.000     0.000     3.000     0.092
     3.000     2.000     0.000     3.000     0.000    -0.071
     4.000     0.000     2.000     2.000     0.000    -0.082
     3.000     3.000     3.000     3.000     2.000     0.370
     3.000     3.000     2.000     1.000     2.000     0.200
     4.000     2.000     3.000     1.000     3.000     0.255
     3.000     2.000     1.000     2.000     2.000     0.049
     4.000     0.000     2.000     1.000     0.000    -0.117
     3.000     2.000     1.000     2.000     3.000     0.078
     3.000     2.000     1.000     2.000     3.000     0.078
     3.000     3.000     2.000     1.000     1.000     0.172
     3.000     1.000     2.000     0.000     1.000    -0.055
     2.000     2.000     0.000     2.000     0.000    -0.124
     3.000     2.000     2.000     2.000     2.000     0.139
     1.000     1.000     1.000     0.000     0.000    -0.214
     4.000     2.000     2.000     3.000     1.000     0.166
     2.000     0.000     0.000     0.000     2.000    -0.337
     3.000     2.000     2.000     1.000     2.000     0.104
     3.000     1.000     1.000     2.000     0.000    -0.100
     2.000     1.000     2.000     1.000     0.000    -0.066
     3.000     1.000     1.000     0.000     0.000    -0.177
     3.000     3.000     1.000     2.000     2.000     0.143
     3.000     1.000     2.000     0.000     0.000    -0.089
     3.000     1.000     2.000     2.000     1.000     0.021
     4.000     1.000     2.000     1.000     1.000     0.007
     3.000     1.000     0.000     1.000     1.000    -0.197
     3.000     2.000     1.000     2.000     1.000     0.021
     3.000     1.000     2.000     1.000     0.000    -0.047
     2.000     2.000     2.000     1.000     0.000     0.023
     3.000     2.000     3.000     1.000     2.000     0.203
     2.000     1.000     1.000     2.000     1.000    -0.085
     3.000     2.000     3.000     1.000     3.000     0.233
     3.000     2.000     2.000     1.000     1.000     0.076
     3.000     1.000     2.000     2.000     1.000     0.021
     2.000     2.000     2.000     2.000     1.000     0.092
     3.000     2.000     1.000     1.000     1.000    -0.013
     4.000     1.000     0.000     1.000     0.000    -0.213
     3.000     2.000     2.000     2.000     1.000     0.111
     2.000     0.000     0.000     0.000     2.000    -0.337
     4.000     3.000     3.000     1.000     1.000     0.292
     2.000     2.000     2.000     2.000     2.000     0.120
     3.000     1.000     3.000     3.000     1.000     0.150
     3.000     1.000     1.000     3.000     0.000    -0.068
     3.000     2.000     2.000     2.000     2.000     0.139
     3.000     1.000     1.000     2.000     2.000    -0.039
     4.000     0.000     0.000     2.000     0.000    -0.274
     3.000     1.000     0.000     0.000     1.000    -0.242
     3.000     2.000     3.000     2.000     2.000     0.237
     4.000     2.000     3.000     2.000     3.000     0.289
     3.000     1.000     2.000     2.000     1.000     0.021
     2.000     2.000     2.000     2.000     0.000     0.059
     4.000     2.000     2.000     1.000     3.000     0.155
     3.000     2.000     0.000     1.000     3.000    -0.048
     4.000     1.000     1.000     1.000     0.000    -0.115
     4.000     1.000     2.000     0.000     1.000    -0.034
     3.000     3.000     2.000     2.000     1.000     0.206
     2.000     2.000     2.000     2.000     2.000     0.120
     4.000     1.000     1.000     1.000     3.000    -0.024
     3.000     0.000     2.000     2.000     0.000    -0.102
     2.000     3.000     2.000     3.000     1.000     0.221
     2.000     1.000     0.000     0.000     0.000    -0.302
     3.000     1.000     1.000     1.000     1.000    -0.101
     4.000     2.000     2.000     1.000     1.000     0.097
     3.000     2.000     2.000     2.000     2.000     0.139
     3.000     1.000     1.000     1.000     1.000    -0.101
     1.000     2.000     1.000     2.000     2.000     0.012
     4.000     2.000     2.000     2.000     1.000     0.132
     2.000     3.000     3.000     2.000     0.000     0.253
     2.000     1.000     2.000     1.000     1.000    -0.033
     2.000     2.000     2.000     2.000     1.000     0.092
     2.000     3.000     1.000     1.000     0.000     0.031
     3.000     2.000     3.000     2.000     2.000     0.237
     3.000     2.000     2.000     1.000     2.000     0.104
     3.000     1.000     0.000     0.000     0.000    -0.281
     3.000     2.000     2.000     2.000     1.000     0.111
     3.000     1.000     2.000     2.000     0.000    -0.012
     4.000     2.000     1.000     1.000     1.000     0.007
     3.000     1.000     1.000     3.000     1.000    -0.034
     4.000     2.000     0.000     1.000     2.000    -0.056
     4.000     1.000     0.000     0.000     0.000    -0.259
     4.000     3.000     3.000     1.000     2.000     0.321
     3.000     2.000     1.000     1.000     1.000    -0.013
     3.000     2.000     3.000     1.000     2.000     0.203
     2.000     1.000     2.000     1.000     1.000    -0.033
     4.000     3.000     2.000     1.000     3.000     0.251
     4.000     0.000     0.000     0.000     2.000    -0.291
     4.000     3.000     1.000     0.000     0.000     0.030
     2.000     1.000     0.000     1.000     0.000    -0.255
     4.000     1.000     1.000     2.000     3.000     0.010
     3.000     0.000     1.000     1.000     1.000    -0.191
     2.000     2.000     3.000     2.000     2.000     0.218
     3.000     1.000     0.000     1.000     0.000    -0.235
     0.000     0.000     0.000     0.000     0.000    -0.462
     2.000     1.000     1.000     1.000     1.000    -0.120
     3.000     2.000     1.000     1.000     3.000     0.044
     3.000     2.000     1.000     2.000     2.000     0.049
     4.000     3.000     3.000     0.000     4.000     0.345
     4.000     4.000     3.000     3.000     1.000     0.470
     3.000     0.000     2.000     1.000     1.000    -0.103
     2.000     2.000     0.000     1.000     0.000    -0.161
     4.000     1.000     1.000     1.000     3.000    -0.024
     3.000     1.000     3.000     1.000     0.000     0.050
     3.000     1.000     0.000     0.000     0.000    -0.281
     3.000     1.000     2.000     1.000     3.000     0.043
     3.000     1.000     2.000     3.000     1.000     0.054
     3.000     1.000     2.000     1.000     0.000    -0.047
     3.000     3.000     1.000     3.000     3.000     0.205
     3.000     1.000     2.000     1.000     2.000     0.014
     2.000     4.000     3.000     1.000     0.000     0.327
     4.000     2.000     2.000     2.000     0.000     0.099
     2.000     1.000     2.000     1.000     2.000    -0.005
     3.000     2.000     1.000     2.000     1.000     0.021
     2.000     1.000     1.000     1.000     1.000    -0.120
     2.000     2.000     2.000     2.000     2.000     0.120
     3.000     0.000     0.000     1.000     0.000    -0.340
     3.000     1.000     2.000     2.000     0.000    -0.012
     3.000     1.000     2.000     2.000     2.000     0.048
     2.000     2.000     1.000     2.000     0.000    -0.031
     3.000     1.000     1.000     1.000     1.000    -0.101
     4.000     3.000     1.000     0.000     1.000     0.062
     4.000     2.000     1.000     3.000     2.000     0.103
     4.000     2.000     4.000     1.000     0.000     0.287
     2.000     1.000     1.000     1.000     1.000    -0.120
     4.000     2.000     3.000     2.000     0.000     0.198
     3.000     2.000     1.000     0.000     2.000    -0.027
     4.000     0.000     0.000     0.000     0.000    -0.368
     3.000     1.000     0.000     1.000     0.000    -0.235
     3.000     2.000     2.000     2.000     1.000     0.111
     4.000     2.000     1.000     1.000     1.000     0.007
     4.000     1.000     1.000     0.000     2.000    -0.094
     3.000     2.000     0.000     1.000     0.000    -0.142
     3.000     2.000     1.000     1.000     0.000    -0.047
     3.000     0.000     1.000     2.000     2.000    -0.128
     3.000     1.000     2.000     3.000     1.000     0.054
     3.000     0.000     2.000     1.000     1.000    -0.103
     2.000     1.000     2.000     1.000     1.000    -0.033
     3.000     3.000     0.000     3.000     1.000     0.061
     4.000     0.000     1.000     1.000     0.000    -0.206
     3.000     2.000     3.000     3.000     2.000     0.273
     3.000     2.000     0.000     1.000     1.000    -0.106
     2.000     2.000     1.000     2.000     0.000    -0.031
     4.000     2.000     2.000     1.000     2.000     0.125
     3.000     2.000     2.000     2.000     1.000     0.111
     3.000     1.000     2.000     1.000     2.000     0.014
     3.000     1.000     1.000     0.000     1.000    -0.142
     4.000     1.000     0.000     0.000     3.000    -0.160
     4.000     1.000     0.000     0.000     3.000    -0.160
     2.000     0.000     2.000     0.000     0.000    -0.200
     3.000     3.000     2.000     2.000     2.000     0.234
     3.000     2.000     2.000     1.000     2.000     0.104
     3.000     1.000     2.000     1.000     1.000    -0.014
     3.000     0.000     0.000     0.000     0.000    -0.394
     1.000     0.000     0.000     0.000     0.000    -0.441
     4.000     2.000     3.000     0.000     0.000     0.121
     2.000     3.000     0.000     1.000     1.000    -0.025
     2.000     3.000     2.000     2.000     2.000     0.215
     3.000     1.000     0.000     3.000     3.000    -0.068
     2.000     2.000     2.000     1.000     1.000     0.057
     3.000     0.000     0.000     1.000     0.000    -0.340
     3.000     2.000     2.000     1.000     1.000     0.076
     2.000     2.000     2.000     2.000     2.000     0.120
     4.000     3.000     3.000     4.000     0.000     0.385
     3.000     1.000     1.000     0.000     1.000    -0.142
     3.000     3.000     3.000     1.000     3.000     0.330
     3.000     2.000     1.000     3.000     0.000     0.021
     3.000     3.000     0.000     3.000     0.000     0.028
     2.000     0.000     0.000     1.000     1.000    -0.319
     3.000     2.000     2.000     2.000     1.000     0.111
     2.000     3.000     2.000     2.000     0.000     0.155
     2.000     1.000     2.000     2.000     1.000     0.002
     2.000     3.000     3.000     3.000     1.000     0.321
     3.000     0.000     0.000     0.000     3.000    -0.281
     2.000     1.000     1.000     2.000     1.000    -0.085
     3.000     2.000     2.000     1.000     0.000     0.043
     2.000     2.000     1.000     1.000     1.000    -0.032
     4.000     0.000     0.000     1.000     3.000    -0.212
     2.000     2.000     2.000     2.000     1.000     0.092
     4.000     1.000     2.000     1.000     2.000     0.034
     3.000     2.000     0.000     0.000     0.000    -0.186
     3.000     2.000     2.000     2.000     3.000     0.169
     3.000     3.000     2.000     2.000     2.000     0.234
