     3.000     3.000     1.000     1.000     1.000     0.004
     2.000     2.000     2.000     1.000     2.000    -0.228
     1.000     1.000     1.000     1.000     3.000    -0.761
     3.000     2.000     1.000     2.000     1.000    -0.195
     3.000     0.000     3.000     3.000     3.000    -0.220
     2.000     1.000     1.000     2.000     1.000    -0.668
     2.000     1.000     2.000     1.000     1.000    -0.552
     2.000     2.000     2.000     2.000     2.000    -0.179
     3.000     2.000     3.000     2.000     3.000     0.319
     2.000     2.000     2.000     1.000     3.000    -0.152
     3.000     1.000     4.000     3.000     3.000     0.359
     3.000     2.000     1.000     3.000     3.000     0.003
     2.000     2.000     2.000     2.000     2.000    -0.179
     2.000     2.000     2.000     1.000     1.000    -0.293
     2.000     2.000     1.000     1.000     1.000    -0.455
     2.000     1.000     2.000     3.000     1.000    -0.450
     3.000     1.000     1.000     0.000     3.000    -0.424
     3.000     3.000     3.000     2.000     2.000     0.508
     3.000     2.000     1.000     1.000     2.000    -0.178
     3.000     3.000     3.000     3.000     3.000     0.649
     1.000     2.000     0.000     0.000     3.000    -0.733
     2.000     2.000     1.000     3.000     2.000    -0.292
     2.000     2.000     2.000     2.000     3.000    -0.103
     3.000     1.000     1.000     1.000     2.000    -0.442
     2.000     2.000     2.000     3.000     3.000    -0.053
     3.000     1.000     3.000     3.000     3.000     0.115
     3.000     3.000     3.000     1.000     2.000     0.454
     3.000     1.000     2.000     2.000     3.000    -0.135
     0.000     2.000     2.000     2.000     3.000    -0.485
     2.000     2.000     2.000     2.000     2.000    -0.179
     2.000     2.000     1.000     0.000     3.000    -0.374
     3.000     3.000     3.000     2.000     3.000     0.594
     3.000     2.000     2.000     2.000     2.000     0.042
     2.000     1.000     2.000     2.000     3.000    -0.355
     4.000     3.000     1.000     4.000     4.000     0.700
     1.000     1.000     1.000     2.000     1.000    -0.855
     4.000     3.000     2.000     3.000     3.000     0.718
     2.000     2.000     2.000     2.000     1.000    -0.244
     1.000     1.000     2.000     2.000     2.000    -0.618
     2.000     4.000     4.000     3.000     3.000     0.946
     2.000     1.000     3.000     0.000     1.000    -0.429
     1.000     1.000     1.000     0.000     2.000    -0.902
     3.000     2.000     3.000     3.000     2.000     0.289
     1.000     1.000     2.000     3.000     1.000    -0.635
     0.000     0.000     0.000     1.000     0.000    -1.772
     4.000     3.000     3.000     2.000     3.000     0.884
     3.000     3.000     3.000     1.000     2.000     0.454
     3.000     2.000     1.000     1.000     3.000    -0.099
     3.000     3.000     2.000     3.000     2.000     0.353
     3.000     3.000     3.000     0.000     4.000     0.577
     0.000     0.000     0.000     3.000     1.000    -1.564
     3.000     1.000     0.000     2.000     2.000    -0.577
     3.000     3.000     2.000     1.000     2.000     0.247
     3.000     2.000     2.000     1.000     3.000     0.071
     2.000     1.000     0.000     2.000     0.000    -0.925
     3.000     3.000     1.000     1.000     3.000     0.155
     3.000     3.000     3.000     3.000     2.000     0.562
     2.000     2.000     2.000     2.000     2.000    -0.179
     4.000     3.000     2.000     1.000     2.000     0.527
     3.000     1.000     2.000     2.000     2.000    -0.216
     3.000     3.000     2.000     2.000     3.000     0.383
     0.000     1.000     0.000     1.000     2.000    -1.262
     2.000     1.000     3.000     2.000     2.000    -0.248
     2.000     1.000     0.000     1.000     2.000    -0.840
     1.000     1.000     1.000     3.000     2.000    -0.737
     2.000     1.000     2.000     3.000     3.000    -0.305
     2.000     1.000     2.000     2.000     1.000    -0.501
     1.000     1.000     2.000     3.000     3.000    -0.489
     3.000     3.000     2.000     1.000     2.000     0.247
     1.000     1.000     0.000     1.000     3.000    -0.953
     3.000     3.000     3.000     3.000     2.000     0.562
     3.000     1.000     3.000     1.000     2.000    -0.075
     3.000     4.000     3.000     3.000     1.000     0.828
     2.000     0.000     1.000     3.000     3.000    -0.777
     2.000     2.000     2.000     2.000     2.000    -0.179
     4.000     2.000     4.000     3.000     3.000     0.887
     2.000     1.000     3.000     2.000     2.000    -0.248
     3.000     3.000     3.000     2.000     1.000     0.435
     3.000     3.000     3.000     0.000     3.000     0.476
     4.000     3.000     3.000     2.000     3.000     0.884
     4.000     3.000     1.000     0.000     1.000     0.222
     3.000     3.000     3.000     3.000     2.000     0.562
     3.000     2.000     2.000     0.000     2.000    -0.070
     3.000     3.000     1.000     2.000     3.000     0.207
     3.000     0.000     1.000     3.000     2.000    -0.653
     2.000     1.000     1.000     2.000     3.000    -0.523
     3.000     2.000     2.000     0.000     3.000     0.010
     4.000     3.000     3.000     3.000     3.000     0.941
     3.000     3.000     2.000     2.000     3.000     0.383
     4.000     4.000     4.000     4.000     4.000     1.759
     3.000     3.000     2.000     1.000     2.000     0.247
     0.000     1.000     2.000     2.000     3.000    -0.754
     3.000     3.000     1.000     1.000     3.000     0.155
     3.000     2.000     3.000     2.000     2.000     0.237
     3.000     2.000     3.000     2.000     3.000     0.319
     4.000     1.000     2.000     1.000     2.000     0.017
     3.000     0.000     2.000     2.000     2.000    -0.535
     3.000     3.000     3.000     1.000     1.000     0.381
     2.000     1.000     1.000     3.000     2.000    -0.551
     2.000     2.000     3.000     2.000     4.000     0.175
     2.000     1.000     3.000     3.000     1.000    -0.265
     3.000     3.000     3.000     2.000     3.000     0.594
     3.000     2.000     3.000     3.000     3.000     0.372
     2.000     2.000     3.000     3.000     4.000     0.225
     2.000     2.000     1.000     2.000     2.000    -0.341
     3.000     3.000     3.000     4.000     3.000     0.715
     2.000     1.000     3.000     1.000     3.000    -0.220
     3.000     1.000     2.000     1.000     2.000    -0.269
     1.000     1.000     1.000     1.000     2.000    -0.839
     4.000     4.000     4.000     4.000     4.000     1.759
     2.000     2.000     2.000     0.000     2.000    -0.287
     3.000     2.000     2.000     2.000     2.000     0.042
     3.000     3.000     2.000     1.000     3.000     0.331
     4.000     4.000     3.000     2.000     3.000     1.226
     3.000     2.000     2.000     3.000     3.000     0.173
     4.000     3.000     3.000     3.000     3.000     0.941
     4.000     3.000     3.000     4.000     3.000     1.009
     3.000     1.000     3.000     2.000     0.000    -0.160
     3.000     2.000     2.000     0.000     3.000     0.010
     2.000     2.000     0.000     1.000     1.000    -0.632
     3.000     2.000     0.000     1.000     2.000    -0.358
     2.000     2.000     2.000     3.000     3.000    -0.053
     1.000     3.000     3.000     0.000     1.000    -0.108
     1.000     1.000     3.000     1.000     1.000    -0.554
     2.000     0.000     0.000     0.000     2.000    -1.218
     3.000     2.000     3.000     3.000     3.000     0.372
     3.000     2.000     1.000     2.000     1.000    -0.195
     2.000     2.000     2.000     1.000     2.000    -0.228
     0.000     0.000     3.000     3.000     0.000    -1.043
     3.000     3.000     3.000     3.000     3.000     0.649
     3.000     2.000     2.000     2.000     2.000     0.042
     4.000     3.000     4.000     3.000     2.000     1.106
     3.000     3.000     3.000     4.000     3.000     0.715
     3.000     2.000     2.000     0.000     3.000     0.010
     3.000     2.000     2.000     2.000     3.000     0.122
     1.000     2.000     1.000     1.000     3.000    -0.493
     3.000     1.000     1.000     2.000     3.000    -0.308
     4.000     1.000     3.000     4.000     4.000     0.556
     0.000     1.000     2.000     2.000     2.000    -0.833
     3.000     1.000     0.000     2.000     2.000    -0.577
     2.000     2.000     3.000     2.000     3.000     0.082
     3.000     3.000     1.000     1.000     3.000     0.155
     1.000     2.000     1.000     2.000     3.000    -0.443
     3.000     3.000     3.000     1.000     3.000     0.540
     1.000     1.000     3.000     3.000     2.000    -0.383
     4.000     3.000     3.000     3.000     1.000     0.776
     3.000     0.000     0.000     1.000     2.000    -0.948
     3.000     3.000     3.000     3.000     3.000     0.649
     1.000     1.000     3.000     2.000     2.000    -0.434
     1.000     1.000     2.000     3.000     0.000    -0.702
     3.000     3.000     3.000     0.000     2.000     0.390
     1.000     0.000     3.000     3.000     1.000    -0.760
     2.000     2.000     2.000     2.000     3.000    -0.103
     2.000     1.000     0.000     0.000     0.000    -1.043
     1.000     1.000     1.000     3.000     4.000    -0.562
     4.000     3.000     4.000     3.000     3.000     1.199
     1.000     1.000     1.000     1.000     3.000    -0.761
     2.000     1.000     1.000     2.000     4.000    -0.428
     3.000     2.000     2.000     2.000     3.000     0.122
     4.000     3.000     4.000     4.000     2.000     1.175
     2.000     3.000     3.000     2.000     3.000     0.336
     3.000     3.000     3.000     1.000     2.000     0.454
     4.000     3.000     3.000     2.000     3.000     0.884
     2.000     1.000     2.000     3.000     2.000    -0.383
     3.000     3.000     2.000     1.000     1.000     0.177
     4.000     4.000     3.000     0.000     2.000     1.016
     3.000     3.000     3.000     3.000     3.000     0.649
     3.000     3.000     2.000     1.000     2.000     0.247
     4.000     4.000     3.000     1.000     2.000     1.080
     3.000     2.000     3.000     1.000     1.000     0.115
     3.000     2.000     0.000     2.000     4.000    -0.132
     3.000     2.000     2.000     2.000     3.000     0.122
     2.000     1.000     3.000     1.000     2.000    -0.300
     1.000     1.000     3.000     3.000     3.000    -0.303
     1.000     1.000     1.000     1.000     3.000    -0.761
     3.000     3.000     3.000     3.000     2.000     0.562
     3.000     3.000     2.000     1.000     2.000     0.247
     1.000     1.000     2.000     2.000     3.000    -0.540
     3.000     2.000     1.000     1.000     2.000    -0.178
     4.000     3.000     4.000     4.000     1.000     1.097
     4.000     2.000     2.000     2.000     2.000     0.315
     3.000     1.000     3.000     1.000     3.000     0.008
     3.000     3.000     3.000     3.000     4.000     0.750
     3.000     2.000     2.000     2.000     2.000     0.042
     1.000     1.000     1.000     2.000     1.000    -0.855
     3.000     2.000     3.000     1.000     3.000     0.267
     3.000     1.000     3.000     3.000     3.000     0.115
     3.000     2.000     3.000     3.000     3.000     0.372
     3.000     1.000     0.000     1.000     2.000    -0.631
     1.000     2.000     3.000     2.000     2.000    -0.175
     3.000     2.000     1.000     1.000     2.000    -0.178
     2.000     2.000     0.000     2.000     0.000    -0.646
     2.000     1.000     2.000     2.000     4.000    -0.261
     2.000     1.000     1.000     0.000     1.000    -0.781
     4.000     3.000     3.000     1.000     2.000     0.741
     2.000     2.000     1.000     0.000     1.000    -0.514
     3.000     2.000     2.000     2.000     2.000     0.042
     4.000     3.000     3.000     2.000     3.000     0.884
     2.000     1.000     3.000     2.000     3.000    -0.169
     4.000     1.000     1.000     3.000     4.000     0.124
     1.000     1.000     3.000     2.000     1.000    -0.502
     3.000     2.000     2.000     3.000     3.000     0.173
     3.000     2.000     3.000     1.000     3.000     0.267
     4.000     0.000     3.000     0.000     3.000    -0.099
     3.000     3.000     3.000     1.000     3.000     0.540
     3.000     1.000     0.000     1.000     1.000    -0.701
     1.000     1.000     3.000     3.000     3.000    -0.303
     3.000     3.000     2.000     3.000     3.000     0.437
     3.000     0.000     1.000     3.000     3.000    -0.575
     3.000     1.000     2.000     2.000     3.000    -0.135
     4.000     3.000     2.000     1.000     3.000     0.611
     3.000     1.000     2.000     1.000     1.000    -0.338
     3.000     3.000     3.000     2.000     3.000     0.594
     4.000     4.000     2.000     0.000     4.000     0.978
     2.000     2.000     1.000     3.000     4.000    -0.125
     4.000     1.000     2.000     2.000     2.000     0.068
     3.000     1.000     2.000     1.000     2.000    -0.269
     2.000     2.000     2.000     1.000     3.000    -0.152
     2.000     2.000     3.000     2.000     3.000     0.082
     2.000     2.000     2.000     2.000     2.000    -0.179
     3.000     1.000     3.000     4.000     2.000     0.094
     3.000     1.000     4.000     4.000     3.000     0.422
     0.000     0.000     0.000     1.000     2.000    -1.607
     2.000     2.000     2.000     3.000     3.000    -0.053
     3.000     2.000     2.000     2.000     3.000     0.122
     1.000     1.000     2.000     1.000     2.000    -0.670
     3.000     2.000     3.000     3.000     3.000     0.372
     3.000     3.000     3.000     2.000     3.000     0.594
     3.000     3.000     4.000     1.000     2.000     0.701
     3.000     3.000     2.000     2.000     3.000     0.383
     3.000     4.000     3.000     0.000     3.000     0.817
     1.000     3.000     3.000     1.000     3.000     0.100
     3.000     1.000     2.000     2.000     2.000    -0.216
     3.000     2.000     2.000     1.000     2.000    -0.009
     3.000     1.000     1.000     0.000     2.000    -0.505
     3.000     2.000     1.000     2.000     3.000    -0.048
     1.000     1.000     2.000     3.000     2.000    -0.568
     3.000     3.000     2.000     2.000     3.000     0.383
     3.000     2.000     1.000     1.000     3.000    -0.099
     3.000     2.000     2.000     2.000     2.000     0.042
     2.000     2.000     2.000     1.000     2.000    -0.228
     3.000     3.000     2.000     1.000     3.000     0.331
     4.000     3.000     4.000     3.000     3.000     1.199
     2.000     2.000     0.000     1.000     3.000    -0.490
     2.000     1.000     1.000     4.000     2.000    -0.491
     3.000     3.000     3.000     3.000     3.000     0.649
     2.000     1.000     2.000     1.000     2.000    -0.485
     1.000     2.000     3.000     1.000     3.000    -0.148
     3.000     1.000     3.000     2.000     3.000     0.062
     2.000     0.000     1.000     2.000     3.000    -0.827
     1.000     1.000     3.000     2.000     3.000    -0.355
     4.000     4.000     4.000     4.000     2.000     1.533
     3.000     1.000     2.000     0.000     0.000    -0.469
     3.000     2.000     1.000     2.000     3.000    -0.048
     3.000     3.000     3.000     2.000     3.000     0.594
     2.000     1.000     2.000     2.000     2.000    -0.433
     3.000     2.000     2.000     2.000     3.000     0.122
     4.000     2.000     4.000     4.000     3.000     0.951
     1.000     2.000     2.000     2.000     3.000    -0.280
     3.000     1.000     3.000     1.000     3.000     0.008
     4.000     2.000     2.000     2.000     3.000     0.395
     3.000     1.000     3.000     1.000     2.000    -0.075
     4.000     4.000     4.000     2.000     2.000     1.397
     3.000     1.000     3.000     1.000     2.000    -0.075
     4.000     3.000     1.000     1.000     3.000     0.434
     3.000     2.000     1.000     1.000     3.000    -0.099
     4.000     3.000     3.000     3.000     3.000     0.941
     2.000     2.000     3.000     3.000     2.000     0.054
     3.000     2.000     3.000     2.000     1.000     0.167
     4.000     3.000     2.000     2.000     2.000     0.579
     2.000     2.000     2.000     2.000     3.000    -0.103
     2.000     1.000     1.000     1.000     2.000    -0.652
     3.000     2.000     3.000     1.000     3.000     0.267
     2.000     3.000     2.000     1.000     3.000     0.092
     3.000     2.000     1.000     2.000     2.000    -0.127
     2.000     2.000     2.000     2.000     2.000    -0.179
     4.000     2.000     3.000     2.000     2.000     0.513
     3.000     2.000     2.000     1.000     3.000     0.071
     2.000     2.000     2.000     3.000     3.000    -0.053
     2.000     2.000     2.000     2.000     2.000    -0.179
     3.000     1.000     3.000     1.000     2.000    -0.075
     2.000     1.000     2.000     2.000     2.000    -0.433
     3.000     3.000     3.000     2.000     3.000     0.594
     2.000     1.000     1.000     1.000     2.000    -0.652
     3.000     3.000     3.000     1.000     3.000     0.540
     3.000     3.000     4.000     3.000     4.000     0.999
     3.000     3.000     0.000     1.000     3.000    -0.027
     3.000     2.000     2.000     1.000     3.000     0.071
     2.000     2.000     2.000     2.000     2.000    -0.179
     3.000     1.000     1.000     1.000     2.000    -0.442
     1.000     1.000     3.000     2.000     3.000    -0.355
     2.000     0.000     0.000     3.000     3.000    -0.967
     3.000     1.000     3.000     0.000     4.000     0.044
     1.000     1.000     3.000     3.000     1.000    -0.451
     2.000     2.000     3.000     3.000     0.000    -0.076
     3.000     3.000     3.000     3.000     3.000     0.649
     3.000     1.000     1.000     2.000     2.000    -0.389
     2.000     3.000     0.000     1.000     2.000    -0.326
     2.000     2.000     3.000     3.000     0.000    -0.076
     3.000     3.000     3.000     1.000     3.000     0.540
     3.000     2.000     3.000     3.000     3.000     0.372
     1.000     1.000     1.000     2.000     2.000    -0.787
     0.000     0.000     0.000     4.000     3.000    -1.335
     2.000     1.000     0.000     1.000     3.000    -0.761
     2.000     3.000     3.000     3.000     3.000     0.388
     3.000     3.000     2.000     0.000     2.000     0.185
     3.000     2.000     2.000     2.000     2.000     0.042
     2.000     3.000     3.000     4.000     1.000     0.298
     4.000     3.000     3.000     3.000     3.000     0.941
     1.000     1.000     1.000     1.000     2.000    -0.839
     2.000     2.000     3.000     2.000     2.000     0.004
     4.000     3.000     2.000     1.000     2.000     0.527
     3.000     2.000     2.000     3.000     3.000     0.173
     3.000     2.000     1.000     3.000     3.000     0.003
     4.000     0.000     2.000     2.000     4.000    -0.082
     3.000     3.000     3.000     3.000     2.000     0.562
     2.000     1.000     2.000     2.000     2.000    -0.433
     2.000     2.000     1.000     1.000     1.000    -0.455
     3.000     1.000     1.000     3.000     2.000    -0.337
     2.000     2.000     3.000     2.000     2.000     0.004
     3.000     1.000     2.000     1.000     2.000    -0.269
     3.000     3.000     3.000     2.000     2.000     0.508
     2.000     2.000     3.000     3.000     3.000     0.132
     1.000     1.000     1.000     2.000     1.000    -0.855
     3.000     1.000     2.000     1.000     2.000    -0.269
     3.000     3.000     3.000     3.000     3.000     0.649
     3.000     2.000     1.000     2.000     2.000    -0.127
     4.000     2.000     3.000     0.000     2.000     0.401
     3.000     2.000     2.000     1.000     3.000     0.071
     3.000     2.000     2.000     2.000     1.000    -0.027
     4.000     1.000     1.000     1.000     3.000    -0.072
     3.000     3.000     3.000     2.000     4.000     0.695
     3.000     1.000     1.000     0.000     0.000    -0.643
     3.000     2.000     3.000     2.000     3.000     0.319
     3.000     2.000     3.000     3.000     1.000     0.219
     4.000     2.000     4.000     4.000     3.000     0.951
     3.000     2.000     3.000     3.000     1.000     0.219
     3.000     2.000     2.000     2.000     2.000     0.042
     2.000     0.000     0.000     1.000     1.000    -1.221
     4.000     4.000     3.000     1.000     2.000     1.080
     4.000     2.000     3.000     1.000     2.000     0.462
     1.000     1.000     2.000     1.000     2.000    -0.670
     1.000     0.000     2.000     4.000     2.000    -0.814
     2.000     1.000     2.000     4.000     4.000    -0.151
     2.000     2.000     2.000     3.000     3.000    -0.053
     3.000     2.000     2.000     2.000     2.000     0.042
     2.000     2.000     2.000     2.000     2.000    -0.179
     3.000     3.000     3.000     3.000     2.000     0.562
     2.000     2.000     1.000     1.000     2.000    -0.390
     3.000     2.000     1.000     3.000     2.000    -0.077
     3.000     0.000     1.000     1.000     1.000    -0.823
     3.000     1.000     4.000     4.000     3.000     0.422
     3.000     1.000     4.000     4.000     3.000     0.422
     3.000     1.000     2.000     0.000     4.000    -0.152
     1.000     3.000     3.000     2.000     2.000     0.071
     3.000     3.000     3.000     2.000     2.000     0.508
     2.000     1.000     4.000     3.000     2.000     0.042
     0.000     0.000     1.000     2.000     0.000    -1.461
     3.000     3.000     4.000     2.000     2.000     0.755
     3.000     3.000     3.000     2.000     4.000     0.695
     1.000     3.000     3.000     1.000     1.000    -0.047
     1.000     1.000     1.000     2.000     2.000    -0.787
     1.000     1.000     1.000     0.000     1.000    -0.969
     3.000     3.000     3.000     3.000     3.000     0.649
     2.000     1.000     2.000     2.000     2.000    -0.433
     3.000     1.000     1.000     2.000     2.000    -0.389
     3.000     1.000     2.000     2.000     2.000    -0.216
     4.000     3.000     2.000     0.000     2.000     0.465
     3.000     3.000     3.000     1.000     3.000     0.540
     3.000     3.000     3.000     3.000     3.000     0.649
     1.000     1.000     2.000     1.000     2.000    -0.670
     1.000     1.000     1.000     0.000     1.000    -0.969
     3.000     1.000     3.000     1.000     1.000    -0.145
     3.000     1.000     1.000     1.000     3.000    -0.361
     2.000     2.000     4.000     0.000     2.000     0.128
     1.000     1.000     2.000     1.000     1.000    -0.737
     3.000     3.000     3.000     1.000     1.000     0.381
     4.000     0.000     4.000     0.000     2.000     0.058
     2.000     2.000     1.000     1.000     2.000    -0.390
     3.000     3.000     4.000     3.000     1.000     0.736
     2.000     2.000     2.000     2.000     3.000    -0.103
     4.000     4.000     4.000     4.000     2.000     1.533
     3.000     2.000     2.000     3.000     2.000     0.093
     2.000     2.000     2.000     1.000     3.000    -0.152
     4.000     2.000     2.000     0.000     3.000     0.285
     1.000     1.000     2.000     2.000     3.000    -0.540
     3.000     2.000     2.000     3.000     3.000     0.173
