     2.000     2.000     3.000     3.000     0.000     0.017
     3.000     3.000     2.000     1.000     2.000     0.358
     1.000     3.000     3.000     3.000     3.000     0.129
     2.000     2.000     2.000     2.000     2.000    -0.282
     2.000     3.000     3.000     3.000     0.000     0.480
     1.000     2.000     2.000     2.000     1.000    -0.495
     3.000     3.000     3.000     2.000     1.000     0.682
     3.000     2.000     2.000     2.000     3.000    -0.048
     2.000     2.000     2.000     2.000     2.000    -0.282
     1.000     2.000     2.000     2.000     1.000    -0.495
     2.000     2.000     3.000     4.000     0.000     0.087
     3.000     3.000     3.000     3.000     1.000     0.762
     1.000     2.000     2.000     2.000     2.000    -0.517
     1.000     2.000     3.000     2.000     3.000    -0.351
     1.000     2.000     2.000     2.000     2.000    -0.517
     2.000     2.000     2.000     2.000     3.000    -0.303
     3.000     3.000     3.000     3.000     2.000     0.732
     3.000     3.000     3.000     3.000     0.000     0.797
     2.000     2.000     3.000     3.000     0.000     0.017
     1.000     3.000     3.000     3.000     2.000     0.150
     2.000     2.000     3.000     2.000     1.000    -0.068
     2.000     2.000     2.000     2.000     2.000    -0.282
     3.000     2.000     1.000     1.000     2.000    -0.250
     2.000     3.000     2.000     2.000     0.000     0.198
     2.000     3.000     2.000     3.000     0.000     0.261
     3.000     3.000     3.000     3.000     2.000     0.732
     2.000     2.000     3.000     2.000     0.000    -0.042
     2.000     2.000     3.000     3.000     1.000    -0.009
     2.000     2.000     2.000     4.000     1.000    -0.128
     2.000     2.000     2.000     2.000     1.000    -0.259
     2.000     2.000     3.000     2.000     1.000    -0.068
     2.000     3.000     3.000     3.000     1.000     0.449
     3.000     2.000     2.000     2.000     1.000    -0.005
     2.000     2.000     2.000     2.000     1.000    -0.259
     2.000     2.000     2.000     4.000     1.000    -0.128
     1.000     2.000     2.000     1.000     2.000    -0.566
     2.000     4.000     2.000     1.000     1.000     0.800
     1.000     2.000     2.000     2.000     1.000    -0.495
     1.000     1.000     1.000     2.000     1.000    -1.026
     1.000     1.000     0.000     1.000     4.000    -1.262
     2.000     4.000     4.000     4.000     0.000     1.365
     2.000     1.000     2.000     3.000     1.000    -0.623
     3.000     3.000     3.000     2.000     0.000     0.717
     1.000     2.000     2.000     3.000     3.000    -0.480
     0.000     1.000     2.000     1.000     1.000    -1.136
     2.000     2.000     2.000     2.000     2.000    -0.282
     2.000     3.000     3.000     3.000     1.000     0.449
     1.000     1.000     1.000     1.000     2.000    -1.089
     2.000     3.000     3.000     3.000     3.000     0.398
     3.000     3.000     2.000     3.000     1.000     0.509
     2.000     3.000     3.000     1.000     0.000     0.353
     0.000     0.000     1.000     1.000     1.000    -1.679
     2.000     3.000     2.000     3.000     1.000     0.233
     2.000     2.000     3.000     3.000     2.000    -0.031
     2.000     2.000     2.000     1.000     1.000    -0.309
     3.000     3.000     3.000     3.000     0.000     0.797
     3.000     3.000     3.000     2.000     2.000     0.653
     2.000     2.000     2.000     2.000     2.000    -0.282
     2.000     3.000     3.000     3.000     1.000     0.449
     1.000     2.000     1.000     2.000     1.000    -0.661
     2.000     2.000     2.000     3.000     2.000    -0.222
     2.000     2.000     2.000     2.000     1.000    -0.259
     1.000     1.000     1.000     3.000     1.000    -0.974
     3.000     0.000     2.000     3.000     1.000    -0.752
     1.000     3.000     3.000     2.000     1.000     0.113
     0.000     2.000     1.000     1.000     2.000    -0.944
     1.000     1.000     2.000     3.000     2.000    -0.848
     1.000     3.000     3.000     2.000     3.000     0.071
     2.000     2.000     3.000     3.000     1.000    -0.009
     2.000     2.000     1.000     3.000     0.000    -0.351
     3.000     3.000     3.000     3.000     2.000     0.732
     3.000     3.000     3.000     3.000     1.000     0.762
     3.000     3.000     3.000     3.000     1.000     0.762
     3.000     3.000     1.000     4.000     2.000     0.348
     2.000     2.000     2.000     2.000     2.000    -0.282
     1.000     2.000     1.000     2.000     2.000    -0.683
     2.000     2.000     2.000     3.000     2.000    -0.222
     2.000     2.000     1.000     1.000     4.000    -0.549
     2.000     1.000     2.000     4.000     2.000    -0.580
     2.000     3.000     2.000     3.000     0.000     0.261
     2.000     3.000     2.000     2.000     1.000     0.171
     2.000     3.000     2.000     2.000     0.000     0.198
     2.000     3.000     3.000     3.000     1.000     0.449
     3.000     2.000     3.000     3.000     1.000     0.235
     1.000     2.000     3.000     3.000     2.000    -0.272
     1.000     1.000     1.000     2.000     1.000    -1.026
     2.000     2.000     2.000     3.000     2.000    -0.222
     2.000     2.000     2.000     1.000     1.000    -0.309
     1.000     3.000     3.000     1.000     1.000     0.065
     3.000     3.000     3.000     3.000     3.000     0.705
     3.000     3.000     3.000     3.000     1.000     0.762
     3.000     3.000     3.000     4.000     0.000     0.891
     1.000     3.000     3.000     3.000     1.000     0.172
     1.000     2.000     1.000     3.000     1.000    -0.605
     0.000     0.000     2.000     0.000     2.000    -1.594
     2.000     2.000     2.000     3.000     0.000    -0.172
     2.000     2.000     3.000     3.000     0.000     0.017
     3.000     3.000     2.000     3.000     1.000     0.509
     3.000     2.000     2.000     2.000     1.000    -0.005
     1.000     2.000     2.000     0.000     2.000    -0.614
     1.000     2.000     2.000     2.000     2.000    -0.517
     3.000     3.000     2.000     0.000     1.000     0.330
     1.000     1.000     1.000     3.000     1.000    -0.974
     4.000     4.000     3.000     3.000     1.000     1.601
     2.000     2.000     2.000     2.000     1.000    -0.259
     0.000     1.000     0.000     2.000     2.000    -1.399
     1.000     1.000     2.000     3.000     1.000    -0.828
     2.000     3.000     2.000     1.000     1.000     0.121
     2.000     2.000     3.000     2.000     1.000    -0.068
     4.000     4.000     4.000     3.000     4.000     1.761
     3.000     3.000     3.000     2.000     0.000     0.717
     1.000     2.000     2.000     3.000     1.000    -0.437
     3.000     3.000     3.000     3.000     1.000     0.762
     2.000     2.000     4.000     2.000     2.000     0.147
     2.000     2.000     3.000     3.000     2.000    -0.031
     4.000     4.000     3.000     3.000     2.000     1.577
     2.000     2.000     2.000     1.000     2.000    -0.332
     0.000     0.000     0.000     1.000     1.000    -1.873
     2.000     3.000     3.000     3.000     1.000     0.449
     0.000     1.000     1.000     1.000     1.000    -1.282
     3.000     3.000     3.000     3.000     1.000     0.762
     2.000     2.000     3.000     3.000     2.000    -0.031
     4.000     4.000     4.000     3.000     0.000     1.878
     2.000     1.000     3.000     2.000     2.000    -0.528
     3.000     3.000     3.000     3.000     2.000     0.732
     3.000     3.000     3.000     3.000     2.000     0.732
     1.000     1.000     2.000     3.000     0.000    -0.805
     2.000     2.000     3.000     3.000     2.000    -0.031
     2.000     3.000     4.000     4.000     0.000     0.846
     2.000     3.000     3.000     3.000     0.000     0.480
     3.000     3.000     3.000     2.000     3.000     0.626
     2.000     2.000     2.000     3.000     1.000    -0.199
     2.000     2.000     2.000     4.000     1.000    -0.128
     2.000     3.000     3.000     3.000     0.000     0.480
     2.000     2.000     4.000     2.000     1.000     0.169
     3.000     3.000     3.000     3.000     2.000     0.732
     3.000     3.000     3.000     3.000     1.000     0.762
     2.000     2.000     2.000     1.000     0.000    -0.282
     2.000     1.000     3.000     3.000     1.000    -0.456
     1.000     3.000     2.000     2.000     3.000    -0.108
     2.000     2.000     2.000     2.000     2.000    -0.282
     2.000     2.000     3.000     1.000     1.000    -0.118
     2.000     2.000     3.000     2.000     1.000    -0.068
     2.000     2.000     3.000     3.000     1.000    -0.009
     0.000     3.000     2.000     1.000     0.000    -0.298
     1.000     1.000     2.000     3.000     1.000    -0.828
     1.000     3.000     1.000     3.000     1.000    -0.177
     1.000     2.000     3.000     3.000     1.000    -0.250
     3.000     3.000     3.000     1.000     1.000     0.618
     1.000     1.000     2.000     1.000     1.000    -0.924
     2.000     1.000     1.000     2.000     0.000    -0.801
     1.000     1.000     1.000     3.000     1.000    -0.974
     2.000     3.000     2.000     2.000     1.000     0.171
     1.000     1.000     1.000     3.000     0.000    -0.951
     3.000     3.000     4.000     2.000     1.000     0.968
     1.000     2.000     2.000     2.000     2.000    -0.517
     1.000     1.000     2.000     3.000     1.000    -0.828
     1.000     1.000     1.000     3.000     1.000    -0.974
     1.000     1.000     1.000     3.000     1.000    -0.974
     1.000     1.000     2.000     2.000     3.000    -0.919
     3.000     3.000     3.000     3.000     0.000     0.797
     2.000     3.000     3.000     3.000     1.000     0.449
     3.000     3.000     3.000     1.000     0.000     0.652
     2.000     2.000     2.000     3.000     2.000    -0.222
     2.000     2.000     3.000     2.000     2.000    -0.091
     4.000     3.000     3.000     2.000     1.000     1.041
     0.000     2.000     3.000     1.000     1.000    -0.586
     3.000     3.000     2.000     4.000     1.000     0.594
     2.000     3.000     3.000     3.000     1.000     0.449
     1.000     2.000     2.000     3.000     1.000    -0.437
     2.000     3.000     4.000     4.000     0.000     0.846
     2.000     2.000     2.000     2.000     1.000    -0.259
     1.000     3.000     2.000     3.000     1.000    -0.013
     2.000     3.000     3.000     3.000     1.000     0.449
     3.000     3.000     3.000     1.000     2.000     0.590
     2.000     3.000     3.000     3.000     1.000     0.449
     3.000     3.000     3.000     3.000     1.000     0.762
     1.000     2.000     3.000     3.000     1.000    -0.250
     3.000     2.000     3.000     2.000     2.000     0.157
     0.000     0.000     0.000     2.000     1.000    -1.811
     2.000     3.000     2.000     3.000     0.000     0.261
     3.000     3.000     3.000     3.000     1.000     0.762
     4.000     3.000     4.000     3.000     1.000     1.356
     3.000     3.000     3.000     3.000     1.000     0.762
     2.000     2.000     3.000     4.000     2.000     0.039
     3.000     3.000     3.000     2.000     1.000     0.682
     1.000     2.000     3.000     3.000     3.000    -0.293
     2.000     2.000     2.000     3.000     1.000    -0.199
     1.000     2.000     1.000     3.000     2.000    -0.627
     4.000     4.000     3.000     3.000     0.000     1.631
     2.000     3.000     2.000     3.000     2.000     0.209
     2.000     2.000     2.000     4.000     0.000    -0.101
     3.000     3.000     2.000     2.000     1.000     0.439
     1.000     2.000     2.000     2.000     0.000    -0.469
     3.000     4.000     3.000     4.000     0.000     1.428
     1.000     1.000     2.000     1.000     0.000    -0.900
     2.000     2.000     2.000     2.000     1.000    -0.259
     1.000     3.000     2.000     3.000     1.000    -0.013
     2.000     3.000     3.000     3.000     1.000     0.449
     3.000     3.000     3.000     4.000     3.000     0.798
     2.000     1.000     1.000     2.000     1.000    -0.824
     2.000     3.000     3.000     3.000     2.000     0.422
     2.000     2.000     3.000     3.000     1.000    -0.009
     3.000     3.000     2.000     3.000     3.000     0.458
     2.000     2.000     3.000     0.000     2.000    -0.190
     1.000     1.000     2.000     2.000     1.000    -0.880
     1.000     1.000     2.000     3.000     2.000    -0.848
     2.000     2.000     2.000     3.000     1.000    -0.199
     0.000     0.000     0.000     4.000     2.000    -1.684
     2.000     2.000     2.000     2.000     2.000    -0.282
     3.000     3.000     3.000     1.000     2.000     0.590
     1.000     1.000     1.000     3.000     1.000    -0.974
     3.000     3.000     4.000     2.000     1.000     0.968
     4.000     4.000     2.000     4.000     0.000     1.466
     3.000     3.000     4.000     4.000     1.000     1.132
     3.000     0.000     3.000     3.000     3.000    -0.632
     2.000     3.000     3.000     3.000     1.000     0.449
     2.000     3.000     3.000     2.000     1.000     0.379
     0.000     1.000     2.000     2.000     2.000    -1.112
     2.000     2.000     2.000     2.000     2.000    -0.282
     3.000     3.000     0.000     3.000     3.000     0.110
     3.000     4.000     4.000     3.000     1.000     1.541
     1.000     0.000     0.000     4.000     0.000    -1.379
     3.000     2.000     3.000     3.000     2.000     0.214
     3.000     3.000     2.000     3.000     2.000     0.483
     1.000     3.000     3.000     1.000     1.000     0.065
     3.000     2.000     2.000     3.000     3.000     0.010
     1.000     1.000     2.000     3.000     3.000    -0.867
     3.000     3.000     3.000     3.000     0.000     0.797
     2.000     3.000     2.000     1.000     1.000     0.121
     2.000     3.000     2.000     3.000     1.000     0.233
     1.000     3.000     3.000     3.000     0.000     0.199
     2.000     2.000     2.000     2.000     1.000    -0.259
     2.000     3.000     3.000     2.000     1.000     0.379
     1.000     1.000     2.000     2.000     1.000    -0.880
     3.000     3.000     3.000     3.000     2.000     0.732
     2.000     3.000     2.000     2.000     1.000     0.171
     2.000     2.000     2.000     3.000     2.000    -0.222
     3.000     3.000     3.000     3.000     1.000     0.762
     3.000     3.000     3.000     2.000     1.000     0.682
     2.000     2.000     3.000     2.000     3.000    -0.112
     3.000     3.000     3.000     2.000     2.000     0.653
     2.000     4.000     2.000     3.000     3.000     0.858
     2.000     3.000     3.000     3.000     2.000     0.422
     0.000     0.000     0.000     2.000     2.000    -1.839
     2.000     2.000     2.000     2.000     2.000    -0.282
     2.000     2.000     2.000     2.000     0.000    -0.232
     1.000     1.000     2.000     3.000     2.000    -0.848
     3.000     3.000     2.000     2.000     2.000     0.413
     2.000     3.000     2.000     2.000     2.000     0.148
     1.000     3.000     3.000     3.000     2.000     0.150
     1.000     1.000     2.000     2.000     2.000    -0.900
     1.000     2.000     3.000     3.000     0.000    -0.224
     2.000     2.000     3.000     3.000     1.000    -0.009
     4.000     3.000     3.000     2.000     1.000     1.041
     2.000     2.000     2.000     2.000     2.000    -0.282
     1.000     3.000     2.000     2.000     0.000    -0.043
     3.000     3.000     3.000     3.000     2.000     0.732
     2.000     2.000     2.000     3.000     1.000    -0.199
     3.000     3.000     3.000     3.000     1.000     0.762
     1.000     1.000     2.000     3.000     2.000    -0.848
     2.000     3.000     3.000     3.000     3.000     0.398
     2.000     4.000     4.000     3.000     2.000     1.254
     2.000     2.000     1.000     2.000     2.000    -0.458
     1.000     1.000     2.000     2.000     0.000    -0.856
     2.000     3.000     3.000     2.000     2.000     0.353
     2.000     2.000     1.000     4.000     0.000    -0.280
     2.000     2.000     2.000     3.000     1.000    -0.199
     3.000     3.000     3.000     4.000     2.000     0.825
     1.000     3.000     2.000     3.000     0.000     0.012
     2.000     2.000     2.000     3.000     2.000    -0.222
     1.000     1.000     1.000     1.000     1.000    -1.069
     2.000     2.000     2.000     2.000     1.000    -0.259
     2.000     3.000     3.000     2.000     1.000     0.379
     2.000     2.000     2.000     2.000     1.000    -0.259
     2.000     2.000     2.000     2.000     2.000    -0.282
     1.000     2.000     2.000     2.000     0.000    -0.469
     3.000     2.000     2.000     2.000     2.000    -0.027
     2.000     1.000     1.000     2.000     2.000    -0.843
     2.000     3.000     3.000     3.000     0.000     0.480
     2.000     2.000     2.000     3.000     1.000    -0.199
     3.000     3.000     3.000     2.000     1.000     0.682
     2.000     2.000     2.000     3.000     1.000    -0.199
     2.000     2.000     2.000     1.000     0.000    -0.282
     2.000     2.000     3.000     3.000     3.000    -0.052
     0.000     1.000     2.000     3.000     1.000    -1.039
     3.000     3.000     4.000     4.000     1.000     1.132
     1.000     3.000     3.000     2.000     1.000     0.113
     3.000     3.000     3.000     3.000     2.000     0.732
     2.000     1.000     3.000     3.000     2.000    -0.476
     3.000     3.000     1.000     3.000     3.000     0.252
     2.000     3.000     3.000     2.000     2.000     0.353
     2.000     3.000     3.000     4.000     1.000     0.533
     1.000     1.000     1.000     1.000     3.000    -1.107
     2.000     2.000     2.000     3.000     1.000    -0.199
     2.000     3.000     3.000     4.000     2.000     0.505
     3.000     3.000     3.000     3.000     1.000     0.762
     3.000     2.000     2.000     4.000     2.000     0.098
     0.000     0.000     1.000     3.000     1.000    -1.567
     3.000     3.000     2.000     2.000     1.000     0.439
     2.000     2.000     2.000     2.000     2.000    -0.282
     3.000     3.000     3.000     3.000     1.000     0.762
     2.000     3.000     0.000     4.000     1.000    -0.021
     4.000     3.000     3.000     3.000     1.000     1.116
     4.000     3.000     4.000     3.000     1.000     1.356
     2.000     2.000     2.000     4.000     0.000    -0.101
     3.000     2.000     3.000     2.000     2.000     0.157
     0.000     0.000     0.000     0.000     1.000    -1.944
     2.000     3.000     3.000     1.000     0.000     0.353
     1.000     3.000     2.000     3.000     1.000    -0.013
     2.000     3.000     2.000     3.000     2.000     0.209
     2.000     4.000     4.000     4.000     0.000     1.365
     3.000     3.000     4.000     3.000     3.000     0.991
     2.000     2.000     2.000     3.000     2.000    -0.222
     2.000     2.000     2.000     3.000     2.000    -0.222
     1.000     1.000     3.000     3.000     3.000    -0.698
     1.000     1.000     3.000     1.000     1.000    -0.755
     1.000     2.000     2.000     4.000     0.000    -0.340
     2.000     3.000     3.000     3.000     1.000     0.449
     2.000     2.000     2.000     2.000     2.000    -0.282
     2.000     3.000     3.000     2.000     3.000     0.330
     1.000     3.000     3.000     2.000     1.000     0.113
     2.000     2.000     3.000     3.000     1.000    -0.009
     2.000     2.000     3.000     1.000     1.000    -0.118
     2.000     2.000     2.000     3.000     1.000    -0.199
     3.000     3.000     3.000     3.000     0.000     0.797
     1.000     1.000     2.000     3.000     1.000    -0.828
     4.000     4.000     0.000     1.000     1.000     0.964
     2.000     2.000     2.000     2.000     2.000    -0.282
     3.000     3.000     3.000     3.000     2.000     0.732
     3.000     3.000     3.000     3.000     0.000     0.797
     1.000     2.000     2.000     2.000     0.000    -0.469
     2.000     3.000     2.000     1.000     0.000     0.147
     3.000     3.000     2.000     2.000     1.000     0.439
     3.000     3.000     3.000     2.000     1.000     0.682
     2.000     0.000     2.000     0.000     1.000    -1.123
     0.000     2.000     1.000     3.000     1.000    -0.825
     3.000     3.000     3.000     3.000     2.000     0.732
     1.000     0.000     2.000     3.000     2.000    -1.206
     3.000     2.000     3.000     3.000     0.000     0.260
     2.000     2.000     2.000     3.000     2.000    -0.222
     1.000     1.000     1.000     2.000     2.000    -1.045
     0.000     2.000     3.000     0.000     2.000    -0.656
     2.000     2.000     2.000     4.000     1.000    -0.128
     3.000     3.000     3.000     2.000     2.000     0.653
     1.000     2.000     2.000     2.000     0.000    -0.469
     2.000     2.000     2.000     2.000     2.000    -0.282
     2.000     2.000     2.000     3.000     2.000    -0.222
     2.000     3.000     3.000     3.000     1.000     0.449
     0.000     1.000     1.000     3.000     1.000    -1.186
     2.000     3.000     3.000     3.000     0.000     0.480
     0.000     1.000     2.000     0.000     3.000    -1.223
     0.000     1.000     2.000     0.000     3.000    -1.223
     2.000     2.000     2.000     4.000     0.000    -0.101
     3.000     3.000     2.000     2.000     2.000     0.413
     2.000     3.000     3.000     3.000     1.000     0.449
     3.000     3.000     3.000     2.000     1.000     0.682
     0.000     0.000     2.000     1.000     3.000    -1.561
     2.000     2.000     3.000     2.000     1.000    -0.068
     2.000     3.000     3.000     2.000     2.000     0.353
     3.000     4.000     1.000     4.000     1.000     1.007
     1.000     1.000     1.000     2.000     2.000    -1.045
     1.000     2.000     1.000     1.000     1.000    -0.708
     2.000     3.000     3.000     2.000     1.000     0.379
     0.000     2.000     2.000     3.000     1.000    -0.665
     2.000     3.000     3.000     4.000     0.000     0.565
     2.000     2.000     2.000     2.000     1.000    -0.259
     3.000     3.000     2.000     4.000     3.000     0.541
     2.000     3.000     3.000     3.000     0.000     0.480
     2.000     3.000     3.000     2.000     0.000     0.409
     3.000     2.000     2.000     1.000     0.000    -0.028
     3.000     2.000     3.000     2.000     1.000     0.178
     0.000     1.000     1.000     2.000     1.000    -1.238
     3.000     2.000     3.000     3.000     2.000     0.214
     0.000     0.000     1.000     2.000     1.000    -1.626
     3.000     3.000     3.000     3.000     1.000     0.762
     3.000     3.000     3.000     3.000     1.000     0.762
     4.000     2.000     3.000     2.000     3.000     0.417
     1.000     2.000     1.000     2.000     1.000    -0.661
     3.000     3.000     2.000     3.000     0.000     0.541
     2.000     2.000     2.000     3.000     1.000    -0.199
     1.000     2.000     1.000     2.000     0.000    -0.636
     3.000     2.000     2.000     3.000     2.000     0.030
     3.000     3.000     3.000     3.000     1.000     0.762
     3.000     4.000     4.000     4.000     0.000     1.646
     2.000     2.000     2.000     3.000     1.000    -0.199
     2.000     2.000     2.000     3.000     2.000    -0.222
