     2.000     2.000     0.000     0.000     0.000    -0.729
     3.000     2.000     1.000     1.000     1.000     0.069
     0.000     3.000     0.000     1.000     1.000    -0.652
     1.000     2.000     1.000     1.000     0.000    -0.341
     3.000     3.000     1.000     3.000     2.000     0.540
     1.000     2.000     1.000     1.000     1.000    -0.201
     1.000     3.000     1.000     1.000     2.000    -0.107
     2.000     2.000     2.000     2.000     2.000     0.442
     1.000     2.000     1.000     1.000     1.000    -0.201
     3.000     2.000     2.000     2.000     2.000     0.574
     3.000     3.000     3.000     3.000     0.000     0.673
     1.000     2.000     0.000     1.000     1.000    -0.459
     0.000     4.000     2.000     2.000     1.000     0.016
     2.000     3.000     1.000     2.000     2.000     0.214
     1.000     2.000     1.000     1.000     1.000    -0.201
     2.000     2.000     1.000     0.000     0.000    -0.437
     3.000     3.000     1.000     1.000     1.000     0.042
     0.000     2.000     0.000     0.000     0.000    -1.121
     0.000     3.000     0.000     0.000     2.000    -0.785
     2.000     3.000     1.000     2.000     1.000     0.098
     0.000     1.000     0.000     1.000     0.000    -0.759
     2.000     2.000     1.000     1.000     1.000    -0.069
     3.000     2.000     1.000     0.000     1.000    -0.154
     2.000     2.000     0.000     1.000     0.000    -0.468
     2.000     3.000     1.000     1.000     0.000    -0.235
     2.000     2.000     2.000     1.000     1.000     0.149
     1.000     3.000     0.000     0.000     0.000    -0.928
     1.000     3.000     1.000     1.000     1.000    -0.228
     3.000     4.000     1.000     2.000     4.000     0.593
     2.000     2.000     1.000     2.000     2.000     0.240
     3.000     2.000     1.000     2.000     1.000     0.260
     1.000     3.000     1.000     1.000     1.000    -0.228
     1.000     2.000     0.000     0.000     0.000    -0.894
     3.000     3.000     3.000     3.000     3.000     1.050
     0.000     1.000     0.000     3.000     3.000     0.052
     3.000     2.000     2.000     1.000     1.000     0.282
     1.000     3.000     2.000     2.000     2.000     0.293
     2.000     2.000     2.000     2.000     1.000     0.330
     2.000     2.000     0.000     1.000     2.000    -0.197
     4.000     3.000     0.000     0.000     1.000    -0.262
     0.000     2.000     0.000     0.000     0.000    -1.121
     0.000     3.000     0.000     0.000     1.000    -0.943
     1.000     3.000     0.000     1.000     0.000    -0.641
     3.000     2.000     3.000     2.000     2.000     0.753
     1.000     2.000     0.000     3.000     1.000    -0.066
     2.000     2.000     2.000     2.000     2.000     0.442
     1.000     3.000     0.000     1.000     1.000    -0.487
     1.000     3.000     1.000     1.000     1.000    -0.228
     1.000     2.000     1.000     1.000     1.000    -0.201
     0.000     2.000     0.000     1.000     0.000    -0.788
     3.000     2.000     3.000     3.000     0.000     0.699
     2.000     1.000     2.000     2.000     1.000     0.353
     1.000     3.000     1.000     0.000     3.000    -0.211
     2.000     3.000     2.000     2.000     2.000     0.416
     0.000     4.000     0.000     0.000     0.000    -1.207
     0.000     3.000     0.000     1.000     0.000    -0.819
     2.000     1.000     0.000     2.000     1.000    -0.095
     2.000     2.000     2.000     2.000     2.000     0.442
     1.000     1.000     1.000     3.000     2.000     0.321
     2.000     2.000     1.000     2.000     1.000     0.124
     1.000     2.000     0.000     2.000     0.000    -0.394
     0.000     2.000     2.000     1.000     1.000    -0.118
     2.000     2.000     2.000     1.000     2.000     0.262
     0.000     2.000     0.000     0.000     0.000    -1.121
     1.000     3.000     1.000     3.000     3.000     0.391
     4.000     2.000     2.000     3.000     3.000     1.048
     3.000     3.000     1.000     0.000     0.000    -0.324
     3.000     2.000     3.000     3.000     1.000     0.834
     1.000     3.000     1.000     2.000     2.000     0.085
     2.000     2.000     1.000     0.000     1.000    -0.292
     1.000     2.000     1.000     2.000     1.000    -0.006
     0.000     2.000     1.000     1.000     0.000    -0.495
     3.000     1.000     1.000     1.000     3.000     0.333
     1.000     2.000     2.000     2.000     3.000     0.433
     2.000     2.000     2.000     2.000     2.000     0.442
     2.000     3.000     2.000     2.000     2.000     0.416
     2.000     3.000     1.000     2.000     1.000     0.098
     1.000     1.000     0.000     0.000     1.000    -0.686
     1.000     3.000     1.000     3.000     2.000     0.270
     2.000     3.000     2.000     0.000     2.000     0.026
     0.000     2.000     0.000     3.000     0.000    -0.357
     1.000     2.000     1.000     3.000     2.000     0.297
     2.000     3.000     0.000     2.000     2.000    -0.027
     2.000     3.000     0.000     0.000     1.000    -0.593
     1.000     3.000     0.000     1.000     1.000    -0.487
     1.000     2.000     1.000     2.000     3.000     0.230
     2.000     2.000     2.000     2.000     1.000     0.330
     1.000     1.000     1.000     1.000     1.000    -0.177
     2.000     3.000     2.000     1.000     1.000     0.123
     3.000     3.000     3.000     3.000     3.000     1.050
     0.000     1.000     0.000     1.000     0.000    -0.759
     3.000     2.000     0.000     3.000     1.000     0.201
     2.000     1.000     1.000     2.000     3.000     0.383
     1.000     2.000     2.000     2.000     2.000     0.318
     1.000     4.000     0.000     2.000     2.000    -0.186
     0.000     2.000     2.000     2.000     3.000     0.296
     0.000     1.000     1.000     3.000     1.000     0.059
     2.000     3.000     2.000     3.000     3.000     0.719
     2.000     2.000     1.000     1.000     1.000    -0.069
     1.000     3.000     0.000     0.000     0.000    -0.928
     2.000     1.000     1.000     2.000     2.000     0.264
     2.000     2.000     2.000     1.000     3.000     0.378
     1.000     3.000     1.000     1.000     3.000     0.012
     2.000     2.000     1.000     1.000     2.000     0.051
     1.000     2.000     1.000     2.000     1.000    -0.006
     4.000     1.000     3.000     4.000     4.000     1.676
     3.000     2.000     2.000     3.000     3.000     0.885
     2.000     1.000     1.000     1.000     2.000     0.075
     1.000     2.000     1.000     1.000     1.000    -0.201
     4.000     4.000     4.000     3.000     3.000     1.424
     0.000     2.000     0.000     0.000     0.000    -1.121
     2.000     1.000     2.000     2.000     2.000     0.464
     3.000     3.000     1.000     1.000     1.000     0.042
     2.000     2.000     1.000     2.000     3.000     0.359
     1.000     3.000     1.000     1.000     3.000     0.012
     1.000     4.000     0.000     0.000     2.000    -0.637
     1.000     3.000     0.000     0.000     1.000    -0.746
     3.000     2.000     1.000     3.000     3.000     0.691
     1.000     2.000     0.000     0.000     1.000    -0.714
     1.000     2.000     0.000     0.000     0.000    -0.894
     2.000     3.000     0.000     0.000     2.000    -0.458
     1.000     4.000     0.000     1.000     1.000    -0.518
     1.000     3.000     0.000     3.000     0.000    -0.232
     1.000     3.000     1.000     1.000     0.000    -0.369
     2.000     4.000     1.000     3.000     3.000     0.493
     2.000     3.000     2.000     3.000     3.000     0.719
     1.000     1.000     1.000     0.000     1.000    -0.403
     2.000     2.000     1.000     1.000     2.000     0.051
     0.000     3.000     2.000     1.000     1.000    -0.144
     2.000     3.000     1.000     3.000     3.000     0.522
     2.000     1.000     1.000     1.000     1.000    -0.045
     1.000     1.000     1.000     1.000     1.000    -0.177
     3.000     3.000     2.000     2.000     2.000     0.549
     2.000     3.000     0.000     1.000     1.000    -0.348
     1.000     2.000     1.000     1.000     1.000    -0.201
     2.000     3.000     3.000     3.000     3.000     0.905
     1.000     3.000     0.000     0.000     2.000    -0.604
     2.000     1.000     0.000     1.000     0.000    -0.442
     3.000     1.000     2.000     1.000     2.000     0.418
     1.000     2.000     2.000     1.000     2.000     0.137
     3.000     3.000     2.000     2.000     2.000     0.549
     0.000     3.000     1.000     0.000     0.000    -0.773
     1.000     2.000     1.000     1.000     3.000     0.039
     2.000     3.000     1.000     0.000     2.000    -0.197
     2.000     2.000     2.000     1.000     1.000     0.149
     1.000     3.000     0.000     2.000     1.000    -0.278
     2.000     2.000     3.000     2.000     1.000     0.505
     3.000     3.000     1.000     2.000     1.000     0.233
     3.000     2.000     2.000     2.000     3.000     0.692
     0.000     2.000     0.000     1.000     0.000    -0.788
     2.000     3.000     2.000     2.000     2.000     0.416
     3.000     2.000     3.000     3.000     3.000     1.077
     2.000     2.000     1.000     1.000     1.000    -0.069
     0.000     3.000     0.000     0.000     1.000    -0.943
     2.000     4.000     0.000     0.000     1.000    -0.626
     2.000     2.000     2.000     1.000     0.000     0.017
     1.000     3.000     1.000     1.000     1.000    -0.228
     3.000     2.000     1.000     1.000     2.000     0.188
     1.000     1.000     1.000     1.000     2.000    -0.056
     0.000     1.000     0.000     3.000     2.000    -0.067
     3.000     3.000     3.000     3.000     2.000     0.923
     0.000     3.000     0.000     0.000     1.000    -0.943
     3.000     2.000     0.000     2.000     2.000     0.133
     2.000     2.000     2.000     2.000     2.000     0.442
     1.000     3.000     1.000     1.000     1.000    -0.228
     0.000     4.000     0.000     0.000     0.000    -1.207
     1.000     1.000     1.000     1.000     2.000    -0.056
     1.000     3.000     1.000     0.000     1.000    -0.455
     0.000     3.000     0.000     0.000     0.000    -1.161
     1.000     2.000     0.000     0.000     1.000    -0.714
     3.000     2.000     0.000     2.000     1.000     0.016
     2.000     2.000     1.000     2.000     2.000     0.240
     4.000     0.000     3.000     3.000     3.000     1.291
     1.000     3.000     2.000     2.000     2.000     0.293
     3.000     3.000     3.000     3.000     2.000     0.923
     3.000     3.000     1.000     2.000     3.000     0.470
     1.000     3.000     1.000     1.000     1.000    -0.228
     2.000     3.000     2.000     4.000     2.000     0.828
     1.000     3.000     1.000     1.000     1.000    -0.228
     1.000     4.000     0.000     0.000     0.000    -0.967
     2.000     3.000     1.000     3.000     2.000     0.401
     3.000     3.000     0.000     1.000     2.000    -0.086
     1.000     4.000     1.000     1.000     3.000    -0.017
     2.000     3.000     0.000     1.000     1.000    -0.348
     1.000     3.000     0.000     1.000     1.000    -0.487
     1.000     2.000     2.000     2.000     0.000     0.076
     1.000     3.000     3.000     2.000     3.000     0.584
     2.000     3.000     1.000     3.000     2.000     0.401
     3.000     3.000     2.000     3.000     2.000     0.737
     0.000     3.000     0.000     0.000     2.000    -0.785
     0.000     2.000     1.000     1.000     2.000    -0.227
     0.000     4.000     0.000     0.000     0.000    -1.207
     2.000     3.000     1.000     1.000     1.000    -0.095
     2.000     4.000     1.000     0.000     0.000    -0.495
     1.000     1.000     0.000     4.000     3.000     0.434
     2.000     3.000     1.000     1.000     1.000    -0.095
     1.000     2.000     1.000     1.000     1.000    -0.201
     3.000     2.000     1.000     0.000     1.000    -0.154
     2.000     2.000     1.000     2.000     2.000     0.240
     3.000     2.000     3.000     3.000     3.000     1.077
     2.000     2.000     3.000     2.000     0.000     0.375
     3.000     2.000     2.000     1.000     1.000     0.282
     1.000     3.000     2.000     1.000     2.000     0.111
     0.000     0.000     0.000     0.000     0.000    -1.055
     0.000     0.000     1.000     1.000     0.000    -0.448
     3.000     1.000     1.000     1.000     1.000     0.093
     4.000     3.000     3.000     3.000     3.000     1.218
     2.000     3.000     1.000     2.000     3.000     0.333
     1.000     3.000     0.000     0.000     2.000    -0.604
     1.000     4.000     1.000     0.000     1.000    -0.486
     2.000     3.000     0.000     1.000     1.000    -0.348
     3.000     3.000     2.000     3.000     3.000     0.859
     1.000     2.000     1.000     1.000     1.000    -0.201
     0.000     2.000     0.000     0.000     2.000    -0.753
     1.000     4.000     0.000     1.000     2.000    -0.390
     2.000     3.000     1.000     3.000     3.000     0.522
     1.000     3.000     1.000     1.000     2.000    -0.107
     3.000     3.000     3.000     2.000     2.000     0.727
     3.000     2.000     3.000     4.000     1.000     1.068
     2.000     2.000     1.000     2.000     2.000     0.240
     2.000     3.000     3.000     3.000     2.000     0.781
     1.000     0.000     1.000     2.000     0.000    -0.097
     3.000     0.000     2.000     4.000     2.000     1.035
     1.000     2.000     3.000     2.000     3.000     0.609
     1.000     3.000     0.000     0.000     1.000    -0.746
     2.000     2.000     1.000     0.000     0.000    -0.437
     1.000     2.000     2.000     1.000     1.000     0.022
     2.000     2.000     3.000     1.000     0.000     0.193
     1.000     4.000     0.000     1.000     2.000    -0.390
     2.000     3.000     1.000     1.000     1.000    -0.095
     1.000     4.000     1.000     2.000     2.000     0.057
     1.000     3.000     4.000     3.000     1.000     0.766
     3.000     3.000     2.000     2.000     2.000     0.549
     1.000     2.000     1.000     2.000     2.000     0.111
     1.000     2.000     0.000     0.000     0.000    -0.894
     3.000     3.000     1.000     2.000     3.000     0.470
     2.000     3.000     0.000     1.000     1.000    -0.348
     2.000     3.000     1.000     3.000     3.000     0.522
     1.000     2.000     0.000     1.000     0.000    -0.612
     1.000     3.000     0.000     2.000     2.000    -0.157
     2.000     2.000     1.000     1.000     1.000    -0.069
     1.000     3.000     1.000     1.000     1.000    -0.228
     4.000     2.000     0.000     4.000     4.000     0.981
     1.000     3.000     1.000     2.000     1.000    -0.032
     2.000     2.000     1.000     2.000     1.000     0.124
     3.000     2.000     1.000     2.000     1.000     0.260
     0.000     3.000     1.000     1.000     1.000    -0.377
     2.000     2.000     1.000     1.000     1.000    -0.069
     2.000     2.000     1.000     1.000     1.000    -0.069
     3.000     2.000     0.000     0.000     3.000    -0.163
     2.000     2.000     2.000     2.000     3.000     0.557
     3.000     2.000     3.000     1.000     3.000     0.694
     1.000     0.000     1.000     3.000     1.000     0.224
     1.000     3.000     1.000     2.000     2.000     0.085
     1.000     3.000     1.000     1.000     2.000    -0.107
     2.000     3.000     1.000     1.000     2.000     0.024
     1.000     3.000     1.000     0.000     0.000    -0.604
     2.000     3.000     1.000     2.000     3.000     0.333
     3.000     3.000     0.000     3.000     3.000     0.411
     0.000     2.000     0.000     0.000     2.000    -0.753
     2.000     1.000     2.000     2.000     2.000     0.464
     2.000     3.000     1.000     2.000     2.000     0.214
     2.000     2.000     2.000     2.000     2.000     0.442
     2.000     2.000     1.000     1.000     1.000    -0.069
     0.000     2.000     0.000     2.000     0.000    -0.553
     2.000     3.000     1.000     1.000     1.000    -0.095
     1.000     3.000     1.000     1.000     0.000    -0.369
     2.000     2.000     2.000     1.000     2.000     0.262
     2.000     3.000     1.000     2.000     3.000     0.333
     0.000     3.000     0.000     0.000     1.000    -0.943
     2.000     2.000     1.000     1.000     1.000    -0.069
     1.000     2.000     1.000     2.000     1.000    -0.006
     3.000     2.000     0.000     1.000     1.000    -0.181
     2.000     3.000     0.000     1.000     3.000    -0.104
     2.000     2.000     1.000     2.000     1.000     0.124
     2.000     3.000     2.000     2.000     2.000     0.416
     3.000     4.000     1.000     2.000     2.000     0.321
     2.000     3.000     1.000     1.000     1.000    -0.095
     4.000     2.000     2.000     2.000     3.000     0.851
     2.000     2.000     2.000     3.000     2.000     0.625
     2.000     2.000     2.000     2.000     1.000     0.330
     2.000     3.000     1.000     1.000     0.000    -0.235
     1.000     2.000     0.000     1.000     1.000    -0.459
     2.000     3.000     1.000     1.000     2.000     0.024
     3.000     2.000     3.000     3.000     3.000     1.077
     0.000     2.000     0.000     3.000     1.000    -0.213
     3.000     1.000     1.000     2.000     3.000     0.520
     1.000     2.000     1.000     2.000     1.000    -0.006
     2.000     3.000     2.000     2.000     2.000     0.416
     1.000     2.000     1.000     1.000     1.000    -0.201
     3.000     3.000     3.000     1.000     1.000     0.433
     3.000     3.000     1.000     4.000     2.000     0.778
     0.000     4.000     1.000     2.000     2.000    -0.086
     2.000     3.000     3.000     3.000     0.000     0.534
     3.000     2.000     4.000     3.000     3.000     1.310
     1.000     3.000     0.000     1.000     1.000    -0.487
     2.000     3.000     1.000     3.000     3.000     0.522
     0.000     2.000     0.000     0.000     0.000    -1.121
     4.000     2.000     1.000     1.000     0.000     0.100
     1.000     2.000     1.000     1.000     2.000    -0.080
     2.000     2.000     1.000     1.000     2.000     0.051
     2.000     3.000     1.000     1.000     2.000     0.024
     2.000     2.000     2.000     3.000     4.000     0.893
     4.000     3.000     1.000     0.000     1.000    -0.010
     0.000     3.000     0.000     1.000     0.000    -0.819
     0.000     1.000     0.000     1.000     0.000    -0.759
     2.000     2.000     1.000     2.000     2.000     0.240
     3.000     1.000     0.000     0.000     1.000    -0.389
     1.000     3.000     0.000     0.000     1.000    -0.746
     1.000     3.000     1.000     1.000     1.000    -0.228
     3.000     2.000     1.000     1.000     4.000     0.463
     2.000     3.000     1.000     1.000     1.000    -0.095
     1.000     3.000     0.000     0.000     2.000    -0.604
     1.000     2.000     2.000     1.000     2.000     0.137
     2.000     4.000     2.000     0.000     2.000    -0.002
     3.000     1.000     1.000     1.000     1.000     0.093
     2.000     2.000     1.000     2.000     2.000     0.240
     0.000     3.000     0.000     1.000     2.000    -0.518
     1.000     1.000     1.000     1.000     2.000    -0.056
     2.000     2.000     2.000     1.000     2.000     0.262
     4.000     3.000     2.000     3.000     3.000     1.022
     2.000     0.000     0.000     3.000     1.000     0.109
     3.000     3.000     2.000     2.000     2.000     0.549
     1.000     3.000     1.000     0.000     1.000    -0.455
     2.000     2.000     1.000     2.000     1.000     0.124
     2.000     4.000     1.000     1.000     1.000    -0.125
     1.000     3.000     0.000     1.000     3.000    -0.238
     1.000     4.000     0.000     0.000     1.000    -0.780
     1.000     2.000     1.000     1.000     1.000    -0.201
     2.000     3.000     0.000     1.000     2.000    -0.224
     0.000     2.000     0.000     0.000     0.000    -1.121
     3.000     2.000     2.000     1.000     2.000     0.395
     0.000     2.000     0.000     0.000     2.000    -0.753
     2.000     3.000     2.000     1.000     2.000     0.237
     3.000     2.000     1.000     2.000     1.000     0.260
     3.000     2.000     0.000     0.000     4.000    -0.004
     0.000     2.000     3.000     2.000     1.000     0.242
     2.000     3.000     1.000     2.000     2.000     0.214
     3.000     3.000     1.000     0.000     0.000    -0.324
     3.000     2.000     0.000     1.000     1.000    -0.181
     1.000     1.000     0.000     3.000     1.000    -0.042
     2.000     2.000     1.000     0.000     1.000    -0.292
     3.000     1.000     3.000     2.000     3.000     0.898
     0.000     2.000     0.000     0.000     1.000    -0.908
     3.000     2.000     2.000     2.000     3.000     0.692
     0.000     2.000     2.000     3.000     2.000     0.362
     1.000     2.000     1.000     1.000     1.000    -0.201
     3.000     2.000     1.000     2.000     3.000     0.497
     2.000     3.000     1.000     1.000     1.000    -0.095
     3.000     3.000     3.000     2.000     2.000     0.727
     1.000     3.000     1.000     2.000     0.000    -0.168
     1.000     4.000     0.000     3.000     2.000    -0.002
     1.000     4.000     0.000     3.000     2.000    -0.002
     0.000     4.000     0.000     0.000     3.000    -0.680
     0.000     2.000     3.000     3.000     3.000     0.660
     1.000     3.000     1.000     2.000     1.000    -0.032
     3.000     1.000     1.000     3.000     3.000     0.715
     2.000     2.000     2.000     2.000     1.000     0.330
     0.000     0.000     0.000     2.000     2.000    -0.233
     3.000     2.000     0.000     0.000     2.000    -0.286
     2.000     2.000     1.000     3.000     2.000     0.427
     3.000     3.000     3.000     2.000     2.000     0.727
     3.000     3.000     0.000     1.000     3.000     0.034
     2.000     3.000     1.000     1.000     1.000    -0.095
     2.000     2.000     1.000     0.000     2.000    -0.170
     1.000     2.000     1.000     1.000     2.000    -0.080
     2.000     2.000     1.000     2.000     1.000     0.124
     0.000     4.000     0.000     0.000     0.000    -1.207
     1.000     1.000     0.000     0.000     1.000    -0.686
     3.000     3.000     1.000     1.000     3.000     0.282
     2.000     3.000     0.000     0.000     1.000    -0.593
     1.000     2.000     0.000     0.000     0.000    -0.894
     0.000     2.000     0.000     0.000     0.000    -1.121
     1.000     3.000     1.000     1.000     1.000    -0.228
     3.000     2.000     1.000     2.000     1.000     0.260
     2.000     2.000     1.000     1.000     1.000    -0.069
     1.000     3.000     0.000     0.000     0.000    -0.928
     3.000     0.000     4.000     4.000     2.000     1.462
     1.000     3.000     1.000     1.000     1.000    -0.228
     3.000     1.000     3.000     3.000     1.000     0.857
     2.000     3.000     1.000     1.000     2.000     0.024
     2.000     4.000     0.000     2.000     0.000    -0.315
     1.000     3.000     0.000     1.000     2.000    -0.359
     3.000     1.000     2.000     2.000     1.000     0.485
     0.000     4.000     0.000     0.000     2.000    -0.821
     2.000     1.000     2.000     1.000     3.000     0.401
     2.000     2.000     2.000     3.000     3.000     0.745
