     1.000     2.000     1.000     3.000    -0.512
     2.000     1.000     3.000     1.000    -0.055
     2.000     3.000     1.000     4.000    -0.032
     4.000     2.000     3.000     3.000     0.789
     1.000     1.000     0.000     3.000    -0.780
     3.000     3.000     2.000     3.000     0.341
     2.000     1.000     3.000     4.000     0.182
     2.000     2.000     2.000     3.000    -0.044
     3.000     2.000     3.000     3.000     0.464
     1.000     2.000     2.000     2.000    -0.424
     4.000     1.000     4.000     3.000     0.978
     3.000     1.000     1.000     3.000     0.027
     0.000     1.000     1.000     3.000    -0.847
     3.000     3.000     3.000     3.000     0.542
     2.000     1.000     2.000     3.000    -0.117
     3.000     2.000     0.000     0.000    -0.279
     1.000     1.000     3.000     1.000    -0.364
     3.000     1.000     2.000     4.000     0.295
     1.000     2.000     2.000     3.000    -0.350
     3.000     2.000     3.000     4.000     0.571
     3.000     3.000     2.000     4.000     0.444
     2.000     2.000     1.000     3.000    -0.211
     2.000     1.000     2.000     1.000    -0.247
     3.000     3.000     2.000     4.000     0.444
     2.000     1.000     2.000     3.000    -0.117
     2.000     3.000     2.000     3.000     0.032
     2.000     3.000     2.000     3.000     0.032
     2.000     1.000     3.000     3.000     0.077
     4.000     4.000     4.000     2.000     1.148
     2.000     1.000     2.000     3.000    -0.117
     2.000     2.000     3.000     4.000     0.256
     2.000     3.000     3.000     2.000     0.149
     3.000     2.000     3.000     3.000     0.464
     1.000     0.000     0.000     0.000    -1.066
     2.000     1.000     0.000     3.000    -0.481
     2.000     1.000     1.000     3.000    -0.285
     3.000     0.000     3.000     3.000     0.303
     2.000     2.000     3.000     3.000     0.151
     2.000     3.000     1.000     2.000    -0.212
     3.000     2.000     3.000     0.000     0.271
     1.000     1.000     2.000     4.000    -0.323
     2.000     1.000     1.000     2.000    -0.361
     2.000     1.000     2.000     2.000    -0.194
     1.000     1.000     1.000     1.000    -0.707
     4.000     0.000     0.000     3.000     0.076
     2.000     1.000     1.000     3.000    -0.285
     2.000     1.000     2.000     3.000    -0.117
     2.000     2.000     1.000     3.000    -0.211
     3.000     2.000     0.000     2.000    -0.165
     2.000     1.000     4.000     3.000     0.343
     2.000     3.000     0.000     3.000    -0.329
     2.000     1.000     2.000     2.000    -0.194
     3.000     1.000     3.000     3.000     0.391
     2.000     2.000     1.000     3.000    -0.211
     2.000     1.000     3.000     4.000     0.182
     3.000     2.000     3.000     4.000     0.571
     2.000     1.000     1.000     1.000    -0.413
     2.000     2.000     2.000     2.000    -0.122
     4.000     3.000     4.000     4.000     1.247
     2.000     2.000     2.000     4.000     0.058
     3.000     0.000     2.000     4.000     0.209
     2.000     3.000     2.000     3.000     0.032
     3.000     1.000     1.000     3.000     0.027
     3.000     2.000     3.000     3.000     0.464
     3.000     1.000     3.000     3.000     0.391
     2.000     0.000     1.000     0.000    -0.567
     2.000     3.000     2.000     3.000     0.032
     1.000     0.000     3.000     3.000    -0.326
     3.000     2.000     3.000     2.000     0.384
     3.000     1.000     2.000     3.000     0.192
     2.000     2.000     1.000     3.000    -0.211
     3.000     2.000     2.000     4.000     0.367
     3.000     2.000     3.000     4.000     0.571
     2.000     2.000     3.000     1.000     0.019
     2.000     2.000     2.000     2.000    -0.122
     0.000     2.000     0.000     0.000    -1.177
     2.000     1.000     3.000     2.000    -0.002
     2.000     1.000     0.000     3.000    -0.481
     3.000     2.000     2.000     3.000     0.264
     2.000     1.000     0.000     3.000    -0.481
     3.000     3.000     4.000     4.000     0.912
     1.000     0.000     1.000     4.000    -0.574
     1.000     1.000     3.000     3.000    -0.238
     3.000     1.000     1.000     3.000     0.027
     3.000     2.000     1.000     3.000     0.099
     3.000     1.000     3.000     3.000     0.391
     2.000     1.000     2.000     3.000    -0.117
     3.000     1.000     2.000     2.000     0.115
     2.000     0.000     1.000     3.000    -0.374
     2.000     3.000     0.000     4.000    -0.225
     2.000     1.000     3.000     3.000     0.077
     2.000     1.000     2.000     1.000    -0.247
     2.000     1.000     1.000     3.000    -0.285
     2.000     2.000     2.000     3.000    -0.044
     4.000     0.000     2.000     1.000     0.295
     2.000     1.000     2.000     3.000    -0.117
     4.000     2.000     3.000     3.000     0.789
     2.000     0.000     2.000     2.000    -0.283
     2.000     1.000     2.000     3.000    -0.117
     3.000     2.000     2.000     4.000     0.367
     2.000     3.000     0.000     2.000    -0.407
     3.000     3.000     3.000     3.000     0.542
     3.000     2.000     1.000     2.000     0.023
     3.000     3.000     1.000     3.000     0.175
     2.000     1.000     2.000     2.000    -0.194
     0.000     0.000     0.000     0.000    -1.353
     1.000     1.000     1.000     3.000    -0.584
     2.000     2.000     4.000     2.000     0.337
     2.000     2.000     2.000     3.000    -0.044
     3.000     0.000     3.000     3.000     0.303
     4.000     3.000     3.000     4.000     0.979
     1.000     2.000     2.000     4.000    -0.252
     3.000     1.000     3.000     3.000     0.391
     2.000     0.000     3.000     3.000    -0.013
     2.000     1.000     2.000     4.000    -0.015
     2.000     1.000     3.000     3.000     0.077
     2.000     3.000     0.000     4.000    -0.225
     0.000     0.000     0.000     0.000    -1.353
     2.000     1.000     3.000     3.000     0.077
     2.000     1.000     1.000     2.000    -0.361
     2.000     0.000     3.000     3.000    -0.013
     2.000     2.000     3.000     3.000     0.151
     2.000     2.000     3.000     4.000     0.256
     3.000     3.000     3.000     3.000     0.542
     1.000     1.000     1.000     2.000    -0.657
     2.000     0.000     1.000     3.000    -0.374
     2.000     2.000     1.000     4.000    -0.109
     3.000     2.000     3.000     3.000     0.464
     2.000     2.000     3.000     4.000     0.256
     1.000     1.000     1.000     3.000    -0.584
     2.000     1.000     2.000     3.000    -0.117
     2.000     2.000     3.000     1.000     0.019
     1.000     1.000     3.000     3.000    -0.238
     2.000     0.000     0.000     4.000    -0.470
     2.000     3.000     3.000     3.000     0.229
     3.000     2.000     3.000     3.000     0.464
     3.000     0.000     3.000     3.000     0.303
     4.000     3.000     2.000     4.000     0.764
     2.000     2.000     3.000     3.000     0.151
     3.000     0.000     2.000     2.000     0.029
     2.000     2.000     1.000     3.000    -0.211
     3.000     3.000     3.000     3.000     0.542
     3.000     3.000     1.000     3.000     0.175
     2.000     2.000     2.000     4.000     0.058
     3.000     3.000     3.000     3.000     0.542
     3.000     3.000     1.000     4.000     0.278
     3.000     2.000     3.000     1.000     0.331
     3.000     2.000     1.000     4.000     0.202
     2.000     0.000     2.000     3.000    -0.206
     3.000     1.000     2.000     4.000     0.295
     1.000     0.000     2.000     1.000    -0.633
     1.000     2.000     3.000     1.000    -0.293
     2.000     2.000     2.000     3.000    -0.044
     1.000     3.000     1.000     4.000    -0.340
     3.000     3.000     3.000     4.000     0.649
     2.000     1.000     0.000     4.000    -0.377
     1.000     1.000     1.000     2.000    -0.657
     2.000     0.000     0.000     1.000    -0.705
     3.000     1.000     2.000     2.000     0.115
     2.000     0.000     2.000     2.000    -0.283
     1.000     1.000     2.000     3.000    -0.421
     3.000     3.000     3.000     3.000     0.542
     2.000     0.000     2.000     3.000    -0.206
     2.000     3.000     3.000     3.000     0.229
     3.000     1.000     2.000     3.000     0.192
     4.000     0.000     3.000     4.000     0.736
     2.000     1.000     3.000     4.000     0.182
     2.000     1.000     2.000     3.000    -0.117
     3.000     2.000     3.000     4.000     0.571
     1.000     1.000     1.000     3.000    -0.584
     3.000     0.000     0.000     2.000    -0.327
     2.000     1.000     2.000     3.000    -0.117
     2.000     2.000     2.000     3.000    -0.044
     2.000     2.000     3.000     1.000     0.019
     3.000     1.000     3.000     3.000     0.391
     2.000     2.000     3.000     1.000     0.019
     2.000     1.000     2.000     3.000    -0.117
     2.000     3.000     2.000     2.000    -0.046
     2.000     1.000     1.000     3.000    -0.285
     1.000     0.000     4.000     2.000    -0.138
     2.000     2.000     2.000     4.000     0.058
     3.000     1.000     1.000     4.000     0.129
     4.000     0.000     3.000     3.000     0.628
     2.000     1.000     2.000     3.000    -0.117
     2.000     3.000     2.000     3.000     0.032
     4.000     3.000     3.000     4.000     0.979
     2.000     3.000     1.000     3.000    -0.135
     3.000     3.000     1.000     1.000     0.046
     2.000     1.000     2.000     4.000    -0.015
     1.000     2.000     3.000     3.000    -0.166
     3.000     2.000     2.000     3.000     0.264
     2.000     2.000     0.000     4.000    -0.303
     3.000     2.000     2.000     2.000     0.187
     1.000     3.000     3.000     4.000     0.010
     2.000     0.000     2.000     4.000    -0.103
     4.000     0.000     4.000     1.000     0.756
     3.000     2.000     2.000     3.000     0.264
     3.000     0.000     1.000     1.000    -0.188
     2.000     1.000     2.000     3.000    -0.117
     1.000     3.000     3.000     0.000    -0.279
     1.000     0.000     1.000     2.000    -0.746
     2.000     2.000     3.000     2.000     0.072
     3.000     1.000     3.000     3.000     0.391
     3.000     0.000     0.000     2.000    -0.327
     2.000     0.000     2.000     4.000    -0.103
     2.000     0.000     1.000     4.000    -0.272
     2.000     1.000     1.000     1.000    -0.413
     2.000     2.000     3.000     4.000     0.256
     1.000     0.000     3.000     4.000    -0.225
     2.000     1.000     1.000     4.000    -0.182
     2.000     3.000     2.000     0.000    -0.159
     2.000     2.000     1.000     3.000    -0.211
     3.000     2.000     2.000     2.000     0.187
     3.000     1.000     2.000     4.000     0.295
     2.000     1.000     0.000     4.000    -0.377
     3.000     3.000     3.000     1.000     0.409
     2.000     1.000     1.000     3.000    -0.285
     2.000     1.000     2.000     3.000    -0.117
     3.000     1.000     3.000     3.000     0.391
     2.000     2.000     3.000     2.000     0.072
     2.000     3.000     1.000     3.000    -0.135
     1.000     4.000     1.000     4.000    -0.248
     3.000     0.000     3.000     0.000     0.109
     3.000     1.000     1.000     3.000     0.027
     2.000     1.000     3.000     3.000     0.077
     3.000     2.000     2.000     1.000     0.135
     1.000     0.000     1.000     4.000    -0.574
     3.000     1.000     1.000     3.000     0.027
     3.000     1.000     2.000     2.000     0.115
     3.000     2.000     1.000     4.000     0.202
     3.000     0.000     3.000     2.000     0.224
     2.000     2.000     1.000     3.000    -0.211
     2.000     1.000     2.000     3.000    -0.117
     3.000     3.000     1.000     2.000     0.098
     2.000     0.000     2.000     3.000    -0.206
     2.000     2.000     2.000     3.000    -0.044
     2.000     2.000     1.000     2.000    -0.288
     3.000     3.000     3.000     3.000     0.542
     4.000     2.000     3.000     2.000     0.707
     2.000     2.000     3.000     2.000     0.072
     2.000     1.000     2.000     3.000    -0.117
     2.000     2.000     2.000     3.000    -0.044
     2.000     3.000     0.000     2.000    -0.407
     3.000     1.000     2.000     4.000     0.295
     4.000     2.000     2.000     3.000     0.582
     3.000     0.000     1.000     3.000    -0.060
     2.000     2.000     2.000     3.000    -0.044
     1.000     1.000     3.000     4.000    -0.138
     3.000     3.000     3.000     3.000     0.542
     4.000     0.000     1.000     3.000     0.260
     2.000     0.000     1.000     0.000    -0.567
     3.000     2.000     0.000     3.000    -0.088
     3.000     1.000     1.000     4.000     0.129
     3.000     2.000     3.000     3.000     0.464
     1.000     0.000     1.000     3.000    -0.672
     2.000     2.000     2.000     2.000    -0.122
     3.000     2.000     1.000     3.000     0.099
     2.000     0.000     0.000     2.000    -0.651
     2.000     0.000     2.000     1.000    -0.336
     3.000     0.000     1.000     4.000     0.042
     3.000     2.000     1.000     2.000     0.023
     3.000     2.000     1.000     3.000     0.099
     2.000     2.000     2.000     2.000    -0.122
     2.000     4.000     0.000     0.000    -0.426
     3.000     2.000     3.000     3.000     0.464
     2.000     2.000     3.000     3.000     0.151
     3.000     2.000     3.000     2.000     0.384
     2.000     1.000     2.000     3.000    -0.117
     3.000     3.000     1.000     4.000     0.278
     3.000     1.000     1.000     3.000     0.027
     3.000     1.000     2.000     3.000     0.192
     1.000     1.000     2.000     3.000    -0.421
     2.000     1.000     1.000     4.000    -0.182
     2.000     2.000     2.000     3.000    -0.044
     2.000     2.000     2.000     4.000     0.058
     2.000     2.000     2.000     2.000    -0.122
     2.000     2.000     2.000     1.000    -0.174
     3.000     3.000     3.000     4.000     0.649
     3.000     2.000     2.000     0.000     0.075
     3.000     1.000     2.000     4.000     0.295
     2.000     1.000     2.000     3.000    -0.117
     2.000     2.000     2.000     4.000     0.058
     3.000     2.000     1.000     3.000     0.099
     2.000     2.000     1.000     1.000    -0.340
     2.000     4.000     2.000     3.000     0.127
     2.000     2.000     3.000     3.000     0.151
     3.000     1.000     3.000     3.000     0.391
     2.000     2.000     3.000     2.000     0.072
     3.000     3.000     2.000     3.000     0.341
     3.000     2.000     3.000     3.000     0.464
     1.000     3.000     1.000     2.000    -0.513
     2.000     0.000     0.000     4.000    -0.470
     3.000     1.000     3.000     4.000     0.497
     1.000     1.000     1.000     2.000    -0.657
     1.000     1.000     1.000     1.000    -0.707
     3.000     3.000     3.000     2.000     0.462
     2.000     2.000     3.000     3.000     0.151
     2.000     3.000     2.000     3.000     0.032
     0.000     1.000     0.000     0.000    -1.254
     2.000     1.000     2.000     3.000    -0.117
     2.000     3.000     3.000     2.000     0.149
     1.000     3.000     2.000     3.000    -0.277
     0.000     4.000     1.000     0.000    -0.795
     3.000     1.000     4.000     1.000     0.520
     3.000     2.000     1.000     3.000     0.099
     4.000     1.000     3.000     3.000     0.715
     2.000     1.000     2.000     3.000    -0.117
     2.000     3.000     0.000     1.000    -0.460
     3.000     0.000     1.000     3.000    -0.060
     2.000     2.000     2.000     3.000    -0.044
     4.000     3.000     3.000     4.000     0.979
     3.000     2.000     2.000     4.000     0.367
     3.000     1.000     3.000     3.000     0.391
     1.000     1.000     1.000     1.000    -0.707
     3.000     1.000     3.000     3.000     0.391
     2.000     1.000     2.000     4.000    -0.015
     2.000     3.000     2.000     3.000     0.032
     3.000     1.000     2.000     4.000     0.295
     2.000     3.000     3.000     3.000     0.229
     2.000     2.000     1.000     2.000    -0.288
     1.000     0.000     0.000     2.000    -0.948
     2.000     1.000     2.000     2.000    -0.194
     3.000     2.000     1.000     2.000     0.023
     2.000     2.000     1.000     2.000    -0.288
     2.000     2.000     1.000     3.000    -0.211
     1.000     1.000     0.000     4.000    -0.680
     4.000     2.000     1.000     3.000     0.417
     3.000     2.000     3.000     3.000     0.464
     3.000     1.000     1.000     3.000     0.027
     3.000     2.000     2.000     3.000     0.264
     2.000     0.000     2.000     3.000    -0.206
     2.000     0.000     1.000     1.000    -0.503
     3.000     0.000     0.000     2.000    -0.327
     3.000     2.000     3.000     3.000     0.464
     2.000     1.000     3.000     2.000    -0.002
     1.000     4.000     0.000     4.000    -0.437
     2.000     1.000     1.000     3.000    -0.285
     2.000     2.000     3.000     2.000     0.072
     0.000     0.000     1.000     4.000    -0.839
     3.000     1.000     1.000     4.000     0.129
     1.000     1.000     3.000     2.000    -0.313
     2.000     3.000     2.000     3.000     0.032
     2.000     0.000     3.000     2.000    -0.092
     3.000     0.000     2.000     4.000     0.209
     2.000     2.000     2.000     3.000    -0.044
     3.000     2.000     3.000     3.000     0.464
     2.000     3.000     2.000     4.000     0.135
     2.000     2.000     1.000     2.000    -0.288
     3.000     3.000     3.000     3.000     0.542
     1.000     2.000     0.000     1.000    -0.834
     1.000     2.000     1.000     3.000    -0.512
     4.000     1.000     2.000     4.000     0.614
     4.000     1.000     2.000     4.000     0.614
     2.000     0.000     0.000     4.000    -0.470
     3.000     3.000     3.000     3.000     0.542
     2.000     1.000     3.000     3.000     0.077
     4.000     0.000     0.000     2.000    -0.001
     1.000     1.000     2.000     4.000    -0.323
     3.000     3.000     3.000     4.000     0.649
     2.000     0.000     0.000     2.000    -0.651
     2.000     1.000     2.000     2.000    -0.194
     2.000     2.000     2.000     0.000    -0.236
     3.000     1.000     1.000     3.000     0.027
     1.000     1.000     1.000     3.000    -0.584
     0.000     1.000     2.000     2.000    -0.756
     2.000     2.000     2.000     4.000     0.058
     3.000     3.000     2.000     2.000     0.263
     4.000     0.000     3.000     2.000     0.547
     3.000     3.000     2.000     4.000     0.444
     3.000     1.000     3.000     2.000     0.311
     2.000     2.000     2.000     2.000    -0.122
     2.000     1.000     3.000     3.000     0.077
     2.000     0.000     1.000     4.000    -0.272
     3.000     3.000     3.000     4.000     0.649
     3.000     2.000     1.000     3.000     0.099
     3.000     1.000     1.000     3.000     0.027
     4.000     2.000     3.000     4.000     0.899
     2.000     1.000     0.000     4.000    -0.377
     3.000     1.000     1.000     2.000    -0.049
     1.000     1.000     2.000     3.000    -0.421
     2.000     2.000     3.000     2.000     0.072
     2.000     4.000     4.000     3.000     0.589
     2.000     0.000     2.000     4.000    -0.103
     2.000     0.000     2.000     3.000    -0.206
     3.000     0.000     2.000     4.000     0.209
     2.000     1.000     4.000     1.000     0.212
     2.000     3.000     3.000     3.000     0.229
