     4.000     3.000     2.000     2.000     3.000    -0.173
     3.000     3.000     3.000     3.000     3.000     0.040
     3.000     2.000     2.000     3.000     2.000    -0.526
     3.000     2.000     3.000     3.000     3.000    -0.241
     3.000     3.000     2.000     3.000     3.000    -0.164
     3.000     3.000     2.000     3.000     3.000    -0.164
     3.000     3.000     2.000     2.000     3.000    -0.339
     4.000     4.000     3.000     3.000     4.000     0.664
     4.000     4.000     3.000     4.000     4.000     0.991
     3.000     3.000     3.000     3.000     3.000     0.040
     3.000     3.000     2.000     3.000     3.000    -0.164
     3.000     3.000     2.000     4.000     4.000     0.151
     3.000     3.000     1.000     3.000     3.000    -0.368
     3.000     3.000     2.000     3.000     2.000    -0.267
     3.000     4.000     2.000     3.000     2.000     0.020
     4.000     3.000     2.000     4.000     4.000     0.322
     3.000     2.000     2.000     3.000     3.000    -0.431
     3.000     4.000     2.000     4.000     4.000     0.451
     3.000     4.000     3.000     2.000     3.000     0.142
     3.000     3.000     2.000     4.000     4.000     0.151
     2.000     3.000     2.000     3.000     3.000    -0.311
     3.000     3.000     2.000     3.000     4.000    -0.041
     3.000     3.000     2.000     3.000     3.000    -0.164
     0.000     2.000     1.000     3.000     3.000    -0.978
     4.000     4.000     3.000     4.000     4.000     0.991
     4.000     3.000     2.000     4.000     4.000     0.322
     1.000     4.000     3.000     3.000     2.000    -0.047
     3.000     4.000     3.000     3.000     4.000     0.469
     3.000     3.000     3.000     4.000     4.000     0.371
     3.000     3.000     3.000     3.000     4.000     0.168
     2.000     2.000     2.000     3.000     3.000    -0.562
     4.000     4.000     3.000     4.000     4.000     0.991
     3.000     3.000     2.000     3.000     3.000    -0.164
     2.000     0.000     1.000     0.000     1.000    -1.707
     2.000     3.000     2.000     3.000     3.000    -0.311
     2.000     3.000     2.000     4.000     3.000    -0.131
     3.000     3.000     2.000     3.000     3.000    -0.164
     3.000     4.000     3.000     4.000     3.000     0.542
     4.000     4.000     3.000     3.000     0.000     0.221
     3.000     2.000     3.000     4.000     4.000     0.046
     3.000     2.000     2.000     2.000     2.000    -0.686
     3.000     3.000     2.000     4.000     2.000    -0.082
     3.000     4.000     2.000     2.000     3.000    -0.052
     3.000     3.000     2.000     3.000     4.000    -0.041
     4.000     4.000     3.000     4.000     4.000     0.991
     2.000     2.000     1.000     2.000     3.000    -0.903
     2.000     3.000     2.000     3.000     3.000    -0.311
     4.000     4.000     2.000     3.000     4.000     0.415
     1.000     4.000     2.000     3.000     4.000    -0.026
     3.000     3.000     2.000     3.000     2.000    -0.267
     2.000     2.000     2.000     2.000     3.000    -0.719
     2.000     4.000     3.000     4.000     4.000     0.509
     3.000     3.000     3.000     3.000     3.000     0.040
     2.000     3.000     2.000     4.000     3.000    -0.131
     4.000     4.000     2.000     3.000     2.000     0.179
     4.000     2.000     3.000     3.000     4.000     0.027
     4.000     4.000     3.000     4.000     4.000     0.991
     1.000     1.000     2.000     2.000     2.000    -1.110
     3.000     2.000     2.000     3.000     3.000    -0.431
     3.000     3.000     3.000     3.000     4.000     0.168
     4.000     4.000     3.000     3.000     4.000     0.664
     3.000     3.000     2.000     3.000     3.000    -0.164
     4.000     3.000     3.000     3.000     3.000     0.206
     2.000     3.000     3.000     4.000     4.000     0.200
     3.000     4.000     3.000     4.000     4.000     0.722
     3.000     2.000     1.000     2.000     2.000    -0.872
     3.000     3.000     2.000     3.000     2.000    -0.267
     4.000     4.000     3.000     4.000     4.000     0.991
     3.000     3.000     2.000     4.000     1.000    -0.176
     2.000     3.000     3.000     2.000     3.000    -0.282
     4.000     4.000     3.000     4.000     4.000     0.991
     2.000     4.000     3.000     4.000     4.000     0.509
     4.000     1.000     3.000     2.000     2.000    -0.549
     3.000     4.000     2.000     4.000     4.000     0.451
     3.000     2.000     1.000     3.000     2.000    -0.713
     3.000     3.000     3.000     3.000     4.000     0.168
     3.000     2.000     1.000     3.000     2.000    -0.713
     3.000     4.000     2.000     3.000     2.000     0.020
     4.000     4.000     3.000     4.000     4.000     0.991
     1.000     4.000     2.000     3.000     2.000    -0.234
     1.000     2.000     2.000     2.000     3.000    -0.828
     3.000     3.000     2.000     3.000     4.000    -0.041
     3.000     3.000     2.000     2.000     4.000    -0.221
     4.000     4.000     3.000     4.000     4.000     0.991
     3.000     3.000     3.000     3.000     3.000     0.040
     3.000     3.000     2.000     4.000     4.000     0.151
     3.000     1.000     2.000     2.000     2.000    -0.888
     3.000     2.000     2.000     2.000     3.000    -0.591
     3.000     1.000     2.000     4.000     4.000    -0.376
     4.000     3.000     3.000     3.000     3.000     0.206
     3.000     3.000     2.000     4.000     3.000     0.022
     4.000     3.000     2.000     2.000     2.000    -0.274
     3.000     3.000     1.000     2.000     2.000    -0.635
     3.000     3.000     2.000     2.000     3.000    -0.339
     3.000     3.000     2.000     3.000     3.000    -0.164
     3.000     1.000     1.000     2.000     2.000    -1.069
     2.000     3.000     2.000     4.000     2.000    -0.232
     4.000     3.000     3.000     4.000     4.000     0.554
     4.000     4.000     3.000     4.000     3.000     0.754
     3.000     3.000     2.000     3.000     2.000    -0.267
     2.000     1.000     2.000     3.000     4.000    -0.668
     2.000     4.000     1.000     3.000     3.000    -0.219
     3.000     4.000     3.000     3.000     4.000     0.469
     2.000     3.000     1.000     2.000     1.000    -0.848
     3.000     4.000     2.000     4.000     3.000     0.309
     2.000     2.000     2.000     3.000     1.000    -0.736
     3.000     3.000     2.000     3.000     3.000    -0.164
     1.000     0.000     1.000     2.000     3.000    -1.375
     2.000     4.000     2.000     3.000     0.000    -0.272
     4.000     3.000     3.000     4.000     3.000     0.405
     3.000     3.000     2.000     4.000     3.000     0.022
     2.000     4.000     3.000     4.000     4.000     0.509
     1.000     3.000     2.000     2.000     3.000    -0.594
     2.000     2.000     1.000     2.000     2.000    -0.996
     3.000     3.000     2.000     4.000     3.000     0.022
     3.000     3.000     2.000     4.000     3.000     0.022
     4.000     4.000     3.000     2.000     4.000     0.445
     4.000     3.000     3.000     3.000     2.000     0.102
     1.000     2.000     1.000     3.000     2.000    -0.949
     3.000     4.000     3.000     4.000     3.000     0.542
     3.000     3.000     3.000     4.000     3.000     0.232
     4.000     4.000     3.000     4.000     4.000     0.991
     2.000     3.000     3.000     3.000     4.000     0.009
     3.000     3.000     2.000     2.000     3.000    -0.339
     3.000     4.000     3.000     3.000     4.000     0.469
     4.000     4.000     3.000     4.000     4.000     0.991
     3.000     3.000     2.000     3.000     2.000    -0.267
     4.000     3.000     2.000     3.000     2.000    -0.100
     2.000     2.000     2.000     2.000     2.000    -0.812
     2.000     2.000     1.000     3.000     4.000    -0.642
     1.000     4.000     1.000     4.000     4.000    -0.050
     3.000     2.000     1.000     1.000     3.000    -0.928
     4.000     4.000     3.000     4.000     4.000     0.991
     3.000     3.000     1.000     1.000     3.000    -0.697
     3.000     3.000     3.000     3.000     4.000     0.168
     3.000     3.000     1.000     2.000     3.000    -0.537
     3.000     3.000     1.000     3.000     2.000    -0.468
     4.000     4.000     3.000     4.000     3.000     0.754
     4.000     3.000     2.000     4.000     3.000     0.189
     3.000     3.000     2.000     3.000     3.000    -0.164
     3.000     3.000     2.000     3.000     4.000    -0.041
     4.000     4.000     3.000     4.000     4.000     0.991
     3.000     3.000     2.000     3.000     3.000    -0.164
     4.000     3.000     3.000     2.000     4.000     0.151
     2.000     3.000     2.000     2.000     3.000    -0.479
     3.000     3.000     3.000     4.000     3.000     0.232
     3.000     3.000     2.000     3.000     3.000    -0.164
     3.000     3.000     3.000     3.000     3.000     0.040
     4.000     4.000     3.000     4.000     4.000     0.991
     4.000     4.000     2.000     4.000     4.000     0.644
     2.000     2.000     2.000     1.000     2.000    -0.958
     3.000     4.000     2.000     3.000     4.000     0.246
     4.000     4.000     3.000     4.000     4.000     0.991
     2.000     2.000     3.000     4.000     3.000    -0.208
     4.000     4.000     3.000     4.000     4.000     0.991
     3.000     4.000     2.000     4.000     4.000     0.451
     1.000     3.000     3.000     2.000     0.000    -0.644
     1.000     3.000     2.000     2.000     3.000    -0.594
     3.000     3.000     2.000     3.000     4.000    -0.041
     3.000     4.000     3.000     4.000     4.000     0.722
     2.000     3.000     1.000     2.000     4.000    -0.562
     1.000     3.000     2.000     3.000     4.000    -0.313
     3.000     4.000     3.000     3.000     4.000     0.469
     3.000     3.000     2.000     3.000     3.000    -0.164
     3.000     4.000     3.000     4.000     4.000     0.722
     4.000     4.000     3.000     4.000     4.000     0.991
     2.000     4.000     3.000     3.000     1.000    -0.022
     3.000     3.000     2.000     2.000     2.000    -0.440
     4.000     4.000     2.000     4.000     4.000     0.644
     3.000     3.000     1.000     3.000     2.000    -0.468
     4.000     4.000     3.000     3.000     4.000     0.664
     3.000     3.000     2.000     2.000     3.000    -0.339
     2.000     2.000     1.000     2.000     2.000    -0.996
     3.000     3.000     2.000     4.000     4.000     0.151
     4.000     4.000     3.000     4.000     4.000     0.991
     3.000     2.000     2.000     3.000     4.000    -0.321
     0.000     2.000     2.000     0.000     3.000    -1.208
     2.000     0.000     3.000     4.000     4.000    -0.470
     4.000     4.000     3.000     4.000     4.000     0.991
     2.000     4.000     3.000     4.000     3.000     0.358
     4.000     4.000     2.000     4.000     4.000     0.644
     3.000     3.000     3.000     3.000     3.000     0.040
     4.000     2.000     3.000     3.000     4.000     0.027
     3.000     3.000     2.000     3.000     3.000    -0.164
     3.000     3.000     3.000     3.000     2.000    -0.064
     3.000     4.000     2.000     4.000     4.000     0.451
     2.000     2.000     1.000     2.000     4.000    -0.799
     3.000     2.000     1.000     3.000     3.000    -0.618
     4.000     4.000     3.000     4.000     4.000     0.991
     3.000     3.000     2.000     4.000     4.000     0.151
     3.000     4.000     3.000     3.000     4.000     0.469
     4.000     4.000     3.000     4.000     4.000     0.991
     3.000     4.000     1.000     3.000     4.000     0.034
     3.000     3.000     2.000     4.000     4.000     0.151
     3.000     3.000     3.000     4.000     3.000     0.232
     3.000     3.000     3.000     3.000     3.000     0.040
     3.000     2.000     2.000     2.000     2.000    -0.686
     4.000     4.000     3.000     4.000     4.000     0.991
     3.000     4.000     3.000     4.000     4.000     0.722
     4.000     4.000     3.000     4.000     2.000     0.617
     4.000     4.000     3.000     1.000     4.000     0.251
     3.000     4.000     3.000     4.000     3.000     0.542
     3.000     3.000     2.000     3.000     3.000    -0.164
     4.000     3.000     2.000     3.000     3.000     0.002
     2.000     3.000     3.000     3.000     4.000     0.009
     2.000     3.000     2.000     3.000     3.000    -0.311
     4.000     4.000     3.000     4.000     4.000     0.991
     2.000     3.000     2.000     3.000     3.000    -0.311
     3.000     3.000     2.000     3.000     3.000    -0.164
     3.000     3.000     3.000     3.000     4.000     0.168
     3.000     2.000     1.000     3.000     3.000    -0.618
     4.000     4.000     3.000     4.000     3.000     0.754
     3.000     3.000     2.000     3.000     4.000    -0.041
     4.000     4.000     3.000     4.000     4.000     0.991
     1.000     0.000     3.000     3.000     1.000    -0.999
     4.000     3.000     3.000     4.000     4.000     0.554
     4.000     3.000     2.000     2.000     3.000    -0.173
     3.000     3.000     2.000     4.000     2.000    -0.082
     4.000     4.000     3.000     4.000     4.000     0.991
     4.000     4.000     3.000     4.000     4.000     0.991
     3.000     3.000     2.000     3.000     3.000    -0.164
     4.000     4.000     3.000     4.000     4.000     0.991
     2.000     4.000     3.000     1.000     4.000    -0.057
     3.000     3.000     3.000     4.000     4.000     0.371
     2.000     2.000     1.000     2.000     1.000    -1.076
     4.000     4.000     3.000     4.000     4.000     0.991
     4.000     4.000     3.000     4.000     4.000     0.991
     4.000     4.000     3.000     4.000     4.000     0.991
     2.000     2.000     1.000     2.000     2.000    -0.996
     4.000     4.000     3.000     4.000     4.000     0.991
     4.000     3.000     1.000     2.000     3.000    -0.372
     3.000     4.000     2.000     3.000     4.000     0.246
     3.000     3.000     2.000     3.000     3.000    -0.164
     4.000     4.000     2.000     3.000     3.000     0.280
     4.000     4.000     3.000     4.000     3.000     0.754
     3.000     4.000     2.000     4.000     4.000     0.451
     2.000     3.000     2.000     3.000     3.000    -0.311
     3.000     3.000     2.000     3.000     4.000    -0.041
     3.000     3.000     2.000     3.000     4.000    -0.041
     3.000     3.000     3.000     4.000     4.000     0.371
     4.000     4.000     3.000     4.000     4.000     0.991
     4.000     4.000     3.000     4.000     4.000     0.991
     3.000     4.000     3.000     4.000     4.000     0.722
     2.000     3.000     2.000     4.000     3.000    -0.131
     2.000     0.000     0.000     4.000     4.000    -1.056
     3.000     3.000     2.000     3.000     3.000    -0.164
     3.000     3.000     2.000     3.000     4.000    -0.041
     4.000     4.000     3.000     4.000     3.000     0.754
     3.000     3.000     2.000     4.000     4.000     0.151
     2.000     2.000     2.000     1.000     4.000    -0.766
     4.000     4.000     3.000     4.000     4.000     0.991
     3.000     4.000     3.000     3.000     4.000     0.469
     3.000     3.000     2.000     3.000     3.000    -0.164
     3.000     4.000     3.000     4.000     4.000     0.722
     3.000     3.000     2.000     3.000     3.000    -0.164
     3.000     3.000     2.000     4.000     3.000     0.022
     2.000     3.000     2.000     3.000     3.000    -0.311
     3.000     4.000     3.000     4.000     3.000     0.542
     4.000     4.000     3.000     4.000     2.000     0.617
     2.000     3.000     2.000     2.000     4.000    -0.367
     3.000     3.000     2.000     4.000     2.000    -0.082
     3.000     3.000     2.000     3.000     2.000    -0.267
     3.000     3.000     2.000     3.000     3.000    -0.164
     3.000     4.000     3.000     3.000     4.000     0.469
     4.000     3.000     3.000     4.000     4.000     0.554
     4.000     4.000     3.000     4.000     4.000     0.991
     2.000     2.000     2.000     2.000     3.000    -0.719
     2.000     2.000     1.000     2.000     2.000    -0.996
     2.000     3.000     1.000     3.000     4.000    -0.396
     3.000     2.000     2.000     4.000     4.000    -0.147
     3.000     4.000     2.000     3.000     4.000     0.246
     1.000     3.000     2.000     2.000     3.000    -0.594
     3.000     4.000     2.000     2.000     4.000     0.066
     4.000     2.000     3.000     2.000     0.000    -0.485
     3.000     4.000     3.000     4.000     4.000     0.722
     3.000     3.000     1.000     3.000     4.000    -0.252
     4.000     4.000     3.000     4.000     3.000     0.754
     4.000     3.000     3.000     4.000     3.000     0.405
     3.000     1.000     1.000     2.000     3.000    -0.978
     2.000     1.000     2.000     2.000     2.000    -1.006
     3.000     2.000     3.000     4.000     0.000    -0.315
     3.000     3.000     2.000     3.000     3.000    -0.164
     4.000     2.000     1.000     2.000     2.000    -0.709
     3.000     3.000     0.000     3.000     3.000    -0.628
     4.000     4.000     3.000     4.000     3.000     0.754
     2.000     3.000     1.000     4.000     4.000    -0.217
     3.000     3.000     2.000     3.000     2.000    -0.267
     2.000     3.000     2.000     4.000     4.000    -0.009
     3.000     3.000     2.000     3.000     3.000    -0.164
     3.000     2.000     2.000     3.000     4.000    -0.321
     3.000     3.000     2.000     4.000     4.000     0.151
     3.000     3.000     2.000     3.000     2.000    -0.267
     3.000     4.000     3.000     3.000     3.000     0.325
     2.000     2.000     1.000     2.000     1.000    -1.076
     2.000     3.000     2.000     2.000     3.000    -0.479
     3.000     4.000     2.000     3.000     3.000     0.119
     2.000     2.000     2.000     4.000     4.000    -0.286
     4.000     4.000     3.000     4.000     4.000     0.991
     2.000     2.000     2.000     3.000     3.000    -0.562
     3.000     4.000     3.000     3.000     4.000     0.469
     3.000     2.000     2.000     3.000     2.000    -0.526
     4.000     4.000     3.000     4.000     4.000     0.991
     4.000     4.000     3.000     4.000     4.000     0.991
     3.000     2.000     2.000     3.000     2.000    -0.526
     1.000     1.000     1.000     1.000     2.000    -1.427
     3.000     3.000     2.000     2.000     2.000    -0.440
     4.000     4.000     3.000     4.000     4.000     0.991
     4.000     3.000     2.000     4.000     4.000     0.322
     3.000     2.000     2.000     2.000     3.000    -0.591
     2.000     2.000     1.000     3.000     4.000    -0.642
     4.000     3.000     2.000     3.000     3.000     0.002
     1.000     1.000     1.000     3.000     1.000    -1.216
     2.000     3.000     1.000     3.000     3.000    -0.507
     3.000     4.000     3.000     4.000     4.000     0.722
     2.000     2.000     1.000     3.000     3.000    -0.746
     2.000     2.000     1.000     3.000     3.000    -0.746
     2.000     2.000     2.000     1.000     2.000    -0.958
     2.000     2.000     1.000     3.000     1.000    -0.919
     3.000     2.000     1.000     2.000     2.000    -0.872
     3.000     4.000     3.000     4.000     4.000     0.722
     2.000     1.000     3.000     2.000     2.000    -0.817
     3.000     2.000     2.000     2.000     2.000    -0.686
     3.000     4.000     2.000     4.000     3.000     0.309
     1.000     3.000     1.000     4.000     2.000    -0.543
     3.000     3.000     1.000     3.000     3.000    -0.368
     2.000     1.000     1.000     2.000     2.000    -1.186
     3.000     2.000     1.000     2.000     3.000    -0.777
     3.000     2.000     1.000     2.000     2.000    -0.872
     3.000     2.000     2.000     2.000     2.000    -0.686
     3.000     4.000     3.000     4.000     2.000     0.423
     3.000     3.000     2.000     4.000     4.000     0.151
     3.000     3.000     1.000     3.000     3.000    -0.368
     3.000     3.000     2.000     2.000     1.000    -0.528
     3.000     3.000     2.000     4.000     3.000     0.022
     3.000     3.000     2.000     3.000     3.000    -0.164
     4.000     4.000     3.000     4.000     4.000     0.991
     3.000     4.000     3.000     4.000     4.000     0.722
     3.000     2.000     3.000     2.000     2.000    -0.493
     3.000     4.000     3.000     3.000     4.000     0.469
     2.000     3.000     2.000     3.000     3.000    -0.311
     3.000     3.000     2.000     1.000     4.000    -0.394
     3.000     3.000     2.000     3.000     3.000    -0.164
     3.000     3.000     2.000     3.000     3.000    -0.164
     3.000     3.000     2.000     3.000     3.000    -0.164
     4.000     3.000     1.000     3.000     2.000    -0.303
     4.000     4.000     3.000     4.000     4.000     0.991
     3.000     3.000     2.000     4.000     4.000     0.151
     3.000     3.000     3.000     3.000     3.000     0.040
     3.000     3.000     2.000     4.000     4.000     0.151
     3.000     3.000     2.000     3.000     2.000    -0.267
     3.000     3.000     1.000     3.000     4.000    -0.252
     4.000     3.000     3.000     3.000     2.000     0.102
     3.000     3.000     3.000     4.000     3.000     0.232
     3.000     3.000     2.000     3.000     4.000    -0.041
     3.000     3.000     2.000     3.000     3.000    -0.164
     3.000     3.000     3.000     3.000     4.000     0.168
     3.000     3.000     2.000     3.000     3.000    -0.164
     4.000     4.000     3.000     3.000     3.000     0.500
     1.000     2.000     1.000     2.000     1.000    -1.186
     4.000     4.000     3.000     4.000     4.000     0.991
     3.000     3.000     3.000     4.000     4.000     0.371
