     2.000     3.000     1.000     1.000     2.000    -0.091
     1.000     2.000     2.000     1.000     2.000    -0.180
     2.000     3.000     1.000     2.000     1.000    -0.162
     1.000     3.000     0.000     0.000     3.000    -0.357
     3.000     2.000     1.000     1.000     1.000    -0.172
     2.000     2.000     1.000     2.000     1.000    -0.244
     2.000     2.000     2.000     2.000     2.000     0.060
     3.000     3.000     3.000     1.000     2.000     0.334
     1.000     4.000     2.000     4.000     3.000     0.406
     3.000     2.000     1.000     1.000     3.000     0.150
     2.000     3.000     2.000     2.000     2.000     0.142
     2.000     3.000     2.000     2.000     3.000     0.305
     2.000     4.000     2.000     1.000     3.000     0.316
     2.000     2.000     2.000     0.000     2.000    -0.129
     2.000     3.000     2.000     3.000     3.000     0.386
     1.000     2.000     0.000     1.000     1.000    -0.667
     0.000     1.000     0.000     1.000     2.000    -0.741
     3.000     4.000     4.000     3.000     3.000     0.926
     1.000     4.000     1.000     2.000     1.000    -0.218
     4.000     4.000     4.000     0.000     2.000     0.636
     2.000     2.000     3.000     2.000     2.000     0.187
     1.000     4.000     2.000     1.000     4.000     0.332
     2.000     3.000     0.000     1.000     1.000    -0.433
     2.000     3.000     1.000     0.000     2.000    -0.193
     0.000     4.000     0.000     0.000     0.000    -0.944
     2.000     3.000     2.000     1.000     3.000     0.216
     2.000     3.000     2.000     1.000     2.000     0.052
     4.000     3.000     2.000     1.000     3.000     0.515
     2.000     4.000     1.000     2.000     2.000     0.097
     2.000     2.000     2.000     1.000     3.000     0.135
     2.000     2.000     1.000     1.000     1.000    -0.334
     2.000     3.000     1.000     3.000     0.000    -0.244
     2.000     4.000     2.000     1.000     3.000     0.316
     1.000     3.000     3.000     0.000     4.000     0.262
     2.000     4.000     1.000     2.000     2.000     0.097
     2.000     3.000     2.000     2.000     2.000     0.142
     2.000     2.000     2.000     2.000     2.000     0.060
     4.000     4.000     1.000     2.000     3.000     0.570
     0.000     3.000     0.000     1.000     0.000    -0.927
     3.000     3.000     2.000     4.000     2.000     0.454
     2.000     2.000     2.000     2.000     1.000    -0.100
     2.000     3.000     2.000     1.000     2.000     0.052
     3.000     3.000     4.000     4.000     3.000     0.899
     2.000     4.000     1.000     0.000     2.000    -0.096
     3.000     2.000     0.000     3.000     2.000    -0.014
     2.000     2.000     2.000     2.000     2.000     0.060
     2.000     3.000     1.000     2.000     3.000     0.164
     3.000     3.000     2.000     2.000     2.000     0.297
     3.000     4.000     4.000     3.000     4.000     1.116
     2.000     3.000     1.000     0.000     1.000    -0.354
     1.000     3.000     1.000     1.000     3.000    -0.079
     1.000     1.000     4.000     0.000     1.000    -0.249
     2.000     3.000     2.000     1.000     3.000     0.216
     2.000     3.000     1.000     3.000     2.000     0.081
     3.000     2.000     2.000     2.000     4.000     0.551
     3.000     4.000     1.000     2.000     4.000     0.598
     4.000     4.000     1.000     2.000     3.000     0.570
     2.000     0.000     0.000     3.000     3.000    -0.159
     1.000     2.000     2.000     2.000     2.000    -0.092
     3.000     4.000     1.000     1.000     3.000     0.331
     3.000     3.000     0.000     2.000     2.000    -0.015
     1.000     2.000     0.000     1.000     2.000    -0.505
     2.000     3.000     2.000     2.000     1.000    -0.019
     3.000     3.000     4.000     1.000     3.000     0.645
     4.000     4.000     0.000     1.000     0.000    -0.193
     1.000     2.000     2.000     2.000     2.000    -0.092
     0.000     1.000     1.000     1.000     1.000    -0.710
     4.000     4.000     4.000     2.000     4.000     1.203
     1.000     3.000     2.000     1.000     2.000    -0.100
     0.000     3.000     0.000     1.000     1.000    -0.743
     3.000     2.000     4.000     2.000     3.000     0.653
     2.000     3.000     2.000     1.000     2.000     0.052
     4.000     1.000     2.000     4.000     1.000     0.279
     1.000     4.000     4.000     4.000     4.000     0.871
     1.000     1.000     0.000     2.000     2.000    -0.491
     2.000     2.000     1.000     1.000     1.000    -0.334
     2.000     2.000     2.000     3.000     2.000     0.142
     2.000     4.000     2.000     4.000     1.000     0.237
     0.000     3.000     0.000     0.000     0.000    -1.045
     1.000     1.000     1.000     1.000     1.000    -0.557
     2.000     3.000     3.000     2.000     4.000     0.608
     2.000     2.000     1.000     1.000     2.000    -0.173
     0.000     2.000     1.000     2.000     3.000    -0.215
     3.000     4.000     2.000     1.000     1.000     0.146
     3.000     3.000     3.000     2.000     3.000     0.584
     2.000     3.000     3.000     1.000     1.000     0.019
     1.000     4.000     2.000     0.000     2.000    -0.105
     2.000     2.000     2.000     1.000     2.000    -0.029
     1.000     0.000     1.000     0.000     2.000    -0.575
     4.000     4.000     3.000     1.000     2.000     0.582
     2.000     2.000     1.000     2.000     2.000    -0.083
     3.000     3.000     2.000     1.000     2.000     0.208
     3.000     3.000     2.000     3.000     1.000     0.217
     2.000     3.000     1.000     2.000     1.000    -0.162
     0.000     4.000     1.000     1.000     1.000    -0.457
     2.000     1.000     3.000     2.000     3.000     0.273
     2.000     3.000     2.000     1.000     3.000     0.216
     1.000     1.000     3.000     3.000     4.000     0.370
     2.000     2.000     0.000     1.000     1.000    -0.517
     2.000     2.000     1.000     1.000     2.000    -0.173
     0.000     3.000     1.000     0.000     1.000    -0.656
     1.000     3.000     3.000     2.000     2.000     0.114
     3.000     2.000     3.000     1.000     1.000     0.095
     1.000     1.000     3.000     2.000     1.000    -0.199
     1.000     2.000     1.000     1.000     0.000    -0.649
     2.000     4.000     1.000     2.000     2.000     0.097
     2.000     3.000     3.000     2.000     2.000     0.269
     2.000     2.000     3.000     0.000     1.000    -0.162
     2.000     4.000     3.000     2.000     2.000     0.369
     2.000     3.000     1.000     1.000     0.000    -0.418
     2.000     3.000     2.000     1.000     3.000     0.216
     4.000     4.000     4.000     2.000     2.000     0.831
     2.000     2.000     3.000     2.000     2.000     0.187
     2.000     2.000     2.000     3.000     2.000     0.142
     0.000     2.000     0.000     0.000     1.000    -0.942
     2.000     3.000     3.000     2.000     1.000     0.108
     0.000     4.000     0.000     0.000     3.000    -0.413
     1.000     3.000     0.000     2.000     1.000    -0.492
     2.000     2.000     0.000     2.000     2.000    -0.261
     2.000     3.000     2.000     2.000     2.000     0.142
     1.000     3.000     1.000     3.000     1.000    -0.230
     2.000     4.000     4.000     0.000     3.000     0.495
     4.000     4.000     1.000     2.000     2.000     0.403
     2.000     2.000     1.000     1.000     3.000    -0.008
     0.000     4.000     1.000     1.000     2.000    -0.295
     2.000     4.000     2.000     0.000     2.000     0.050
     2.000     3.000     1.000     2.000     2.000    -0.001
     0.000     4.000     3.000     1.000     0.000    -0.346
     1.000     2.000     1.000     2.000     1.000    -0.393
     2.000     4.000     1.000     0.000     2.000    -0.096
     1.000     3.000     3.000     2.000     1.000    -0.044
     2.000     3.000     3.000     2.000     3.000     0.432
     2.000     4.000     1.000     1.000     3.000     0.173
     3.000     3.000     3.000     2.000     2.000     0.422
     2.000     4.000     1.000     2.000     2.000     0.097
     2.000     2.000     2.000     2.000     2.000     0.060
     2.000     2.000     3.000     3.000     3.000     0.431
     3.000     3.000     3.000     1.000     2.000     0.334
     2.000     3.000     0.000     1.000     1.000    -0.433
     3.000     2.000     3.000     1.000     3.000     0.415
     2.000     3.000     1.000     3.000     1.000    -0.080
     2.000     2.000     0.000     2.000     1.000    -0.424
     3.000     4.000     1.000     2.000     2.000     0.256
     1.000     2.000     1.000     1.000     2.000    -0.324
     2.000     3.000     2.000     2.000     3.000     0.305
     3.000     3.000     1.000     1.000     0.000    -0.254
     2.000     3.000     0.000     1.000     2.000    -0.269
     3.000     3.000     1.000     2.000     2.000     0.157
     2.000     4.000     1.000     2.000     1.000    -0.066
     2.000     4.000     1.000     1.000     1.000    -0.156
     3.000     2.000     3.000     3.000     2.000     0.421
     2.000     3.000     0.000     2.000     1.000    -0.340
     3.000     3.000     2.000     2.000     2.000     0.297
     1.000     2.000     3.000     1.000     1.000    -0.212
     3.000     4.000     3.000     0.000     2.000     0.335
     2.000     3.000     2.000     2.000     2.000     0.142
     3.000     2.000     2.000     1.000     2.000     0.128
     2.000     3.000     3.000     3.000     2.000     0.349
     2.000     1.000     1.000     2.000     1.000    -0.320
     1.000     2.000     0.000     0.000     4.000    -0.262
     2.000     3.000     2.000     2.000     1.000    -0.019
     3.000     3.000     3.000     3.000     1.000     0.342
     1.000     0.000     4.000     3.000     1.000    -0.050
     1.000     3.000     2.000     3.000     3.000     0.230
     4.000     4.000     0.000     3.000     3.000     0.479
     2.000     3.000     1.000     1.000     2.000    -0.091
     0.000     2.000     3.000     3.000     3.000     0.137
     2.000     1.000     0.000     1.000     1.000    -0.595
     3.000     2.000     1.000     2.000     2.000     0.076
     1.000     2.000     1.000     1.000     3.000    -0.160
     0.000     4.000     4.000     2.000     0.000    -0.113
     2.000     3.000     1.000     1.000     2.000    -0.091
     1.000     3.000     1.000     1.000     2.000    -0.243
     2.000     3.000     1.000     0.000     2.000    -0.193
     2.000     3.000     0.000     0.000     2.000    -0.374
     3.000     3.000     3.000     3.000     3.000     0.663
     0.000     2.000     3.000     2.000     3.000     0.056
     4.000     4.000     0.000     4.000     4.000     0.743
     0.000     4.000     0.000     1.000     2.000    -0.480
     2.000     4.000     0.000     0.000     1.000    -0.442
     3.000     4.000     2.000     3.000     1.000     0.315
     3.000     3.000     4.000     2.000     3.000     0.736
     1.000     4.000     0.000     3.000     2.000    -0.151
     1.000     2.000     1.000     0.000     1.000    -0.585
     3.000     4.000     2.000     1.000     2.000     0.307
     4.000     4.000     3.000     1.000     3.000     0.749
     2.000     3.000     4.000     2.000     2.000     0.416
     2.000     3.000     1.000     1.000     1.000    -0.252
     2.000     4.000     0.000     2.000     2.000    -0.079
     1.000     4.000     3.000     2.000     3.000     0.374
     1.000     2.000     0.000     0.000     1.000    -0.775
     2.000     2.000     0.000     0.000     0.000    -0.802
     2.000     4.000     2.000     3.000     3.000     0.487
     1.000     3.000     1.000     3.000     0.000    -0.394
     2.000     1.000     0.000     4.000     1.000    -0.340
     2.000     3.000     1.000     2.000     2.000    -0.001
     2.000     2.000     0.000     1.000     1.000    -0.517
     3.000     4.000     4.000     4.000     4.000     1.206
     1.000     4.000     1.000     1.000     3.000     0.017
     3.000     4.000     1.000     1.000     2.000     0.166
     3.000     4.000     0.000     1.000     2.000    -0.008
     2.000     3.000     3.000     2.000     3.000     0.432
     3.000     2.000     3.000     1.000     2.000     0.254
     1.000     4.000     1.000     3.000     3.000     0.188
     0.000     4.000     3.000     3.000     3.000     0.316
     0.000     4.000     1.000     3.000     3.000     0.046
     2.000     2.000     2.000     2.000     2.000     0.060
     1.000     4.000     1.000     1.000     3.000     0.017
     2.000     3.000     2.000     1.000     1.000    -0.108
     1.000     3.000     3.000     0.000     1.000    -0.231
     1.000     3.000     1.000     1.000     2.000    -0.243
     0.000     2.000     0.000     0.000     1.000    -0.942
     2.000     2.000     1.000     1.000     2.000    -0.173
     0.000     2.000     0.000     1.000     0.000    -1.017
     0.000     4.000     4.000     1.000     2.000     0.124
     2.000     2.000     2.000     1.000     2.000    -0.029
     2.000     3.000     1.000     1.000     3.000     0.074
     2.000     3.000     1.000     1.000     2.000    -0.091
     2.000     3.000     0.000     1.000     3.000    -0.101
     0.000     4.000     4.000     0.000     4.000     0.369
     2.000     2.000     1.000     1.000     2.000    -0.173
     1.000     3.000     0.000     1.000     2.000    -0.422
     0.000     1.000     0.000     2.000     1.000    -0.813
     0.000     2.000     0.000     1.000     1.000    -0.829
     2.000     2.000     2.000     1.000     1.000    -0.189
     2.000     3.000     1.000     2.000     3.000     0.164
     0.000     4.000     1.000     0.000     3.000    -0.230
     0.000     2.000     0.000     1.000     0.000    -1.017
     1.000     2.000     1.000     2.000     3.000    -0.071
     3.000     1.000     1.000     4.000     0.000    -0.164
     1.000     2.000     1.000     2.000     2.000    -0.235
     2.000     4.000     1.000     1.000     2.000     0.006
     2.000     3.000     2.000     3.000     2.000     0.223
     3.000     3.000     3.000     1.000     4.000     0.671
     2.000     4.000     2.000     1.000     3.000     0.316
     2.000     4.000     1.000     3.000     2.000     0.180
     1.000     2.000     1.000     3.000     2.000    -0.153
     2.000     3.000     1.000     2.000     2.000    -0.001
     3.000     3.000     3.000     2.000     2.000     0.422
     1.000     3.000     2.000     2.000     3.000     0.150
     3.000     4.000     3.000     3.000     4.000     0.948
     3.000     4.000     3.000     2.000     3.000     0.688
     3.000     2.000     2.000     4.000     1.000     0.213
     2.000     3.000     1.000     1.000     2.000    -0.091
     1.000     1.000     3.000     0.000     3.000    -0.067
     2.000     3.000     2.000     2.000     2.000     0.142
     1.000     3.000     1.000     2.000     2.000    -0.154
     4.000     3.000     3.000     4.000     2.000     0.729
     3.000     4.000     3.000     3.000     2.000     0.604
     2.000     3.000     2.000     3.000     1.000     0.062
     2.000     4.000     0.000     4.000     1.000    -0.081
     2.000     4.000     2.000     2.000     3.000     0.406
     2.000     4.000     1.000     1.000     1.000    -0.156
     2.000     3.000     2.000     1.000     2.000     0.052
     3.000     3.000     1.000     1.000     3.000     0.231
     3.000     4.000     2.000     3.000     3.000     0.640
     1.000     1.000     2.000     0.000     1.000    -0.512
     2.000     4.000     1.000     0.000     2.000    -0.096
     3.000     4.000     1.000     3.000     2.000     0.337
     1.000     2.000     2.000     1.000     1.000    -0.337
     2.000     2.000     1.000     2.000     1.000    -0.244
     1.000     3.000     2.000     3.000     2.000     0.069
     1.000     2.000     1.000     1.000     2.000    -0.324
     2.000     2.000     2.000     2.000     2.000     0.060
     1.000     3.000     1.000     1.000     2.000    -0.243
     4.000     4.000     1.000     0.000     3.000     0.378
     2.000     3.000     2.000     2.000     3.000     0.305
     2.000     2.000     2.000     2.000     3.000     0.224
     2.000     4.000     1.000     1.000     3.000     0.173
     3.000     4.000     3.000     3.000     1.000     0.441
     2.000     4.000     1.000     2.000     2.000     0.097
     1.000     3.000     1.000     2.000     1.000    -0.312
     2.000     3.000     3.000     2.000     1.000     0.108
     1.000     2.000     3.000     0.000     0.000    -0.476
     3.000     4.000     3.000     3.000     3.000     0.767
     4.000     4.000     3.000     0.000     1.000     0.318
     0.000     3.000     0.000     1.000     1.000    -0.743
     1.000     2.000     2.000     2.000     2.000    -0.092
     1.000     0.000     1.000     2.000     0.000    -0.709
     1.000     3.000     2.000     1.000     0.000    -0.420
     2.000     3.000     2.000     2.000     2.000     0.142
     3.000     1.000     1.000     0.000     2.000    -0.189
     2.000     2.000     2.000     2.000     2.000     0.060
     1.000     2.000     2.000     1.000     1.000    -0.337
     2.000     4.000     1.000     3.000     2.000     0.180
     2.000     4.000     0.000     0.000     3.000    -0.106
     2.000     3.000     2.000     2.000     3.000     0.305
     2.000     4.000     2.000     1.000     1.000    -0.012
     3.000     3.000     1.000     1.000     2.000     0.068
     2.000     3.000     2.000     1.000     2.000     0.052
     2.000     2.000     0.000     1.000     2.000    -0.353
     1.000     3.000     2.000     2.000     3.000     0.150
     1.000     4.000     2.000     1.000     3.000     0.158
     2.000     2.000     1.000     2.000     2.000    -0.083
     2.000     3.000     2.000     3.000     3.000     0.386
     2.000     4.000     1.000     1.000     1.000    -0.156
     1.000     2.000     0.000     1.000     0.000    -0.844
     3.000     3.000     1.000     1.000     4.000     0.406
     3.000     4.000     1.000     2.000     3.000     0.421
     3.000     3.000     2.000     1.000     3.000     0.370
     1.000     3.000     1.000     0.000     3.000    -0.179
     0.000     4.000     4.000     4.000     2.000     0.377
     2.000     0.000     2.000     2.000     4.000     0.251
     2.000     3.000     2.000     2.000     2.000     0.142
     1.000     3.000     2.000     1.000     2.000    -0.100
     2.000     2.000     1.000     1.000     1.000    -0.334
     2.000     3.000     3.000     0.000     4.000     0.420
     1.000     3.000     1.000     2.000     2.000    -0.154
     2.000     4.000     2.000     1.000     2.000     0.150
     1.000     1.000     2.000     1.000     3.000    -0.094
     3.000     4.000     2.000     1.000     3.000     0.470
     1.000     2.000     1.000     3.000     2.000    -0.153
     1.000     0.000     1.000     1.000     2.000    -0.472
     2.000     4.000     0.000     2.000     2.000    -0.079
     3.000     3.000     3.000     2.000     3.000     0.584
     1.000     3.000     2.000     2.000     2.000    -0.012
     2.000     2.000     1.000     2.000     2.000    -0.083
     2.000     3.000     2.000     2.000     2.000     0.142
     2.000     2.000     1.000     2.000     2.000    -0.083
     2.000     2.000     1.000     1.000     2.000    -0.173
     2.000     2.000     2.000     1.000     2.000    -0.029
     2.000     2.000     2.000     2.000     3.000     0.224
     1.000     1.000     1.000     1.000     1.000    -0.557
     3.000     1.000     2.000     2.000     3.000     0.301
     1.000     1.000     1.000     0.000     2.000    -0.502
     1.000     3.000     1.000     2.000     2.000    -0.154
     2.000     2.000     3.000     2.000     2.000     0.187
     1.000     2.000     2.000     1.000     1.000    -0.337
     2.000     2.000     2.000     2.000     2.000     0.060
     1.000     4.000     1.000     3.000     3.000     0.188
     3.000     3.000     2.000     2.000     3.000     0.458
     1.000     3.000     1.000     1.000     2.000    -0.243
     2.000     3.000     1.000     2.000     3.000     0.164
     1.000     3.000     1.000     1.000     3.000    -0.079
     3.000     4.000     3.000     2.000     3.000     0.688
     3.000     0.000     0.000     0.000     3.000    -0.273
     1.000     4.000     0.000     2.000     2.000    -0.235
     2.000     2.000     1.000     2.000     2.000    -0.083
     0.000     3.000     1.000     1.000     1.000    -0.550
     2.000     1.000     1.000     2.000     2.000    -0.160
     2.000     4.000     0.000     2.000     1.000    -0.244
     2.000     2.000     1.000     2.000     3.000     0.082
     1.000     2.000     0.000     0.000     2.000    -0.611
     2.000     3.000     1.000     2.000     2.000    -0.001
     2.000     3.000     3.000     2.000     1.000     0.108
     1.000     3.000     0.000     1.000     2.000    -0.422
     2.000     2.000     3.000     2.000     2.000     0.187
     1.000     2.000     1.000     1.000     1.000    -0.482
     2.000     2.000     1.000     1.000     2.000    -0.173
     2.000     3.000     1.000     2.000     3.000     0.164
     0.000     3.000     0.000     1.000     0.000    -0.927
     2.000     1.000     1.000     0.000     0.000    -0.683
     2.000     3.000     1.000     1.000     2.000    -0.091
     0.000     3.000     1.000     2.000     2.000    -0.299
     2.000     2.000     1.000     2.000     2.000    -0.083
     1.000     1.000     1.000     2.000     1.000    -0.468
     2.000     3.000     2.000     2.000     3.000     0.305
     0.000     1.000     0.000     1.000     1.000    -0.909
     1.000     1.000     0.000     1.000     1.000    -0.745
     4.000     2.000     0.000     2.000     2.000     0.047
     2.000     2.000     2.000     2.000     2.000     0.060
