     1.000     1.000     1.000     1.000     2.000    -0.282
     1.000     2.000     0.000     0.000     3.000    -0.380
     1.000     0.000     0.000     1.000     1.000    -0.791
     0.000     0.000     0.000     0.000     3.000    -0.906
     1.000     1.000     2.000     2.000     3.000     0.112
     1.000     1.000     1.000     1.000     2.000    -0.282
     2.000     1.000     1.000     2.000     4.000     0.208
     2.000     2.000     1.000     1.000     3.000     0.116
     3.000     1.000     0.000     1.000     2.000    -0.170
     1.000     1.000     1.000     1.000     2.000    -0.282
     2.000     1.000     1.000     2.000     2.000    -0.012
     1.000     2.000     1.000     1.000     4.000     0.061
     2.000     3.000     2.000     2.000     2.000     0.396
     2.000     0.000     2.000     2.000     3.000     0.133
     3.000     2.000     2.000     2.000     3.000     0.545
     1.000     1.000     2.000     1.000     3.000     0.010
     2.000     1.000     2.000     2.000     2.000     0.163
     1.000     4.000     3.000     2.000     4.000     0.746
     1.000     0.000     0.000     1.000     2.000    -0.672
     3.000     1.000     1.000     4.000     1.000     0.217
     1.000     0.000     3.000     1.000     2.000    -0.085
     1.000     1.000     1.000     1.000     2.000    -0.282
     2.000     0.000     1.000     0.000     1.000    -0.497
     1.000     1.000     2.000     3.000     2.000     0.097
     0.000     0.000     0.000     0.000     0.000    -1.324
     1.000     1.000     1.000     2.000     2.000    -0.177
     2.000     3.000     2.000     2.000     1.000     0.282
     2.000     0.000     1.000     2.000     3.000    -0.045
     2.000     1.000     0.000     1.000     2.000    -0.331
     3.000     2.000     1.000     3.000     1.000     0.246
     1.000     1.000     1.000     1.000     2.000    -0.282
     2.000     1.000     1.000     1.000     2.000    -0.115
     3.000     3.000     3.000     3.000     3.000     0.914
     2.000     0.000     0.000     1.000     4.000    -0.260
     1.000     1.000     1.000     1.000     2.000    -0.282
     2.000     1.000     2.000     1.000     2.000     0.061
     2.000     2.000     1.000     1.000     2.000     0.005
     2.000     3.000     0.000     1.000     2.000    -0.090
     4.000     0.000     0.000     2.000     2.000    -0.035
     4.000     2.000     1.000     3.000     4.000     0.762
     1.000     1.000     1.000     2.000     2.000    -0.177
     3.000     2.000     2.000     2.000     3.000     0.545
     2.000     3.000     4.000     2.000     3.000     0.857
     2.000     1.000     2.000     2.000     3.000     0.272
     2.000     1.000     1.000     0.000     2.000    -0.230
     1.000     1.000     1.000     2.000     1.000    -0.290
     1.000     2.000     1.000     3.000     2.000     0.040
     1.000     1.000     0.000     2.000     3.000    -0.279
     3.000     1.000     1.000     2.000     4.000     0.366
     1.000     1.000     1.000     1.000     1.000    -0.393
     3.000     2.000     3.000     2.000     2.000     0.600
     4.000     2.000     3.000     0.000     4.000     0.789
     2.000     3.000     1.000     1.000     3.000     0.231
     2.000     1.000     1.000     1.000     2.000    -0.115
     0.000     3.000     4.000     2.000     1.000     0.283
     1.000     1.000     0.000     1.000     3.000    -0.386
     2.000     1.000     1.000     2.000     4.000     0.208
     2.000     1.000     1.000     2.000     2.000    -0.012
     3.000     3.000     2.000     1.000     3.000     0.558
     2.000     3.000     3.000     2.000     3.000     0.665
     0.000     1.000     0.000     1.000     4.000    -0.479
     1.000     1.000     1.000     1.000     1.000    -0.393
     2.000     2.000     1.000     2.000     2.000     0.108
     4.000     1.000     3.000     2.000     3.000     0.768
     0.000     0.000     1.000     2.000     2.000    -0.533
     2.000     0.000     2.000     3.000     2.000     0.118
     3.000     1.000     2.000     0.000     2.000     0.106
     1.000     1.000     0.000     0.000     0.000    -0.858
     3.000     2.000     1.000     2.000     3.000     0.375
     3.000     0.000     1.000     1.000     2.000    -0.104
     0.000     0.000     0.000     1.000     2.000    -0.902
     2.000     2.000     1.000     1.000     3.000     0.116
     3.000     0.000     1.000     4.000     3.000     0.302
     0.000     1.000     0.000     1.000     2.000    -0.716
     2.000     0.000     2.000     2.000     2.000     0.021
     2.000     1.000     2.000     1.000     3.000     0.171
     2.000     0.000     2.000     2.000     2.000     0.021
     2.000     2.000     2.000     3.000     4.000     0.593
     0.000     0.000     2.000     4.000     2.000    -0.150
     1.000     0.000     1.000     1.000     1.000    -0.550
     0.000     1.000     3.000     1.000     3.000    -0.016
     3.000     2.000     1.000     1.000     1.000     0.049
     1.000     0.000     2.000     1.000     1.000    -0.363
     2.000     1.000     2.000     1.000     4.000     0.279
     2.000     2.000     3.000     2.000     3.000     0.550
     3.000     2.000     2.000     1.000     1.000     0.222
     1.000     2.000     2.000     2.000     2.000     0.120
     3.000     3.000     2.000     3.000     2.000     0.645
     0.000     0.000     1.000     2.000     0.000    -0.765
     3.000     0.000     1.000     0.000     3.000    -0.105
     1.000     1.000     1.000     2.000     1.000    -0.290
     1.000     1.000     2.000     2.000     3.000     0.112
     2.000     3.000     3.000     2.000     2.000     0.557
     1.000     1.000     1.000     3.000     1.000    -0.192
     3.000     2.000     1.000     4.000     3.000     0.560
     2.000     2.000     3.000     2.000     3.000     0.550
     3.000     3.000     2.000     1.000     2.000     0.450
     3.000     0.000     4.000     3.000     2.000     0.629
     2.000     2.000     2.000     1.000     3.000     0.288
     1.000     3.000     1.000     2.000     2.000     0.061
     0.000     1.000     1.000     1.000     1.000    -0.592
     0.000     4.000     0.000     3.000     1.000    -0.236
     1.000     2.000     1.000     1.000     2.000    -0.160
     2.000     2.000     1.000     3.000     2.000     0.203
     1.000     1.000     3.000     2.000     2.000     0.163
     2.000     1.000     2.000     1.000     2.000     0.061
     1.000     1.000     2.000     2.000     2.000     0.001
     0.000     0.000     1.000     0.000     0.000    -1.013
     2.000     3.000     1.000     2.000     4.000     0.444
     0.000     0.000     0.000     0.000     0.000    -1.324
     2.000     1.000     3.000     3.000     2.000     0.418
     0.000     0.000     0.000     1.000     2.000    -0.902
     1.000     0.000     1.000     2.000     1.000    -0.444
     2.000     3.000     2.000     2.000     2.000     0.396
     1.000     2.000     1.000     0.000     3.000    -0.161
     1.000     1.000     0.000     1.000     1.000    -0.618
     2.000     0.000     1.000     3.000     4.000     0.162
     1.000     0.000     2.000     0.000     2.000    -0.367
     0.000     0.000     0.000     2.000     0.000    -1.037
     1.000     1.000     1.000     2.000     2.000    -0.177
     1.000     0.000     1.000     1.000     2.000    -0.437
     1.000     0.000     0.000     0.000     1.000    -0.924
     0.000     2.000     2.000     1.000     3.000    -0.058
     2.000     1.000     3.000     2.000     2.000     0.324
     2.000     0.000     1.000     0.000     4.000    -0.157
     4.000     4.000     3.000     4.000     4.000     1.469
     2.000     2.000     1.000     1.000     1.000    -0.108
     0.000     0.000     1.000     0.000     1.000    -0.891
     1.000     1.000     2.000     1.000     2.000    -0.102
     1.000     1.000     2.000     2.000     2.000     0.001
     1.000     0.000     0.000     2.000     3.000    -0.438
     3.000     3.000     2.000     3.000     3.000     0.751
     3.000     0.000     2.000     2.000     2.000     0.180
     2.000     2.000     2.000     3.000     2.000     0.375
     0.000     3.000     2.000     1.000     1.000    -0.166
     1.000     3.000     3.000     2.000     2.000     0.397
     2.000     2.000     2.000     2.000     2.000     0.281
     0.000     1.000     0.000     3.000     2.000    -0.498
     0.000     0.000     0.000     1.000     0.000    -1.164
     1.000     0.000     0.000     2.000     1.000    -0.678
     1.000     0.000     1.000     2.000     1.000    -0.444
     2.000     2.000     2.000     2.000     2.000     0.281
     2.000     2.000     2.000     1.000     2.000     0.179
     3.000     2.000     3.000     4.000     2.000     0.785
     2.000     2.000     3.000     2.000     2.000     0.442
     2.000     2.000     1.000     1.000     2.000     0.005
     2.000     1.000     1.000     1.000     3.000    -0.003
     1.000     3.000     3.000     3.000     2.000     0.491
     1.000     0.000     2.000     2.000     3.000    -0.031
     1.000     3.000     0.000     2.000     2.000    -0.153
     1.000     4.000     0.000     3.000     2.000     0.072
     2.000     2.000     3.000     1.000     2.000     0.340
     0.000     0.000     1.000     0.000     1.000    -0.891
     0.000     0.000     1.000     1.000     2.000    -0.644
     3.000     4.000     4.000     2.000     2.000     1.045
     2.000     1.000     2.000     3.000     4.000     0.475
     1.000     2.000     0.000     1.000     0.000    -0.602
     2.000     2.000     2.000     3.000     2.000     0.375
     3.000     1.000     3.000     2.000     3.000     0.589
     1.000     0.000     0.000     1.000     2.000    -0.672
     2.000     1.000     2.000     2.000     2.000     0.163
     3.000     2.000     2.000     1.000     1.000     0.222
     1.000     1.000     2.000     2.000     4.000     0.220
     1.000     1.000     2.000     1.000     1.000    -0.213
     3.000     0.000     4.000     3.000     4.000     0.857
     2.000     2.000     1.000     0.000     4.000     0.112
     4.000     3.000     2.000     2.000     1.000     0.613
     1.000     1.000     1.000     1.000     1.000    -0.393
     2.000     2.000     2.000     2.000     2.000     0.281
     1.000     2.000     1.000     0.000     2.000    -0.275
     1.000     0.000     2.000     1.000     4.000    -0.027
     1.000     2.000     1.000     1.000     3.000    -0.047
     1.000     2.000     2.000     1.000     2.000     0.018
     2.000     1.000     2.000     1.000     3.000     0.171
     2.000     1.000     2.000     0.000     2.000    -0.051
     1.000     2.000     0.000     1.000     1.000    -0.493
     3.000     0.000     0.000     2.000     0.000    -0.442
     0.000     3.000     0.000     4.000     4.000     0.068
     3.000     0.000     1.000     0.000     2.000    -0.221
     3.000     1.000     4.000     4.000     2.000     0.861
     1.000     0.000     0.000     1.000     0.000    -0.911
     2.000     4.000     1.000     1.000     3.000     0.356
     2.000     1.000     3.000     3.000     3.000     0.526
     0.000     1.000     0.000     1.000     3.000    -0.591
     3.000     2.000     3.000     2.000     3.000     0.707
     0.000     1.000     1.000     2.000     3.000    -0.256
     0.000     1.000     0.000     1.000     3.000    -0.591
     1.000     2.000     1.000     2.000     1.000    -0.169
     2.000     0.000     1.000     1.000     3.000    -0.150
     0.000     1.000     1.000     2.000     3.000    -0.256
     2.000     2.000     1.000     1.000     2.000     0.005
     0.000     0.000     0.000     2.000     0.000    -1.037
     1.000     1.000     1.000     2.000     2.000    -0.177
     2.000     0.000     4.000     3.000     3.000     0.578
     3.000     0.000     1.000     0.000     0.000    -0.443
     1.000     2.000     3.000     3.000     3.000     0.484
     1.000     0.000     1.000     0.000     2.000    -0.558
     1.000     1.000     1.000     1.000     1.000    -0.393
     1.000     1.000     0.000     0.000     3.000    -0.506
     3.000     1.000     3.000     1.000     4.000     0.599
     2.000     2.000     1.000     1.000     0.000    -0.210
     3.000     2.000     4.000     3.000     4.000     1.118
     2.000     3.000     0.000     1.000     2.000    -0.090
     1.000     1.000     2.000     2.000     1.000    -0.111
     4.000     0.000     1.000     2.000     3.000     0.293
     0.000     0.000     1.000     1.000     1.000    -0.761
     2.000     0.000     2.000     1.000     2.000    -0.083
     1.000     1.000     2.000     3.000     3.000     0.206
     2.000     1.000     2.000     2.000     2.000     0.163
     1.000     0.000     1.000     4.000     4.000     0.087
     0.000     0.000     1.000     2.000     1.000    -0.650
     0.000     1.000     0.000     1.000     2.000    -0.716
     2.000     1.000     2.000     2.000     1.000     0.051
     1.000     0.000     2.000     0.000     1.000    -0.481
     2.000     0.000     4.000     4.000     4.000     0.789
     1.000     0.000     0.000     1.000     4.000    -0.436
     1.000     1.000     1.000     2.000     2.000    -0.177
     2.000     1.000     3.000     2.000     2.000     0.324
     2.000     3.000     1.000     2.000     2.000     0.224
     4.000     4.000     4.000     0.000     3.000     1.128
     1.000     1.000     1.000     0.000     2.000    -0.398
     1.000     1.000     1.000     0.000     3.000    -0.283
     4.000     0.000     2.000     0.000     2.000     0.140
     3.000     2.000     3.000     1.000     3.000     0.605
     3.000     3.000     3.000     3.000     3.000     0.914
     2.000     2.000     2.000     2.000     4.000     0.499
     2.000     1.000     2.000     2.000     4.000     0.381
     0.000     0.000     2.000     1.000     2.000    -0.448
     1.000     2.000     1.000     0.000     1.000    -0.388
     4.000     0.000     0.000     0.000     2.000    -0.261
     3.000     1.000     3.000     1.000     2.000     0.379
     2.000     1.000     1.000     1.000     3.000    -0.003
     2.000     1.000     2.000     1.000     2.000     0.061
     1.000     2.000     1.000     1.000     2.000    -0.160
     1.000     1.000     1.000     2.000     2.000    -0.177
     2.000     2.000     2.000     0.000     2.000     0.068
     1.000     0.000     0.000     2.000     2.000    -0.560
     1.000     2.000     1.000     2.000     2.000    -0.056
     3.000     2.000     1.000     4.000     3.000     0.560
     0.000     0.000     0.000     0.000     0.000    -1.324
     2.000     2.000     0.000     1.000     4.000     0.014
     2.000     2.000     0.000     1.000     3.000    -0.094
     1.000     2.000     1.000     2.000     3.000     0.056
     3.000     2.000     1.000     1.000     2.000     0.162
     2.000     0.000     3.000     3.000     1.000     0.166
     1.000     1.000     1.000     2.000     2.000    -0.177
     0.000     1.000     2.000     2.000     1.000    -0.300
     2.000     3.000     2.000     2.000     0.000     0.184
     1.000     3.000     1.000     3.000     3.000     0.267
     2.000     3.000     3.000     2.000     4.000     0.778
     4.000     0.000     0.000     1.000     4.000     0.086
     2.000     2.000     1.000     1.000     0.000    -0.210
     1.000     2.000     1.000     1.000     2.000    -0.160
     0.000     2.000     0.000     1.000     2.000    -0.584
     1.000     1.000     1.000     1.000     3.000    -0.168
     2.000     2.000     2.000     2.000     2.000     0.281
     1.000     0.000     0.000     2.000     1.000    -0.678
     4.000     3.000     4.000     3.000     3.000     1.311
     2.000     1.000     2.000     3.000     4.000     0.475
     3.000     2.000     3.000     3.000     1.000     0.577
     2.000     1.000     0.000     1.000     4.000    -0.108
     0.000     1.000     3.000     1.000     2.000    -0.129
     1.000     1.000     4.000     3.000     3.000     0.553
     2.000     2.000     1.000     1.000     2.000     0.005
     2.000     1.000     1.000     2.000     2.000    -0.012
     3.000     3.000     3.000     4.000     3.000     1.008
     3.000     2.000     3.000     2.000     3.000     0.707
     2.000     2.000     2.000     2.000     2.000     0.281
     3.000     3.000     3.000     3.000     3.000     0.914
     2.000     2.000     2.000     2.000     4.000     0.499
     3.000     1.000     1.000     1.000     3.000     0.154
     1.000     0.000     0.000     1.000     1.000    -0.791
     1.000     1.000     2.000     3.000     3.000     0.206
     4.000     2.000     1.000     0.000     0.000     0.010
     4.000     4.000     0.000     2.000     3.000     0.588
     2.000     2.000     1.000     0.000     3.000     0.004
     3.000     1.000     3.000     0.000     4.000     0.488
     1.000     0.000     1.000     2.000     1.000    -0.444
     0.000     0.000     0.000     0.000     3.000    -0.906
     0.000     2.000     3.000     1.000     1.000    -0.121
     2.000     2.000     2.000     2.000     2.000     0.281
     0.000     1.000     1.000     1.000     3.000    -0.361
     3.000     1.000     1.000     2.000     3.000     0.256
     1.000     3.000     1.000     1.000     3.000     0.069
     3.000     3.000     4.000     3.000     2.000     1.004
     3.000     3.000     4.000     0.000     3.000     0.802
     2.000     1.000     0.000     2.000     2.000    -0.226
     3.000     2.000     3.000     3.000     3.000     0.800
     1.000     2.000     2.000     1.000     2.000     0.018
     3.000     1.000     0.000     0.000     3.000    -0.172
     3.000     0.000     2.000     0.000     2.000    -0.038
     3.000     2.000     3.000     2.000     3.000     0.707
     0.000     3.000     2.000     1.000     2.000    -0.054
     2.000     1.000     1.000     2.000     2.000    -0.012
     2.000     2.000     2.000     2.000     2.000     0.281
     2.000     2.000     3.000     1.000     1.000     0.227
     0.000     0.000     3.000     2.000     0.000    -0.396
     0.000     1.000     1.000     1.000     1.000    -0.592
     2.000     1.000     1.000     3.000     2.000     0.084
     1.000     1.000     2.000     2.000     1.000    -0.111
     1.000     1.000     3.000     2.000     1.000     0.050
     2.000     4.000     0.000     0.000     2.000    -0.080
     0.000     0.000     0.000     3.000     0.000    -0.917
     1.000     1.000     3.000     2.000     2.000     0.163
     1.000     0.000     3.000     4.000     1.000     0.092
     0.000     0.000     0.000     1.000     1.000    -1.029
     1.000     1.000     1.000     0.000     2.000    -0.398
     1.000     1.000     4.000     1.000     3.000     0.355
     1.000     1.000     1.000     2.000     1.000    -0.290
     0.000     0.000     3.000     1.000     2.000    -0.280
     1.000     2.000     1.000     2.000     3.000     0.056
     2.000     1.000     1.000     1.000     2.000    -0.115
     1.000     1.000     1.000     1.000     2.000    -0.282
     1.000     1.000     2.000     0.000     2.000    -0.215
     1.000     2.000     3.000     2.000     2.000     0.282
     1.000     2.000     2.000     3.000     2.000     0.215
     1.000     0.000     3.000     2.000     2.000     0.019
     1.000     3.000     3.000     2.000     2.000     0.397
     0.000     0.000     1.000     2.000     1.000    -0.650
     2.000     1.000     1.000     1.000     2.000    -0.115
     1.000     1.000     2.000     1.000     1.000    -0.213
     3.000     2.000     2.000     3.000     2.000     0.531
     0.000     0.000     3.000     1.000     3.000    -0.164
     2.000     2.000     3.000     2.000     2.000     0.442
     2.000     1.000     3.000     2.000     2.000     0.324
     1.000     0.000     1.000     2.000     2.000    -0.330
     1.000     2.000     2.000     2.000     2.000     0.120
     1.000     1.000     2.000     2.000     2.000     0.001
     1.000     1.000     0.000     2.000     2.000    -0.397
     3.000     2.000     2.000     2.000     3.000     0.545
     4.000     2.000     3.000     2.000     2.000     0.779
     3.000     0.000     2.000     2.000     2.000     0.180
     1.000     1.000     1.000     1.000     2.000    -0.282
     1.000     1.000     3.000     3.000     3.000     0.367
     3.000     3.000     3.000     3.000     3.000     0.914
     0.000     2.000     2.000     2.000     2.000    -0.067
     2.000     0.000     2.000     0.000     2.000    -0.198
     2.000     2.000     2.000     2.000     2.000     0.281
     0.000     0.000     0.000     0.000     2.000    -1.047
     1.000     1.000     1.000     1.000     1.000    -0.393
     0.000     0.000     0.000     2.000     2.000    -0.782
     2.000     1.000     1.000     1.000     2.000    -0.115
     3.000     3.000     2.000     2.000     3.000     0.659
     3.000     0.000     2.000     1.000     2.000     0.076
     3.000     3.000     4.000     2.000     3.000     1.019
     0.000     0.000     0.000     0.000     1.000    -1.179
     0.000     0.000     1.000     4.000     2.000    -0.337
     3.000     0.000     1.000     1.000     2.000    -0.104
     3.000     2.000     4.000     1.000     2.000     0.687
     2.000     2.000     3.000     2.000     2.000     0.442
     2.000     0.000     2.000     1.000     1.000    -0.196
     2.000     0.000     3.000     2.000     2.000     0.184
     1.000     1.000     2.000     1.000     3.000     0.010
     1.000     1.000     0.000     1.000     2.000    -0.504
     2.000     2.000     1.000     1.000     2.000     0.005
     1.000     1.000     1.000     1.000     1.000    -0.393
     2.000     2.000     2.000     2.000     2.000     0.281
     1.000     2.000     2.000     1.000     2.000     0.018
     1.000     1.000     1.000     2.000     1.000    -0.290
     0.000     0.000     0.000     0.000     2.000    -1.047
     1.000     0.000     1.000     2.000     3.000    -0.213
