     0.000     3.000     1.000     1.000     1.000    -0.403
     0.000     3.000     1.000     2.000     0.000    -0.429
     2.000     3.000     1.000     3.000     0.000     0.112
     1.000     3.000     4.000     4.000     3.000     1.043
     1.000     4.000     1.000     1.000     1.000    -0.268
     0.000     4.000     1.000     1.000     1.000    -0.507
     0.000     4.000     0.000     1.000     1.000    -0.822
     2.000     4.000     0.000     2.000     0.000    -0.364
     1.000     4.000     2.000     4.000     1.000     0.320
     0.000     3.000     0.000     2.000     0.000    -0.734
     1.000     4.000     1.000     1.000     1.000    -0.268
     1.000     4.000     0.000     2.000     1.000    -0.403
     2.000     1.000     1.000     3.000     3.000     0.669
     1.000     4.000     1.000     1.000     1.000    -0.268
     2.000     3.000     2.000     1.000     3.000     0.502
     0.000     3.000     0.000     2.000     1.000    -0.548
     1.000     2.000     1.000     3.000     2.000     0.292
     1.000     2.000     1.000     4.000     2.000     0.414
     1.000     4.000     0.000     1.000     1.000    -0.548
     3.000     4.000     1.000     1.000     1.000     0.113
     1.000     3.000     2.000     4.000     3.000     0.667
     1.000     2.000     1.000     3.000     2.000     0.292
     1.000     3.000     0.000     1.000     0.000    -0.616
     3.000     1.000     2.000     4.000     0.000     0.766
     1.000     4.000     0.000     0.000     0.000    -0.923
     0.000     4.000     1.000     0.000     0.000    -0.876
     1.000     1.000     1.000     2.000     2.000     0.253
     0.000     4.000     0.000     4.000     2.000    -0.254
     0.000     4.000     0.000     1.000     3.000    -0.505
     0.000     3.000     1.000     0.000     0.000    -0.760
     1.000     2.000     1.000     2.000     1.000     0.042
     0.000     3.000     1.000     2.000     1.000    -0.262
     3.000     3.000     1.000     2.000     1.000     0.335
     4.000     2.000     3.000     3.000     3.000     1.330
     2.000     2.000     1.000     1.000     2.000     0.246
     1.000     3.000     3.000     2.000     2.000     0.498
     1.000     3.000     1.000     2.000     2.000     0.105
     1.000     3.000     1.000     1.000     1.000    -0.171
     0.000     3.000     0.000     2.000     0.000    -0.734
     0.000     4.000     0.000     2.000     0.000    -0.857
     1.000     2.000     1.000     1.000     1.000    -0.091
     1.000     3.000     1.000     1.000     1.000    -0.171
     4.000     3.000     1.000     3.000     3.000     0.879
     1.000     3.000     2.000     3.000     2.000     0.428
     0.000     4.000     0.000     1.000     1.000    -0.822
     2.000     2.000     3.000     3.000     2.000     0.862
     1.000     3.000     2.000     1.000     2.000     0.196
     1.000     3.000     1.000     1.000     1.000    -0.171
     1.000     4.000     2.000     4.000     4.000     0.686
     0.000     3.000     1.000     1.000     1.000    -0.403
     1.000     3.000     1.000     2.000     2.000     0.105
     0.000     4.000     0.000     1.000     0.000    -1.035
     1.000     3.000     0.000     2.000     2.000    -0.156
     0.000     4.000     1.000     1.000     0.000    -0.684
     3.000     4.000     0.000     4.000     4.000     0.584
     0.000     4.000     0.000     1.000     0.000    -1.035
     3.000     4.000     0.000     0.000     4.000     0.063
     2.000     3.000     2.000     1.000     2.000     0.383
     1.000     2.000     2.000     1.000     1.000     0.135
     0.000     4.000     0.000     0.000     0.000    -1.285
     0.000     4.000     0.000     0.000     1.000    -1.039
     0.000     3.000     0.000     1.000     1.000    -0.703
     1.000     4.000     0.000     0.000     1.000    -0.731
     3.000     4.000     2.000     4.000     2.000     0.822
     3.000     2.000     2.000     0.000     2.000     0.479
     1.000     2.000     0.000     2.000     2.000    -0.076
     0.000     4.000     1.000     1.000     1.000    -0.507
     1.000     4.000     0.000     3.000     4.000     0.090
     3.000     2.000     2.000     3.000     2.000     0.857
     2.000     2.000     1.000     2.000     2.000     0.375
     2.000     4.000     0.000     3.000     4.000     0.283
     1.000     4.000     0.000     0.000     1.000    -0.731
     1.000     2.000     2.000     2.000     2.000     0.398
     2.000     4.000     1.000     3.000     0.000     0.017
     1.000     2.000     2.000     4.000     2.000     0.626
     0.000     4.000     1.000     2.000     1.000    -0.364
     1.000     3.000     2.000     1.000     1.000     0.058
     1.000     2.000     1.000     0.000     1.000    -0.255
     4.000     1.000     0.000     4.000     4.000     1.006
     0.000     2.000     1.000     1.000     0.000    -0.489
     3.000     1.000     1.000     2.000     1.000     0.481
     2.000     4.000     2.000     2.000     0.000     0.132
     2.000     2.000     0.000     0.000     1.000    -0.325
     4.000     4.000     2.000     2.000     1.000     0.631
     1.000     3.000     1.000     2.000     2.000     0.105
     2.000     3.000     1.000     2.000     3.000     0.418
     3.000     3.000     1.000     1.000     1.000     0.207
     2.000     2.000     2.000     2.000     3.000     0.699
     0.000     2.000     0.000     4.000     0.000    -0.390
     0.000     4.000     0.000     0.000     1.000    -1.039
     3.000     2.000     1.000     2.000     2.000     0.551
     2.000     2.000     1.000     2.000     1.000     0.234
     3.000     3.000     2.000     2.000     3.000     0.793
     2.000     3.000     3.000     2.000     1.000     0.546
     2.000     4.000     1.000     1.000     1.000    -0.070
     2.000     1.000     1.000     0.000     1.000     0.014
     2.000     3.000     1.000     1.000     1.000     0.025
     0.000     3.000     0.000     0.000     4.000    -0.471
     1.000     4.000     1.000     1.000     1.000    -0.268
     1.000     2.000     1.000     1.000     2.000     0.052
     2.000     4.000     2.000     0.000     1.000    -0.002
     1.000     0.000     0.000     0.000     0.000    -0.564
     1.000     3.000     1.000     1.000     1.000    -0.171
     2.000     3.000     1.000     1.000     2.000     0.167
     1.000     2.000     1.000     2.000     1.000     0.042
     2.000     3.000     2.000     2.000     2.000     0.508
     1.000     4.000     1.000     0.000     2.000    -0.290
     1.000     4.000     1.000     2.000     2.000     0.010
     0.000     3.000     1.000     2.000     2.000    -0.116
     0.000     1.000     1.000     3.000     2.000     0.147
     2.000     2.000     1.000     2.000     1.000     0.234
     0.000     3.000     2.000     0.000     0.000    -0.490
     2.000     3.000     1.000     0.000     2.000     0.006
     3.000     2.000     2.000     2.000     2.000     0.754
     1.000     3.000     1.000     1.000     0.000    -0.331
     3.000     2.000     1.000     1.000     1.000     0.285
     0.000     4.000     0.000     1.000     1.000    -0.822
     0.000     3.000     0.000     1.000     0.000    -0.902
     1.000     2.000     0.000     1.000     2.000    -0.212
     2.000     3.000     1.000     0.000     1.000    -0.137
     1.000     3.000     0.000     2.000     2.000    -0.156
     0.000     4.000     4.000     4.000     1.000     0.483
     2.000     4.000     1.000     1.000     1.000    -0.070
     2.000     2.000     1.000     3.000     2.000     0.482
     2.000     3.000     2.000     4.000     2.000     0.736
     2.000     4.000     0.000     2.000     0.000    -0.364
     2.000     4.000     1.000     1.000     1.000    -0.070
     0.000     4.000     0.000     3.000     2.000    -0.378
     0.000     2.000     0.000     0.000     0.000    -1.023
     2.000     1.000     2.000     1.000     2.000     0.527
     1.000     4.000     1.000     4.000     2.000     0.242
     2.000     2.000     1.000     1.000     2.000     0.246
     1.000     3.000     0.000     2.000     2.000    -0.156
     3.000     3.000     2.000     1.000     3.000     0.672
     0.000     3.000     1.000     1.000     1.000    -0.403
     1.000     2.000     1.000     2.000     3.000     0.307
     3.000     2.000     3.000     2.000     2.000     0.927
     3.000     2.000     3.000     3.000     2.000     1.031
     3.000     2.000     2.000     3.000     0.000     0.576
     1.000     3.000     2.000     2.000     3.000     0.441
     1.000     2.000     2.000     4.000     1.000     0.487
     1.000     2.000     0.000     2.000     0.000    -0.385
     1.000     3.000     1.000     1.000     1.000    -0.171
     2.000     2.000     1.000     3.000     2.000     0.482
     2.000     2.000     2.000     1.000     2.000     0.459
     0.000     2.000     0.000     1.000     1.000    -0.612
     1.000     3.000     0.000     1.000     0.000    -0.616
     3.000     3.000     3.000     2.000     1.000     0.717
     1.000     4.000     2.000     1.000     1.000    -0.035
     0.000     3.000     0.000     0.000     0.000    -1.131
     1.000     4.000     4.000     2.000     0.000     0.313
     1.000     3.000     0.000     1.000     0.000    -0.616
     0.000     3.000     1.000     1.000     1.000    -0.403
     0.000     2.000     1.000     2.000     0.000    -0.345
     1.000     4.000     0.000     1.000     1.000    -0.548
     4.000     2.000     1.000     1.000     2.000     0.604
     0.000     3.000     0.000     1.000     2.000    -0.541
     2.000     3.000     3.000     0.000     2.000     0.404
     1.000     3.000     1.000     2.000     1.000    -0.037
     0.000     4.000     0.000     4.000     2.000    -0.254
     2.000     2.000     1.000     1.000     1.000     0.104
     0.000     3.000     1.000     1.000     1.000    -0.403
     4.000     4.000     1.000     4.000     1.000     0.657
     1.000     4.000     0.000     0.000     1.000    -0.731
     2.000     4.000     0.000     2.000     4.000     0.174
     1.000     4.000     0.000     0.000     1.000    -0.731
     0.000     4.000     1.000     2.000     2.000    -0.215
     0.000     1.000     1.000     2.000     1.000    -0.109
     0.000     3.000     0.000     3.000     1.000    -0.426
     1.000     3.000     1.000     2.000     2.000     0.105
     1.000     4.000     0.000     1.000     1.000    -0.548
     0.000     3.000     1.000     2.000     2.000    -0.116
     1.000     1.000     2.000     1.000     1.000     0.203
     2.000     2.000     1.000     3.000     4.000     0.709
     0.000     4.000     1.000     1.000     1.000    -0.507
     1.000     4.000     2.000     3.000     1.000     0.202
     2.000     3.000     0.000     0.000     0.000    -0.580
     3.000     0.000     2.000     3.000     4.000     1.213
     2.000     4.000     0.000     2.000     0.000    -0.364
     3.000     0.000     4.000     4.000     4.000     1.772
     3.000     1.000     3.000     3.000     1.000     0.961
     1.000     3.000     0.000     1.000     1.000    -0.443
     0.000     3.000     0.000     0.000     2.000    -0.733
     2.000     3.000     2.000     3.000     1.000     0.477
     2.000     3.000     1.000     2.000     2.000     0.297
     3.000     3.000     2.000     3.000     1.000     0.648
     2.000     3.000     0.000     1.000     1.000    -0.238
     4.000     1.000     3.000     3.000     2.000     1.285
     0.000     4.000     0.000     1.000     0.000    -1.035
     1.000     3.000     1.000     1.000     2.000    -0.027
     0.000     4.000     0.000     1.000     1.000    -0.822
     2.000     2.000     3.000     3.000     0.000     0.579
     1.000     3.000     2.000     1.000     1.000     0.058
     1.000     1.000     0.000     1.000     0.000    -0.453
     2.000     3.000     0.000     1.000     0.000    -0.403
     3.000     3.000     2.000     2.000     2.000     0.679
     0.000     4.000     0.000     0.000     1.000    -1.039
     3.000     2.000     3.000     4.000     4.000     1.397
     1.000     4.000     1.000     2.000     1.000    -0.133
     0.000     3.000     0.000     0.000     1.000    -0.906
     2.000     0.000     0.000     3.000     1.000     0.221
     2.000     3.000     3.000     2.000     1.000     0.546
     1.000     3.000     1.000     2.000     1.000    -0.037
     1.000     1.000     1.000     1.000     1.000    -0.020
     4.000     1.000     0.000     0.000     2.000     0.255
     0.000     2.000     1.000     0.000     0.000    -0.671
     0.000     2.000     0.000     2.000     2.000    -0.307
     3.000     3.000     1.000     1.000     1.000     0.207
     2.000     3.000     2.000     3.000     2.000     0.613
     1.000     3.000     3.000     1.000     1.000     0.235
     0.000     2.000     1.000     3.000     2.000     0.076
     0.000     4.000     0.000     0.000     0.000    -1.285
     0.000     2.000     1.000     3.000     1.000    -0.068
     0.000     4.000     0.000     0.000     0.000    -1.285
     4.000     2.000     4.000     4.000     3.000     1.713
     0.000     3.000     1.000     1.000     2.000    -0.254
     0.000     3.000     1.000     1.000     2.000    -0.254
     1.000     1.000     3.000     3.000     1.000     0.609
     1.000     4.000     0.000     0.000     0.000    -0.923
     0.000     4.000     2.000     0.000     0.000    -0.596
     1.000     3.000     1.000     2.000     2.000     0.105
     2.000     4.000     0.000     2.000     2.000    -0.055
     0.000     4.000     0.000     0.000     0.000    -1.285
     1.000     3.000     0.000     1.000     0.000    -0.616
     1.000     2.000     1.000     2.000     2.000     0.183
     1.000     3.000     1.000     2.000     2.000     0.105
     2.000     2.000     0.000     3.000     1.000     0.086
     0.000     2.000     0.000     3.000     0.000    -0.516
     1.000     3.000     1.000     1.000     1.000    -0.171
     0.000     4.000     0.000     0.000     0.000    -1.285
     2.000     2.000     1.000     1.000     1.000     0.104
     0.000     4.000     0.000     2.000     0.000    -0.857
     2.000     4.000     2.000     2.000     2.000     0.419
     2.000     3.000     1.000     2.000     4.000     0.524
     2.000     4.000     1.000     2.000     2.000     0.204
     1.000     4.000     3.000     1.000     3.000     0.403
     2.000     2.000     1.000     3.000     2.000     0.482
     1.000     2.000     1.000     3.000     1.000     0.151
     2.000     4.000     2.000     2.000     2.000     0.419
     0.000     4.000     0.000     0.000     0.000    -1.285
     1.000     3.000     0.000     0.000     1.000    -0.620
     0.000     4.000     0.000     0.000     2.000    -0.856
     2.000     3.000     1.000     1.000     1.000     0.025
     1.000     3.000     1.000     1.000     1.000    -0.171
     1.000     3.000     2.000     4.000     1.000     0.411
     1.000     3.000     1.000     2.000     1.000    -0.037
     2.000     3.000     1.000     2.000     1.000     0.157
     1.000     3.000     0.000     1.000     0.000    -0.616
     2.000     3.000     1.000     1.000     3.000     0.291
     3.000     3.000     3.000     3.000     3.000     1.068
     0.000     4.000     0.000     1.000     2.000    -0.654
     1.000     3.000     1.000     2.000     2.000     0.105
     2.000     4.000     1.000     3.000     0.000     0.017
     0.000     3.000     1.000     0.000     1.000    -0.579
     1.000     3.000     0.000     1.000     2.000    -0.294
     1.000     3.000     2.000     1.000     2.000     0.196
     2.000     1.000     1.000     2.000     2.000     0.444
     2.000     3.000     1.000     3.000     3.000     0.525
     0.000     3.000     1.000     1.000     1.000    -0.403
     2.000     1.000     1.000     4.000     1.000     0.535
     1.000     3.000     0.000     3.000     1.000    -0.189
     4.000     2.000     3.000     2.000     1.000     0.972
     2.000     2.000     1.000     1.000     1.000     0.104
     1.000     4.000     1.000     1.000     1.000    -0.268
     0.000     3.000     0.000     1.000     0.000    -0.902
     3.000     4.000     1.000     1.000     1.000     0.113
     3.000     3.000     1.000     1.000     1.000     0.207
     2.000     2.000     1.000     2.000     2.000     0.375
     1.000     2.000     2.000     3.000     3.000     0.620
     1.000     4.000     0.000     0.000     0.000    -0.923
     1.000     4.000     1.000     1.000     2.000    -0.124
     1.000     3.000     1.000     0.000     1.000    -0.336
     1.000     4.000     1.000     1.000     2.000    -0.124
     2.000     0.000     1.000     2.000     2.000     0.509
     1.000     3.000     1.000     2.000     3.000     0.229
     2.000     3.000     3.000     0.000     2.000     0.404
     1.000     4.000     0.000     0.000     1.000    -0.731
     0.000     3.000     1.000     1.000     1.000    -0.403
     0.000     1.000     1.000     1.000     0.000    -0.413
     3.000     2.000     2.000     2.000     3.000     0.867
     0.000     2.000     2.000     3.000     0.000     0.006
     1.000     3.000     0.000     3.000     1.000    -0.189
     2.000     2.000     1.000     4.000     1.000     0.465
     1.000     1.000     2.000     1.000     3.000     0.460
     1.000     4.000     1.000     3.000     0.000    -0.180
     2.000     3.000     1.000     4.000     2.000     0.529
     2.000     3.000     1.000     2.000     2.000     0.297
     2.000     3.000     2.000     4.000     3.000     0.853
     2.000     2.000     1.000     1.000     1.000     0.104
     2.000     3.000     2.000     2.000     0.000     0.223
     1.000     4.000     3.000     1.000     0.000    -0.009
     2.000     2.000     1.000     1.000     1.000     0.104
     1.000     3.000     1.000     1.000     3.000     0.099
     2.000     2.000     1.000     1.000     2.000     0.246
     1.000     3.000     1.000     1.000     2.000    -0.027
     2.000     3.000     3.000     0.000     4.000     0.627
     3.000     0.000     1.000     3.000     0.000     0.503
     1.000     4.000     2.000     1.000     2.000     0.105
     3.000     3.000     3.000     3.000     3.000     1.068
     2.000     4.000     2.000     1.000     2.000     0.294
     2.000     3.000     2.000     2.000     2.000     0.508
     0.000     4.000     0.000     2.000     0.000    -0.857
     4.000     4.000     4.000     4.000     2.000     1.411
     1.000     3.000     1.000     2.000     2.000     0.105
     3.000     1.000     3.000     3.000     2.000     1.096
     1.000     2.000     2.000     1.000     1.000     0.135
     0.000     4.000     2.000     1.000     2.000    -0.113
     1.000     3.000     2.000     2.000     3.000     0.441
     3.000     3.000     1.000     2.000     1.000     0.335
     3.000     2.000     3.000     3.000     3.000     1.141
     2.000     3.000     3.000     2.000     2.000     0.682
     3.000     2.000     3.000     3.000     2.000     1.031
     2.000     2.000     2.000     3.000     2.000     0.688
     1.000     4.000     1.000     2.000     2.000     0.010
     2.000     2.000     1.000     2.000     2.000     0.375
     1.000     2.000     1.000     1.000     3.000     0.177
     2.000     3.000     4.000     1.000     1.000     0.615
     2.000     2.000     2.000     2.000     2.000     0.583
     1.000     3.000     3.000     2.000     2.000     0.498
     0.000     4.000     0.000     0.000     1.000    -1.039
     1.000     2.000     1.000     1.000     1.000    -0.091
     1.000     2.000     1.000     1.000     2.000     0.052
     0.000     3.000     2.000     1.000     1.000    -0.159
     2.000     1.000     1.000     1.000     3.000     0.437
     2.000     2.000     2.000     2.000     2.000     0.583
     1.000     2.000     1.000     1.000     2.000     0.052
     2.000     3.000     2.000     1.000     2.000     0.383
     2.000     3.000     1.000     2.000     2.000     0.297
     1.000     2.000     2.000     1.000     2.000     0.273
     0.000     4.000     0.000     0.000     2.000    -0.856
     2.000     2.000     2.000     1.000     1.000     0.322
     2.000     3.000     3.000     2.000     2.000     0.682
     0.000     3.000     1.000     1.000     2.000    -0.254
     1.000     3.000     1.000     2.000     1.000    -0.037
     2.000     2.000     2.000     1.000     3.000     0.577
     4.000     4.000     2.000     3.000     2.000     0.875
     1.000     4.000     1.000     1.000     2.000    -0.124
     2.000     2.000     2.000     1.000     2.000     0.459
     2.000     3.000     1.000     1.000     2.000     0.167
     1.000     3.000     2.000     1.000     1.000     0.058
     1.000     2.000     0.000     0.000     0.000    -0.714
     1.000     3.000     1.000     2.000     1.000    -0.037
     0.000     3.000     0.000     2.000     1.000    -0.548
     0.000     3.000     0.000     1.000     1.000    -0.703
     2.000     4.000     0.000     0.000     1.000    -0.512
     0.000     4.000     0.000     0.000     0.000    -1.285
     2.000     4.000     0.000     0.000     0.000    -0.691
     0.000     3.000     0.000     0.000     0.000    -1.131
     0.000     2.000     1.000     2.000     2.000    -0.036
     0.000     2.000     1.000     1.000     1.000    -0.320
     0.000     0.000     0.000     0.000     0.000    -0.850
     3.000     2.000     0.000     0.000     1.000    -0.135
     1.000     3.000     0.000     2.000     1.000    -0.302
     1.000     3.000     1.000     1.000     1.000    -0.171
     1.000     3.000     1.000     1.000     1.000    -0.171
     1.000     2.000     0.000     1.000     1.000    -0.360
     1.000     4.000     1.000     2.000     1.000    -0.133
     0.000     3.000     0.000     1.000     1.000    -0.703
     1.000     1.000     1.000     1.000     1.000    -0.020
     0.000     4.000     0.000     1.000     0.000    -1.035
     1.000     3.000     1.000     3.000     4.000     0.442
