     2.000     3.000     3.000     3.000     0.087
     2.000     1.000     2.000     3.000    -0.138
     1.000     0.000     2.000     4.000    -0.245
     4.000     0.000     2.000     4.000     0.518
     2.000     1.000     2.000     2.000    -0.291
     2.000     2.000     3.000     4.000     0.277
     2.000     3.000     3.000     4.000     0.310
     3.000     0.000     4.000     4.000     0.615
     4.000     0.000     4.000     1.000     0.286
     3.000     2.000     3.000     3.000     0.282
     3.000     2.000     3.000     3.000     0.282
     2.000     1.000     3.000     3.000     0.021
     2.000     1.000     2.000     0.000    -0.657
     3.000     1.000     3.000     4.000     0.479
     2.000     1.000     2.000     3.000    -0.138
     3.000     3.000     1.000     4.000     0.217
     2.000     2.000     1.000     4.000    -0.055
     2.000     1.000     2.000     3.000    -0.138
     3.000     1.000     2.000     4.000     0.313
     3.000     0.000     3.000     0.000    -0.295
     3.000     2.000     3.000     3.000     0.282
     2.000     1.000     2.000     3.000    -0.138
     3.000     0.000     3.000     4.000     0.432
     1.000     0.000     2.000     3.000    -0.435
     4.000     0.000     4.000     4.000     0.900
     2.000     2.000     2.000     3.000    -0.102
     2.000     1.000     2.000     2.000    -0.291
     3.000     1.000     2.000     4.000     0.313
     4.000     1.000     3.000     3.000     0.478
     3.000     2.000     4.000     2.000     0.297
     2.000     1.000     3.000     3.000     0.021
     3.000     2.000     3.000     4.000     0.517
     2.000     2.000     3.000     3.000     0.056
     0.000     0.000     3.000     0.000    -0.998
     3.000     1.000     2.000     1.000    -0.217
     2.000     1.000     1.000     3.000    -0.293
     2.000     2.000     3.000     3.000     0.056
     4.000     4.000     4.000     4.000     1.079
     4.000     0.000     0.000     3.000    -0.035
     4.000     1.000     4.000     4.000     0.953
     3.000     2.000     2.000     3.000     0.127
     2.000     2.000     2.000     4.000     0.110
     4.000     3.000     4.000     2.000     0.565
     2.000     2.000     3.000     1.000    -0.258
     2.000     2.000     2.000     4.000     0.110
     2.000     0.000     2.000     1.000    -0.501
     4.000     2.000     2.000     4.000     0.607
     3.000     3.000     3.000     4.000     0.550
     2.000     1.000     4.000     3.000     0.186
     3.000     1.000     2.000     2.000    -0.057
     2.000     1.000     1.000     3.000    -0.293
     4.000     0.000     4.000     4.000     0.900
     3.000     1.000     3.000     4.000     0.479
     3.000     1.000     2.000     2.000    -0.057
     4.000     0.000     1.000     4.000     0.343
     1.000     0.000     3.000     4.000    -0.083
     4.000     3.000     4.000     4.000     1.035
     2.000     0.000     3.000     2.000    -0.176
     3.000     1.000     3.000     3.000     0.247
     2.000     1.000     3.000     4.000     0.239
     3.000     1.000     3.000     4.000     0.479
     3.000     1.000     2.000     2.000    -0.057
     2.000     3.000     2.000     2.000    -0.224
     2.000     3.000     3.000     1.000    -0.227
     4.000     1.000     2.000     0.000    -0.187
     2.000     2.000     2.000     2.000    -0.255
     2.000     0.000     1.000     2.000    -0.491
     2.000     1.000     2.000     1.000    -0.455
     3.000     1.000     2.000     3.000     0.092
     2.000     1.000     1.000     0.000    -0.814
     3.000     1.000     4.000     4.000     0.664
     2.000     1.000     2.000     3.000    -0.138
     2.000     1.000     1.000     2.000    -0.445
     3.000     0.000     4.000     1.000     0.057
     2.000     4.000     2.000     4.000     0.179
     3.000     1.000     1.000     4.000     0.148
     2.000     2.000     2.000     2.000    -0.255
     3.000     3.000     2.000     2.000     0.008
     4.000     0.000     4.000     4.000     0.900
     2.000     1.000     2.000     3.000    -0.138
     2.000     1.000     0.000     3.000    -0.450
     2.000     2.000     2.000     1.000    -0.419
     2.000     0.000     0.000     2.000    -0.651
     4.000     0.000     3.000     4.000     0.694
     3.000     1.000     3.000     3.000     0.247
     3.000     2.000     3.000     2.000     0.133
     1.000     1.000     2.000     0.000    -0.903
     3.000     2.000     2.000     2.000    -0.022
     2.000     3.000     0.000     4.000    -0.183
     4.000     2.000     3.000     4.000     0.785
     3.000     1.000     3.000     1.000    -0.060
     2.000     1.000     2.000     3.000    -0.138
     1.000     3.000     3.000     3.000    -0.170
     1.000     2.000     2.000     2.000    -0.504
     3.000     0.000     3.000     4.000     0.432
     2.000     2.000     1.000     4.000    -0.055
     2.000     2.000     1.000     1.000    -0.573
     2.000     4.000     2.000     3.000    -0.037
     4.000     1.000     2.000     3.000     0.319
     3.000     1.000     2.000     2.000    -0.057
     2.000     1.000     2.000     4.000     0.072
     1.000     0.000     0.000     2.000    -0.893
     3.000     1.000     1.000     1.000    -0.368
     3.000     2.000     3.000     3.000     0.282
     3.000     0.000     1.000     0.000    -0.608
     2.000     1.000     1.000     0.000    -0.814
     3.000     3.000     2.000     4.000     0.383
     0.000     2.000     2.000     0.000    -1.081
     2.000     2.000     2.000     3.000    -0.102
     1.000     1.000     3.000     4.000    -0.037
     1.000     0.000     1.000     1.000    -0.893
     3.000     1.000     1.000     4.000     0.148
     2.000     1.000     2.000     0.000    -0.657
     2.000     2.000     2.000     2.000    -0.255
     2.000     1.000     2.000     3.000    -0.138
     2.000     2.000     2.000     1.000    -0.419
     1.000     0.000     4.000     4.000     0.085
     3.000     0.000     3.000     4.000     0.432
     2.000     0.000     1.000     3.000    -0.338
     3.000     1.000     2.000     2.000    -0.057
     1.000     1.000     2.000     3.000    -0.390
     4.000     1.000     2.000     2.000     0.166
     4.000     1.000     1.000     1.000    -0.150
     2.000     0.000     2.000     4.000     0.024
     4.000     1.000     3.000     3.000     0.478
     4.000     4.000     4.000     4.000     1.079
     3.000     2.000     1.000     3.000    -0.026
     4.000     0.000     1.000     4.000     0.343
     1.000     1.000     1.000     2.000    -0.687
     3.000     1.000     2.000     4.000     0.313
     1.000     0.000     0.000     2.000    -0.893
     2.000     2.000     3.000     2.000    -0.095
     2.000     0.000     1.000     2.000    -0.491
     2.000     1.000     2.000     1.000    -0.455
     2.000     1.000     2.000     4.000     0.072
     2.000     2.000     3.000     3.000     0.056
     1.000     0.000     2.000     1.000    -0.745
     4.000     1.000     4.000     2.000     0.496
     3.000     2.000     4.000     3.000     0.447
     2.000     1.000     2.000     2.000    -0.291
     4.000     2.000     1.000     4.000     0.431
     3.000     2.000     2.000     3.000     0.127
     3.000     1.000     2.000     2.000    -0.057
     2.000     3.000     2.000     4.000     0.143
     2.000     2.000     2.000     2.000    -0.255
     2.000     1.000     3.000     4.000     0.239
     3.000     1.000     2.000     4.000     0.313
     2.000     3.000     3.000     3.000     0.087
     3.000     0.000     2.000     4.000     0.266
     2.000     0.000     4.000     4.000     0.371
     3.000     2.000     2.000     2.000    -0.022
     3.000     1.000     3.000     3.000     0.247
     3.000     0.000     4.000     4.000     0.615
     2.000     1.000     2.000     4.000     0.072
     2.000     2.000     3.000     4.000     0.277
     2.000     1.000     3.000     2.000    -0.131
     2.000     0.000     1.000     2.000    -0.491
     2.000     2.000     2.000     3.000    -0.102
     3.000     1.000     3.000     4.000     0.479
     2.000     1.000     3.000     4.000     0.239
     1.000     2.000     2.000     1.000    -0.664
     2.000     3.000     1.000     1.000    -0.542
     3.000     1.000     4.000     4.000     0.664
     3.000     0.000     2.000     2.000    -0.102
     3.000     0.000     4.000     1.000     0.057
     4.000     1.000     4.000     4.000     0.953
     3.000     1.000     3.000     3.000     0.247
     2.000     1.000     2.000     2.000    -0.291
     3.000     1.000     4.000     4.000     0.664
     2.000     0.000     2.000     4.000     0.024
     2.000     1.000     4.000     4.000     0.420
     3.000     1.000     3.000     3.000     0.247
     2.000     1.000     2.000     2.000    -0.291
     3.000     1.000     3.000     4.000     0.479
     2.000     2.000     1.000     4.000    -0.055
     2.000     3.000     3.000     2.000    -0.064
     3.000     0.000     0.000     4.000    -0.056
     4.000     4.000     4.000     4.000     1.079
     4.000     0.000     3.000     4.000     0.694
     0.000     0.000     2.000     2.000    -0.788
     4.000     3.000     1.000     3.000     0.228
     2.000     1.000     3.000     3.000     0.021
     3.000     0.000     2.000     4.000     0.266
     3.000     2.000     3.000     3.000     0.282
     2.000     1.000     2.000     3.000    -0.138
     4.000     3.000     3.000     3.000     0.546
     2.000     1.000     4.000     3.000     0.186
     2.000     3.000     1.000     1.000    -0.542
     1.000     1.000     2.000     2.000    -0.539
     2.000     1.000     1.000     3.000    -0.293
     2.000     2.000     2.000     3.000    -0.102
     3.000     1.000     4.000     4.000     0.664
     2.000     2.000     3.000     3.000     0.056
     4.000     2.000     0.000     4.000     0.268
     4.000     4.000     2.000     4.000     0.681
     2.000     1.000     1.000     3.000    -0.293
     3.000     0.000     3.000     4.000     0.432
     4.000     1.000     3.000     4.000     0.744
     3.000     0.000     4.000     1.000     0.057
     4.000     2.000     3.000     4.000     0.785
     4.000     0.000     2.000     4.000     0.518
     3.000     1.000     4.000     1.000     0.101
     3.000     2.000     1.000     4.000     0.185
     2.000     0.000     3.000     3.000    -0.024
     2.000     0.000     0.000     3.000    -0.496
     2.000     0.000     1.000     2.000    -0.491
     3.000     1.000     3.000     4.000     0.479
     1.000     1.000     1.000     1.000    -0.848
     3.000     1.000     2.000     1.000    -0.217
     0.000     0.000     1.000     0.000    -1.324
     3.000     0.000     3.000     4.000     0.432
     3.000     0.000     4.000     4.000     0.615
     1.000     1.000     2.000     4.000    -0.199
     2.000     0.000     2.000     2.000    -0.337
     3.000     0.000     0.000     2.000    -0.406
     2.000     1.000     2.000     2.000    -0.291
     3.000     1.000     1.000     2.000    -0.209
     3.000     1.000     1.000     1.000    -0.368
     2.000     1.000     2.000     4.000     0.072
     4.000     0.000     4.000     4.000     0.900
     2.000     3.000     2.000     3.000    -0.071
     4.000     0.000     3.000     2.000     0.280
     0.000     0.000     0.000     2.000    -1.105
     3.000     0.000     2.000     4.000     0.266
     1.000     1.000     1.000     1.000    -0.848
     4.000     0.000     3.000     2.000     0.280
     1.000     0.000     0.000     2.000    -0.893
     3.000     0.000     2.000     4.000     0.266
     3.000     2.000     2.000     3.000     0.127
     4.000     0.000     3.000     4.000     0.694
     2.000     1.000     1.000     0.000    -0.814
     3.000     0.000     2.000     4.000     0.266
     2.000     1.000     2.000     4.000     0.072
     3.000     1.000     1.000     3.000    -0.061
     3.000     1.000     2.000     2.000    -0.057
     3.000     2.000     3.000     3.000     0.282
     3.000     1.000     2.000     3.000     0.092
     2.000     2.000     2.000     3.000    -0.102
     2.000     1.000     3.000     1.000    -0.294
     3.000     1.000     0.000     3.000    -0.211
     4.000     1.000     0.000     3.000     0.010
     3.000     2.000     3.000     4.000     0.517
     4.000     3.000     3.000     4.000     0.821
     2.000     1.000     1.000     3.000    -0.293
     2.000     0.000     0.000     1.000    -0.819
     3.000     2.000     3.000     2.000     0.133
     3.000     1.000     1.000     2.000    -0.209
     4.000     2.000     3.000     2.000     0.361
     4.000     3.000     2.000     3.000     0.387
     2.000     1.000     3.000     3.000     0.021
     4.000     2.000     4.000     4.000     0.997
     3.000     1.000     2.000     1.000    -0.217
     2.000     0.000     3.000     2.000    -0.176
     3.000     0.000     3.000     3.000     0.203
     3.000     1.000     2.000     2.000    -0.057
     4.000     1.000     2.000     2.000     0.166
     2.000     2.000     2.000     0.000    -0.620
     3.000     1.000     1.000     4.000     0.148
     4.000     1.000     2.000     4.000     0.567
     1.000     1.000     0.000     2.000    -0.847
     2.000     1.000     2.000     3.000    -0.138
     2.000     2.000     2.000     1.000    -0.419
     3.000     1.000     4.000     4.000     0.664
     4.000     2.000     2.000     4.000     0.607
     2.000     2.000     2.000     4.000     0.110
     4.000     2.000     2.000     4.000     0.607
     2.000     0.000     0.000     1.000    -0.819
     3.000     2.000     2.000     4.000     0.350
     2.000     1.000     1.000     3.000    -0.293
     4.000     1.000     2.000     4.000     0.567
     3.000     1.000     1.000     2.000    -0.209
     2.000     1.000     3.000     3.000     0.021
     4.000     2.000     3.000     2.000     0.361
     4.000     0.000     2.000     0.000    -0.233
     2.000     2.000     1.000     4.000    -0.055
     4.000     3.000     2.000     3.000     0.387
     3.000     0.000     2.000     2.000    -0.102
     2.000     0.000     2.000     4.000     0.024
     1.000     2.000     1.000     4.000    -0.319
     2.000     2.000     0.000     2.000    -0.568
     2.000     2.000     2.000     2.000    -0.255
     2.000     0.000     1.000     1.000    -0.655
     2.000     2.000     2.000     4.000     0.110
     2.000     3.000     1.000     1.000    -0.542
     3.000     0.000     4.000     2.000     0.217
     3.000     3.000     2.000     1.000    -0.151
     3.000     2.000     2.000     3.000     0.127
     2.000     2.000     2.000     3.000    -0.102
     2.000     1.000     1.000     1.000    -0.609
     2.000     1.000     3.000     1.000    -0.294
     3.000     2.000     3.000     4.000     0.517
     2.000     1.000     3.000     3.000     0.021
     3.000     1.000     1.000     1.000    -0.368
     3.000     2.000     1.000     2.000    -0.174
     2.000     1.000     1.000     1.000    -0.609
     3.000     2.000     1.000     4.000     0.185
     3.000     0.000     0.000     1.000    -0.569
     4.000     2.000     2.000     4.000     0.607
     1.000     3.000     3.000     3.000    -0.170
     3.000     1.000     3.000     4.000     0.479
     1.000     1.000     1.000     2.000    -0.687
     4.000     0.000     1.000     0.000    -0.388
     2.000     0.000     2.000     4.000     0.024
     2.000     1.000     3.000     2.000    -0.131
     1.000     1.000     0.000     0.000    -1.231
     2.000     1.000     2.000     3.000    -0.138
     4.000     3.000     3.000     4.000     0.821
     1.000     1.000     0.000     1.000    -1.012
     2.000     0.000     1.000     2.000    -0.491
     2.000     0.000     3.000     1.000    -0.339
     3.000     1.000     2.000     3.000     0.092
     2.000     1.000     1.000     1.000    -0.609
     2.000     1.000     2.000     1.000    -0.455
     4.000     2.000     0.000     3.000     0.046
     2.000     2.000     3.000     2.000    -0.095
     2.000     1.000     2.000     2.000    -0.291
     2.000     1.000     2.000     2.000    -0.291
     2.000     1.000     2.000     1.000    -0.455
     2.000     1.000     2.000     2.000    -0.291
     3.000     1.000     2.000     4.000     0.313
     2.000     2.000     1.000     2.000    -0.409
     2.000     2.000     2.000     2.000    -0.255
     3.000     0.000     2.000     3.000     0.048
     3.000     2.000     2.000     3.000     0.127
     1.000     2.000     1.000     2.000    -0.652
     1.000     0.000     2.000     1.000    -0.745
     2.000     1.000     2.000     3.000    -0.138
     3.000     1.000     2.000     2.000    -0.057
     2.000     1.000     3.000     1.000    -0.294
     3.000     0.000     1.000     4.000     0.102
     2.000     1.000     1.000     3.000    -0.293
     3.000     1.000     2.000     2.000    -0.057
     3.000     3.000     3.000     3.000     0.312
     4.000     2.000     2.000     3.000     0.355
     2.000     2.000     1.000     1.000    -0.573
     4.000     0.000     3.000     4.000     0.694
     4.000     0.000     1.000     3.000     0.117
     2.000     2.000     2.000     2.000    -0.255
     3.000     1.000     2.000     1.000    -0.217
     2.000     2.000     2.000     2.000    -0.255
     4.000     0.000     4.000     4.000     0.900
     2.000     1.000     3.000     3.000     0.021
     3.000     1.000     3.000     4.000     0.479
     2.000     1.000     1.000     4.000    -0.093
     2.000     2.000     2.000     4.000     0.110
     3.000     1.000     3.000     4.000     0.479
     2.000     2.000     1.000     1.000    -0.573
     3.000     1.000     2.000     3.000     0.092
     3.000     1.000     2.000     4.000     0.313
     2.000     1.000     1.000     4.000    -0.093
     2.000     1.000     3.000     4.000     0.239
     3.000     2.000     0.000     4.000     0.028
     3.000     1.000     2.000     4.000     0.313
     4.000     1.000     3.000     4.000     0.744
     3.000     1.000     2.000     3.000     0.092
     3.000     1.000     1.000     3.000    -0.061
     3.000     3.000     2.000     3.000     0.158
     2.000     0.000     0.000     2.000    -0.651
     1.000     1.000     1.000     2.000    -0.687
     4.000     3.000     3.000     4.000     0.821
     2.000     3.000     3.000     4.000     0.310
