     1.000     1.000     1.000     2.000     1.000    -0.133
     0.000     0.000     0.000     0.000     1.000    -1.431
     1.000     1.000     1.000     0.000     2.000    -0.365
     2.000     2.000     1.000     0.000     1.000     0.126
     1.000     1.000     1.000     0.000     2.000    -0.365
     1.000     0.000     0.000     0.000     1.000    -0.912
     0.000     1.000     0.000     0.000     1.000    -1.065
     1.000     1.000     1.000     0.000     1.000    -0.429
     2.000     2.000     4.000     0.000     2.000     0.631
     0.000     0.000     1.000     0.000     3.000    -0.966
     1.000     1.000     2.000     1.000     3.000     0.042
     1.000     1.000     0.000     0.000     1.000    -0.646
     1.000     1.000     1.000     2.000     2.000    -0.071
     3.000     2.000     3.000     0.000     3.000     0.796
     2.000     2.000     2.000     2.000     3.000     0.672
     2.000     2.000     1.000     4.000     3.000     0.732
     2.000     1.000     1.000     2.000     3.000     0.304
     1.000     0.000     1.000     0.000     2.000    -0.619
     0.000     0.000     0.000     0.000     3.000    -1.250
     1.000     1.000     1.000     1.000     3.000    -0.140
     2.000     1.000     2.000     1.000     3.000     0.349
     0.000     0.000     1.000     0.000     2.000    -1.040
     1.000     1.000     0.000     0.000     3.000    -0.518
     1.000     1.000     0.000     2.000     1.000    -0.341
     0.000     0.000     0.000     0.000     2.000    -1.338
     1.000     1.000     1.000     1.000     2.000    -0.201
     1.000     0.000     2.000     2.000     2.000    -0.126
     1.000     0.000     1.000     0.000     1.000    -0.684
     0.000     1.000     1.000     1.000     0.000    -0.698
     2.000     2.000     1.000     2.000     2.000     0.450
     1.000     1.000     1.000     1.000     2.000    -0.201
     0.000     1.000     3.000     1.000     3.000    -0.162
     4.000     2.000     3.000     3.000     3.000     1.396
     0.000     2.000     1.000     0.000     4.000    -0.377
     1.000     1.000     1.000     1.000     2.000    -0.201
     2.000     2.000     1.000     1.000     2.000     0.327
     1.000     1.000     1.000     0.000     1.000    -0.429
     0.000     0.000     1.000     0.000     2.000    -1.040
     0.000     2.000     0.000     2.000     1.000    -0.476
     1.000     1.000     1.000     2.000     3.000    -0.010
     1.000     1.000     1.000     0.000     1.000    -0.429
     1.000     1.000     1.000     1.000     2.000    -0.201
     1.000     4.000     1.000     4.000     4.000     0.866
     3.000     3.000     1.000     1.000     2.000     0.753
     0.000     1.000     0.000     0.000     3.000    -0.919
     2.000     2.000     2.000     1.000     2.000     0.494
     1.000     1.000     2.000     1.000     2.000    -0.018
     0.000     0.000     1.000     0.000     1.000    -1.118
     0.000     3.000     1.000     0.000     4.000    -0.170
     1.000     1.000     1.000     1.000     1.000    -0.263
     2.000     2.000     2.000     2.000     3.000     0.672
     0.000     0.000     0.000     1.000     1.000    -1.149
     0.000     1.000     1.000     1.000     2.000    -0.564
     1.000     1.000     1.000     1.000     2.000    -0.201
     4.000     4.000     3.000     3.000     2.000     1.715
     0.000     1.000     0.000     0.000     4.000    -0.847
     1.000     0.000     1.000     2.000     4.000    -0.187
     2.000     2.000     2.000     1.000     1.000     0.436
     1.000     0.000     2.000     2.000     2.000    -0.126
     1.000     2.000     2.000     0.000     2.000     0.047
     0.000     0.000     0.000     1.000     2.000    -1.073
     1.000     1.000     1.000     1.000     1.000    -0.263
     0.000     0.000     1.000     0.000     0.000    -1.207
     2.000     2.000     2.000     4.000     4.000     0.960
     0.000     0.000     0.000     1.000     3.000    -1.000
     2.000     1.000     2.000     3.000     2.000     0.525
     1.000     1.000     2.000     1.000     2.000    -0.018
     0.000     1.000     3.000     0.000     3.000    -0.319
     2.000     3.000     3.000     0.000     3.000     0.737
     1.000     1.000     2.000     0.000     2.000    -0.174
     1.000     2.000     4.000     0.000     2.000     0.335
     1.000     1.000     0.000     2.000     2.000    -0.278
     0.000     1.000     1.000     0.000     1.000    -0.816
     3.000     1.000     0.000     3.000     3.000     0.470
     2.000     2.000     4.000     4.000     4.000     1.241
     1.000     0.000     1.000     0.000     1.000    -0.684
     2.000     2.000     2.000     3.000     3.000     0.780
     0.000     1.000     1.000     2.000     4.000    -0.308
     3.000     0.000     4.000     4.000     4.000     1.039
     1.000     1.000     1.000     1.000     3.000    -0.140
     1.000     3.000     1.000     0.000     4.000     0.192
     1.000     1.000     1.000     3.000     3.000     0.110
     3.000     0.000     1.000     0.000     2.000     0.012
     4.000     1.000     3.000     3.000     3.000     1.192
     2.000     2.000     2.000     4.000     2.000     0.840
     1.000     1.000     1.000     2.000     2.000    -0.071
     1.000     1.000     1.000     2.000     1.000    -0.133
     2.000     2.000     3.000     2.000     2.000     0.755
     3.000     2.000     0.000     2.000     4.000     0.619
     0.000     0.000     0.000     1.000     0.000    -1.237
     1.000     1.000     2.000     1.000     3.000     0.042
     1.000     1.000     0.000     1.000     1.000    -0.472
     1.000     2.000     2.000     2.000     3.000     0.382
     1.000     1.000     1.000     2.000     2.000    -0.071
     1.000     0.000     1.000     2.000     2.000    -0.313
     3.000     3.000     1.000     1.000     2.000     0.753
     1.000     1.000     1.000     2.000     3.000    -0.010
     0.000     4.000     4.000     2.000     3.000     0.641
     1.000     1.000     2.000     3.000     1.000     0.168
     1.000     2.000     1.000     1.000     2.000     0.018
     0.000     0.000     0.000     0.000     2.000    -1.338
     1.000     2.000     2.000     0.000     0.000    -0.081
     1.000     1.000     0.000     2.000     2.000    -0.278
     3.000     1.000     2.000     1.000     2.000     0.540
     3.000     2.000     2.000     3.000     3.000     1.013
     2.000     1.000     1.000     1.000     2.000     0.122
     2.000     1.000     1.000     1.000     2.000     0.122
     1.000     1.000     2.000     1.000     2.000    -0.018
     0.000     0.000     1.000     2.000     2.000    -0.685
     1.000     1.000     0.000     0.000     1.000    -0.646
     3.000     2.000     2.000     3.000     3.000     1.013
     0.000     0.000     0.000     0.000     0.000    -1.543
     3.000     2.000     1.000     3.000     2.000     0.801
     2.000     2.000     2.000     2.000     2.000     0.616
     1.000     0.000     0.000     0.000     1.000    -0.912
     1.000     1.000     2.000     1.000     1.000    -0.079
     2.000     1.000     2.000     0.000     2.000     0.150
     0.000     0.000     0.000     0.000     1.000    -1.431
     4.000     2.000     3.000     3.000     0.000     1.215
     0.000     2.000     0.000     1.000     2.000    -0.545
     3.000     2.000     1.000     1.000     1.000     0.518
     0.000     1.000     0.000     0.000     2.000    -0.991
     1.000     0.000     2.000     2.000     3.000    -0.066
     2.000     3.000     1.000     1.000     4.000     0.630
     1.000     1.000     0.000     0.000     2.000    -0.582
     0.000     2.000     1.000     2.000     2.000    -0.211
     1.000     2.000     2.000     0.000     1.000    -0.014
     1.000     0.000     2.000     1.000     0.000    -0.384
     1.000     1.000     1.000     0.000     2.000    -0.365
     2.000     1.000     1.000     2.000     3.000     0.304
     2.000     2.000     2.000     1.000     2.000     0.494
     1.000     1.000     1.000     0.000     3.000    -0.303
     4.000     2.000     1.000     2.000     4.000     1.047
     3.000     2.000     2.000     2.000     2.000     0.855
     2.000     1.000     1.000     2.000     2.000     0.246
     1.000     1.000     2.000     4.000     2.000     0.340
     3.000     3.000     2.000     3.000     2.000     1.130
     0.000     0.000     0.000     0.000     2.000    -1.338
     0.000     0.000     0.000     0.000     3.000    -1.250
     0.000     1.000     1.000     0.000     3.000    -0.681
     2.000     2.000     1.000     2.000     2.000     0.450
     2.000     2.000     1.000     0.000     4.000     0.305
     1.000     1.000     2.000     3.000     2.000     0.228
     3.000     3.000     3.000     4.000     3.000     1.440
     2.000     1.000     2.000     2.000     2.000     0.415
     1.000     1.000     0.000     1.000     1.000    -0.472
     1.000     1.000     1.000     1.000     1.000    -0.263
     2.000     1.000     2.000     0.000     3.000     0.208
     1.000     1.000     1.000     1.000     1.000    -0.263
     0.000     2.000     1.000     1.000     4.000    -0.217
     0.000     0.000     1.000     0.000     2.000    -1.040
     1.000     1.000     0.000     4.000     2.000    -0.047
     1.000     1.000     0.000     1.000     3.000    -0.348
     0.000     0.000     0.000     1.000     2.000    -1.073
     2.000     0.000     2.000     4.000     3.000     0.464
     1.000     2.000     3.000     0.000     3.000     0.259
     0.000     1.000     1.000     0.000     2.000    -0.748
     2.000     2.000     2.000     1.000     2.000     0.494
     1.000     3.000     1.000     2.000     1.000     0.283
     0.000     0.000     0.000     0.000     2.000    -1.338
     2.000     2.000     2.000     3.000     2.000     0.724
     1.000     1.000     1.000     3.000     3.000     0.110
     1.000     1.000     2.000     4.000     3.000     0.400
     1.000     1.000     1.000     2.000     1.000    -0.133
     3.000     2.000     1.000     0.000     4.000     0.558
     0.000     0.000     1.000     1.000     2.000    -0.825
     2.000     0.000     2.000     2.000     3.000     0.245
     2.000     1.000     1.000     1.000     2.000     0.122
     2.000     3.000     3.000     3.000     3.000     1.091
     1.000     1.000     1.000     2.000     3.000    -0.010
     0.000     0.000     1.000     3.000     2.000    -0.554
     1.000     1.000     1.000     2.000     3.000    -0.010
     1.000     1.000     3.000     2.000     2.000     0.261
     1.000     3.000     2.000     2.000     1.000     0.455
     1.000     1.000     2.000     2.000     2.000     0.111
     1.000     1.000     3.000     1.000     4.000     0.256
     4.000     0.000     3.000     2.000     0.000     0.677
     0.000     4.000     4.000     4.000     0.000     0.686
     0.000     0.000     0.000     0.000     0.000    -1.543
     4.000     4.000     2.000     4.000     4.000     1.873
     0.000     0.000     0.000     0.000     1.000    -1.431
     1.000     1.000     1.000     1.000     1.000    -0.263
     1.000     0.000     1.000     2.000     0.000    -0.443
     0.000     1.000     1.000     1.000     2.000    -0.564
     1.000     1.000     1.000     2.000     1.000    -0.133
     1.000     1.000     0.000     0.000     2.000    -0.582
     0.000     2.000     2.000     0.000     2.000    -0.313
     2.000     2.000     1.000     1.000     1.000     0.269
     0.000     2.000     0.000     1.000     1.000    -0.608
     0.000     1.000     1.000     0.000     3.000    -0.681
     0.000     0.000     1.000     1.000     2.000    -0.825
     0.000     0.000     0.000     0.000     0.000    -1.543
     1.000     1.000     1.000     1.000     1.000    -0.263
     2.000     2.000     2.000     1.000     0.000     0.375
     1.000     0.000     1.000     0.000     1.000    -0.684
     2.000     2.000     3.000     2.000     3.000     0.811
     1.000     1.000     1.000     0.000     1.000    -0.429
     2.000     1.000     1.000     2.000     4.000     0.365
     0.000     0.000     0.000     0.000     1.000    -1.431
     1.000     1.000     1.000     1.000     1.000    -0.263
     1.000     0.000     1.000     1.000     1.000    -0.507
     4.000     4.000     2.000     3.000     2.000     1.568
     1.000     2.000     1.000     0.000     0.000    -0.268
     2.000     2.000     1.000     2.000     2.000     0.450
     0.000     4.000     1.000     4.000     4.000     0.487
     1.000     1.000     0.000     2.000     2.000    -0.278
     2.000     2.000     2.000     3.000     1.000     0.666
     1.000     1.000     1.000     1.000     1.000    -0.263
     3.000     1.000     3.000     2.000     2.000     0.796
     2.000     2.000     0.000     0.000     3.000     0.046
     1.000     2.000     2.000     1.000     2.000     0.196
     0.000     1.000     1.000     0.000     0.000    -0.892
     1.000     2.000     2.000     0.000     1.000    -0.014
     0.000     1.000     0.000     2.000     2.000    -0.647
     4.000     3.000     4.000     3.000     1.000     1.611
     0.000     1.000     1.000     0.000     2.000    -0.748
     1.000     2.000     1.000     2.000     2.000     0.147
     3.000     3.000     3.000     3.000     3.000     1.314
     0.000     0.000     0.000     1.000     1.000    -1.149
     4.000     2.000     2.000     4.000     0.000     1.205
     1.000     1.000     1.000     1.000     1.000    -0.263
     1.000     1.000     1.000     1.000     2.000    -0.201
     2.000     2.000     2.000     4.000     4.000     0.960
     3.000     1.000     2.000     3.000     2.000     0.765
     4.000     3.000     3.000     3.000     3.000     1.577
     1.000     0.000     2.000     2.000     1.000    -0.187
     2.000     4.000     0.000     4.000     3.000     0.886
     1.000     2.000     2.000     2.000     2.000     0.323
     1.000     1.000     1.000     1.000     2.000    -0.201
     0.000     1.000     0.000     4.000     4.000    -0.286
     2.000     3.000     2.000     4.000     2.000     1.021
     1.000     1.000     1.000     0.000     1.000    -0.429
     1.000     2.000     1.000     1.000     1.000    -0.043
     1.000     0.000     1.000     0.000     2.000    -0.619
     1.000     2.000     1.000     1.000     3.000     0.078
     0.000     1.000     3.000     1.000     1.000    -0.280
     1.000     1.000     1.000     4.000     2.000     0.161
     2.000     2.000     2.000     2.000     3.000     0.672
     0.000     1.000     1.000     1.000     3.000    -0.502
     1.000     0.000     1.000     0.000     2.000    -0.619
     3.000     4.000     2.000     0.000     3.000     1.002
     0.000     0.000     0.000     0.000     2.000    -1.338
     1.000     1.000     2.000     1.000     2.000    -0.018
     1.000     1.000     1.000     0.000     1.000    -0.429
     3.000     3.000     4.000     1.000     3.000     1.228
     1.000     1.000     2.000     1.000     2.000    -0.018
     1.000     1.000     1.000     0.000     2.000    -0.365
     2.000     2.000     1.000     4.000     3.000     0.732
     2.000     2.000     1.000     2.000     2.000     0.450
     2.000     2.000     3.000     2.000     1.000     0.698
     0.000     0.000     0.000     0.000     1.000    -1.431
     1.000     1.000     1.000     2.000     2.000    -0.071
     2.000     2.000     1.000     2.000     3.000     0.507
     0.000     1.000     1.000     0.000     1.000    -0.816
     1.000     1.000     1.000     2.000     3.000    -0.010
     2.000     2.000     2.000     1.000     2.000     0.494
     0.000     0.000     1.000     0.000     3.000    -0.966
     1.000     3.000     2.000     3.000     3.000     0.680
     2.000     2.000     2.000     1.000     2.000     0.494
     3.000     2.000     2.000     3.000     3.000     1.013
     1.000     0.000     1.000     1.000     0.000    -0.575
     1.000     2.000     0.000     2.000     1.000    -0.118
     4.000     2.000     2.000     3.000     1.000     1.138
     1.000     0.000     0.000     0.000     2.000    -0.845
     0.000     1.000     0.000     1.000     2.000    -0.785
     1.000     3.000     2.000     2.000     3.000     0.571
     2.000     1.000     1.000     2.000     2.000     0.246
     2.000     1.000     2.000     1.000     2.000     0.292
     3.000     3.000     1.000     3.000     3.000     1.030
     1.000     2.000     1.000     1.000     2.000     0.018
     1.000     1.000     1.000     1.000     1.000    -0.263
     1.000     0.000     1.000     1.000     2.000    -0.444
     1.000     1.000     0.000     4.000     1.000    -0.109
     1.000     0.000     2.000     0.000     3.000    -0.358
     1.000     2.000     3.000     0.000     3.000     0.259
     4.000     1.000     2.000     3.000     3.000     1.052
     0.000     0.000     2.000     2.000     2.000    -0.486
     2.000     2.000     0.000     1.000     3.000     0.189
     0.000     1.000     1.000     0.000     2.000    -0.748
     1.000     0.000     1.000     2.000     1.000    -0.375
     2.000     2.000     4.000     2.000     3.000     0.945
     0.000     1.000     0.000     1.000     1.000    -0.851
     2.000     2.000     1.000     1.000     2.000     0.327
     1.000     1.000     2.000     1.000     2.000    -0.018
     2.000     3.000     3.000     4.000     4.000     1.277
     2.000     1.000     2.000     4.000     3.000     0.695
     0.000     0.000     1.000     2.000     2.000    -0.685
     2.000     2.000     1.000     2.000     3.000     0.507
     1.000     1.000     1.000     2.000     1.000    -0.133
     0.000     1.000     1.000     0.000     1.000    -0.816
     2.000     0.000     2.000     0.000     3.000    -0.021
     1.000     2.000     1.000     2.000     3.000     0.207
     1.000     1.000     1.000     3.000     3.000     0.110
     1.000     1.000     1.000     2.000     1.000    -0.133
     1.000     2.000     2.000     2.000     1.000     0.263
     2.000     0.000     2.000     1.000     2.000     0.067
     4.000     2.000     2.000     3.000     1.000     1.138
     0.000     0.000     2.000     1.000     2.000    -0.619
     2.000     1.000     3.000     0.000     0.000     0.175
     1.000     1.000     1.000     2.000     3.000    -0.010
     4.000     3.000     2.000     3.000     3.000     1.436
     0.000     2.000     0.000     0.000     2.000    -0.726
     1.000     0.000     4.000     2.000     4.000     0.282
     2.000     1.000     2.000     2.000     1.000     0.357
     3.000     3.000     3.000     3.000     3.000     1.314
     0.000     1.000     0.000     1.000     1.000    -0.851
     0.000     1.000     0.000     1.000     0.000    -0.926
     2.000     3.000     3.000     1.000     0.000     0.696
     1.000     0.000     1.000     0.000     1.000    -0.684
     4.000     3.000     1.000     4.000     3.000     1.409
     1.000     0.000     1.000     1.000     2.000    -0.444
     2.000     2.000     1.000     2.000     2.000     0.450
     1.000     2.000     2.000     2.000     1.000     0.263
     1.000     2.000     2.000     2.000     2.000     0.323
     2.000     3.000     1.000     2.000     2.000     0.635
     1.000     1.000     1.000     2.000     3.000    -0.010
     1.000     2.000     2.000     2.000     2.000     0.323
     2.000     3.000     3.000     2.000     2.000     0.933
     1.000     2.000     2.000     1.000     1.000     0.136
     0.000     0.000     0.000     0.000     1.000    -1.431
     2.000     1.000     1.000     3.000     2.000     0.358
     3.000     3.000     1.000     2.000     2.000     0.872
     2.000     2.000     1.000     0.000     1.000     0.126
     2.000     2.000     2.000     2.000     1.000     0.558
     3.000     2.000     2.000     1.000     2.000     0.735
     2.000     2.000     0.000     0.000     1.000    -0.071
     2.000     1.000     2.000     2.000     2.000     0.415
     3.000     2.000     2.000     2.000     2.000     0.855
     2.000     2.000     1.000     1.000     1.000     0.269
     2.000     1.000     2.000     2.000     2.000     0.415
     1.000     2.000     2.000     2.000     2.000     0.323
     1.000     1.000     1.000     2.000     2.000    -0.071
     2.000     1.000     1.000     1.000     2.000     0.122
     3.000     3.000     3.000     1.000     3.000     1.095
     3.000     3.000     1.000     3.000     3.000     1.030
     2.000     3.000     2.000     2.000     0.000     0.679
     0.000     0.000     0.000     0.000     1.000    -1.431
     2.000     2.000     0.000     0.000     2.000    -0.012
     0.000     0.000     0.000     0.000     4.000    -1.164
     1.000     1.000     1.000     1.000     2.000    -0.201
     0.000     0.000     0.000     0.000     1.000    -1.431
     1.000     1.000     1.000     1.000     1.000    -0.263
     2.000     2.000     1.000     2.000     4.000     0.569
     1.000     1.000     1.000     4.000     2.000     0.161
     3.000     2.000     2.000     3.000     0.000     0.843
     0.000     0.000     0.000     0.000     0.000    -1.543
     4.000     2.000     1.000     0.000     2.000     0.664
     1.000     1.000     0.000     1.000     1.000    -0.472
     2.000     1.000     1.000     2.000     3.000     0.304
     3.000     2.000     3.000     4.000     2.000     1.213
     0.000     0.000     0.000     1.000     1.000    -1.149
     2.000     1.000     0.000     1.000     1.000    -0.132
     1.000     2.000     1.000     2.000     2.000     0.147
     1.000     1.000     1.000     1.000     2.000    -0.201
     0.000     2.000     1.000     1.000     2.000    -0.338
     1.000     1.000     1.000     2.000     1.000    -0.133
     1.000     1.000     2.000     2.000     2.000     0.111
     2.000     1.000     2.000     2.000     2.000     0.415
     1.000     2.000     1.000     2.000     3.000     0.207
     0.000     1.000     0.000     1.000     0.000    -0.926
     2.000     2.000     1.000     1.000     2.000     0.327
