     1.000     1.000     0.000     1.000     1.000    -0.142
     0.000     0.000     0.000     0.000     0.000    -1.173
     2.000     0.000     4.000     1.000     1.000     0.332
     0.000     0.000     0.000     1.000     0.000    -0.801
     2.000     2.000     2.000     2.000     1.000     0.618
     0.000     0.000     0.000     1.000     1.000    -0.601
     1.000     0.000     0.000     3.000     0.000    -0.117
     1.000     0.000     0.000     0.000     1.000    -0.616
     1.000     0.000     0.000     0.000     1.000    -0.616
     0.000     0.000     0.000     1.000     0.000    -0.801
     1.000     1.000     0.000     1.000     1.000    -0.142
     1.000     0.000     0.000     2.000     1.000    -0.146
     1.000     1.000     0.000     2.000     2.000     0.178
     2.000     0.000     1.000     2.000     0.000     0.064
     2.000     1.000     1.000     2.000     1.000     0.377
     2.000     3.000     1.000     3.000     2.000     0.878
     1.000     0.000     1.000     1.000     1.000    -0.173
     1.000     1.000     1.000     2.000     0.000     0.061
     1.000     0.000     0.000     1.000     1.000    -0.358
     1.000     0.000     1.000     2.000     2.000     0.158
     2.000     1.000     1.000     1.000     1.000     0.196
     0.000     0.000     0.000     0.000     0.000    -1.173
     0.000     0.000     0.000     1.000     1.000    -0.601
     0.000     2.000     0.000     2.000     0.000    -0.180
     0.000     0.000     0.000     0.000     0.000    -1.173
     1.000     1.000     1.000     2.000     1.000     0.204
     0.000     1.000     0.000     0.000     2.000    -0.446
     1.000     0.000     1.000     1.000     0.000    -0.334
     0.000     0.000     0.000     0.000     0.000    -1.173
     1.000     2.000     0.000     0.000     2.000    -0.093
     1.000     1.000     1.000     1.000     1.000     0.019
     2.000     0.000     0.000     1.000     1.000    -0.149
     3.000     0.000     2.000     3.000     4.000     0.961
     4.000     2.000     1.000     4.000     4.000     1.490
     1.000     0.000     1.000     1.000     1.000    -0.173
     1.000     0.000     0.000     1.000     1.000    -0.358
     1.000     0.000     1.000     1.000     1.000    -0.173
     3.000     1.000     1.000     3.000     1.000     0.687
     1.000     0.000     3.000     4.000     1.000     0.586
     3.000     2.000     1.000     3.000     2.000     0.925
     2.000     0.000     0.000     0.000     1.000    -0.385
     1.000     0.000     0.000     1.000     1.000    -0.358
     3.000     4.000     4.000     3.000     2.000     1.426
     0.000     0.000     1.000     1.000     0.000    -0.567
     0.000     0.000     0.000     0.000     0.000    -1.173
     1.000     2.000     2.000     1.000     2.000     0.390
     2.000     0.000     1.000     1.000     2.000     0.150
     1.000     0.000     0.000     2.000     1.000    -0.146
     1.000     0.000     0.000     2.000     4.000     0.191
     1.000     0.000     1.000     0.000     0.000    -0.581
     2.000     0.000     2.000     2.000     1.000     0.337
     3.000     0.000     0.000     0.000     1.000    -0.199
     1.000     1.000     2.000     2.000     1.000     0.326
     3.000     0.000     1.000     3.000     1.000     0.538
     2.000     2.000     2.000     3.000     4.000     1.068
     2.000     0.000     0.000     0.000     1.000    -0.385
     1.000     0.000     0.000     0.000     0.000    -0.825
     3.000     2.000     3.000     0.000     0.000     0.358
     1.000     0.000     2.000     2.000     1.000     0.156
     1.000     1.000     1.000     2.000     2.000     0.327
     0.000     0.000     0.000     0.000     0.000    -1.173
     1.000     0.000     0.000     1.000     0.000    -0.536
     1.000     0.000     0.000     2.000     2.000    -0.006
     1.000     1.000     0.000     4.000     1.000     0.373
     0.000     0.000     0.000     2.000     1.000    -0.376
     0.000     0.000     2.000     0.000     2.000    -0.346
     2.000     0.000     1.000     1.000     1.000     0.020
     2.000     4.000     3.000     4.000     4.000     1.590
     1.000     1.000     2.000     1.000     2.000     0.266
     1.000     1.000     1.000     2.000     1.000     0.204
     1.000     1.000     2.000     3.000     0.000     0.348
     2.000     0.000     0.000     2.000     1.000     0.052
     0.000     1.000     0.000     2.000     0.000    -0.313
     1.000     0.000     1.000     0.000     2.000    -0.260
     0.000     0.000     2.000     4.000     2.000     0.400
     1.000     0.000     0.000     1.000     1.000    -0.358
     0.000     2.000     2.000     0.000     2.000    -0.011
     2.000     1.000     0.000     2.000     2.000     0.355
     2.000     0.000     0.000     0.000     2.000    -0.238
     0.000     1.000     1.000     1.000     1.000    -0.183
     1.000     1.000     1.000     0.000     0.000    -0.341
     1.000     0.000     1.000     0.000     1.000    -0.404
     0.000     0.000     1.000     2.000     0.000    -0.351
     3.000     0.000     0.000     0.000     1.000    -0.199
     2.000     1.000     0.000     1.000     3.000     0.271
     1.000     0.000     1.000     3.000     1.000     0.200
     0.000     1.000     1.000     1.000     0.000    -0.333
     2.000     2.000     2.000     3.000     2.000     0.888
     0.000     0.000     1.000     0.000     1.000    -0.646
     0.000     1.000     0.000     1.000     1.000    -0.355
     2.000     2.000     2.000     2.000     2.000     0.737
     1.000     0.000     0.000     3.000     1.000     0.040
     2.000     2.000     2.000     1.000     3.000     0.654
     2.000     1.000     1.000     2.000     1.000     0.377
     1.000     0.000     1.000     3.000     2.000     0.328
     3.000     1.000     1.000     4.000     3.000     1.068
     2.000     2.000     2.000     2.000     1.000     0.618
     0.000     3.000     0.000     2.000     4.000     0.399
     1.000     0.000     1.000     0.000     1.000    -0.404
     1.000     1.000     2.000     2.000     2.000     0.448
     2.000     0.000     0.000     2.000     2.000     0.185
     0.000     2.000     0.000     0.000     4.000    -0.114
     0.000     0.000     0.000     1.000     0.000    -0.801
     1.000     2.000     3.000     2.000     3.000     0.761
     1.000     1.000     0.000     1.000     1.000    -0.142
     1.000     0.000     1.000     0.000     2.000    -0.260
     1.000     3.000     2.000     1.000     3.000     0.597
     0.000     0.000     2.000     0.000     0.000    -0.682
     1.000     1.000     0.000     4.000     2.000     0.499
     3.000     0.000     3.000     3.000     2.000     0.873
     3.000     1.000     2.000     3.000     3.000     1.009
     2.000     0.000     0.000     2.000     2.000     0.185
     2.000     0.000     0.000     0.000     1.000    -0.385
     2.000     2.000     2.000     2.000     1.000     0.618
     2.000     0.000     0.000     0.000     1.000    -0.385
     1.000     1.000     1.000     2.000     1.000     0.204
     1.000     0.000     0.000     2.000     0.000    -0.312
     0.000     0.000     0.000     0.000     0.000    -1.173
     0.000     1.000     0.000     0.000     1.000    -0.591
     2.000     2.000     0.000     2.000     2.000     0.479
     0.000     0.000     0.000     1.000     0.000    -0.801
     0.000     0.000     2.000     2.000     0.000    -0.212
     0.000     0.000     0.000     1.000     0.000    -0.801
     1.000     0.000     0.000     1.000     1.000    -0.358
     1.000     0.000     0.000     1.000     1.000    -0.358
     3.000     0.000     1.000     4.000     1.000     0.700
     3.000     2.000     2.000     4.000     3.000     1.317
     0.000     0.000     0.000     1.000     1.000    -0.601
     2.000     1.000     1.000     3.000     1.000     0.534
     1.000     0.000     1.000     2.000     4.000     0.348
     2.000     2.000     1.000     4.000     1.000     0.817
     2.000     1.000     1.000     3.000     3.000     0.745
     2.000     1.000     0.000     4.000     2.000     0.673
     2.000     1.000     1.000     2.000     3.000     0.593
     1.000     0.000     1.000     2.000     1.000     0.026
     2.000     1.000     0.000     1.000     1.000     0.044
     2.000     0.000     2.000     2.000     4.000     0.648
     4.000     2.000     3.000     4.000     2.000     1.504
     1.000     0.000     0.000     0.000     0.000    -0.825
     1.000     0.000     0.000     1.000     1.000    -0.358
     3.000     1.000     2.000     4.000     3.000     1.189
     1.000     0.000     0.000     2.000     1.000    -0.146
     1.000     0.000     0.000     1.000     1.000    -0.358
     1.000     0.000     1.000     3.000     1.000     0.200
     1.000     1.000     1.000     2.000     2.000     0.327
     1.000     0.000     1.000     1.000     1.000    -0.173
     0.000     0.000     1.000     1.000     0.000    -0.567
     4.000     1.000     1.000     2.000     2.000     0.818
     1.000     0.000     0.000     1.000     0.000    -0.536
     1.000     0.000     1.000     1.000     1.000    -0.173
     2.000     2.000     0.000     4.000     2.000     0.799
     1.000     0.000     0.000     2.000     1.000    -0.146
     1.000     0.000     0.000     0.000     0.000    -0.825
     0.000     0.000     0.000     1.000     1.000    -0.601
     2.000     0.000     0.000     0.000     0.000    -0.568
     2.000     1.000     2.000     3.000     2.000     0.768
     0.000     0.000     0.000     0.000     1.000    -0.903
     4.000     2.000     2.000     3.000     1.000     1.088
     0.000     0.000     0.000     0.000     1.000    -0.903
     0.000     0.000     0.000     1.000     2.000    -0.446
     2.000     0.000     1.000     2.000     1.000     0.212
     3.000     2.000     2.000     4.000     2.000     1.223
     2.000     1.000     0.000     2.000     0.000     0.087
     0.000     0.000     0.000     1.000     0.000    -0.801
     1.000     2.000     0.000     2.000     0.000     0.032
     1.000     0.000     0.000     1.000     0.000    -0.536
     0.000     2.000     0.000     1.000     1.000    -0.222
     1.000     1.000     1.000     1.000     1.000     0.019
     2.000     3.000     0.000     2.000     0.000     0.330
     1.000     0.000     0.000     1.000     1.000    -0.358
     1.000     0.000     0.000     0.000     4.000    -0.242
     1.000     0.000     0.000     1.000     1.000    -0.358
     3.000     1.000     1.000     2.000     2.000     0.653
     1.000     0.000     0.000     1.000     0.000    -0.536
     2.000     0.000     0.000     3.000     0.000     0.079
     0.000     0.000     0.000     0.000     1.000    -0.903
     2.000     2.000     0.000     4.000     0.000     0.534
     2.000     4.000     0.000     4.000     0.000     0.745
     0.000     0.000     0.000     0.000     0.000    -1.173
     1.000     0.000     1.000     0.000     0.000    -0.581
     1.000     0.000     0.000     3.000     1.000     0.040
     1.000     0.000     0.000     1.000     1.000    -0.358
     1.000     1.000     0.000     1.000     0.000    -0.297
     0.000     0.000     1.000     1.000     0.000    -0.567
     1.000     1.000     0.000     1.000     0.000    -0.297
     3.000     3.000     2.000     1.000     1.000     0.703
     1.000     1.000     1.000     4.000     2.000     0.643
     2.000     1.000     2.000     3.000     2.000     0.768
     3.000     1.000     1.000     2.000     0.000     0.396
     0.000     0.000     0.000     1.000     3.000    -0.323
     2.000     3.000     0.000     1.000     0.000     0.145
     1.000     0.000     4.000     2.000     2.000     0.469
     2.000     2.000     1.000     3.000     2.000     0.773
     1.000     3.000     2.000     1.000     1.000     0.381
     0.000     0.000     1.000     1.000     2.000    -0.254
     2.000     0.000     2.000     2.000     1.000     0.337
     0.000     0.000     0.000     0.000     1.000    -0.903
     2.000     1.000     2.000     2.000     3.000     0.710
     1.000     0.000     0.000     1.000     1.000    -0.358
     1.000     0.000     0.000     0.000     0.000    -0.825
     1.000     0.000     0.000     0.000     0.000    -0.825
     3.000     1.000     2.000     3.000     4.000     1.100
     0.000     0.000     0.000     1.000     1.000    -0.601
     2.000     0.000     0.000     3.000     1.000     0.228
     3.000     4.000     1.000     4.000     1.000     1.196
     0.000     0.000     0.000     2.000     0.000    -0.556
     0.000     0.000     0.000     0.000     2.000    -0.720
     1.000     0.000     1.000     2.000     1.000     0.026
     1.000     0.000     1.000     1.000     0.000    -0.334
     1.000     1.000     1.000     3.000     2.000     0.487
     0.000     1.000     1.000     1.000     1.000    -0.183
     0.000     0.000     0.000     0.000     0.000    -1.173
     2.000     1.000     2.000     1.000     1.000     0.317
     1.000     0.000     0.000     1.000     0.000    -0.536
     4.000     2.000     0.000     4.000     2.000     1.137
     0.000     0.000     1.000     0.000     2.000    -0.491
     1.000     1.000     1.000     1.000     1.000     0.019
     3.000     3.000     3.000     2.000     1.000     0.972
     1.000     0.000     0.000     1.000     1.000    -0.358
     3.000     0.000     0.000     4.000     2.000     0.681
     1.000     1.000     1.000     1.000     0.000    -0.126
     1.000     0.000     0.000     1.000     1.000    -0.358
     2.000     0.000     2.000     2.000     2.000     0.463
     2.000     0.000     0.000     2.000     1.000     0.052
     3.000     2.000     2.000     3.000     3.000     1.128
     1.000     0.000     0.000     1.000     2.000    -0.212
     1.000     1.000     0.000     4.000     4.000     0.688
     0.000     0.000     0.000     2.000     0.000    -0.556
     1.000     0.000     1.000     1.000     1.000    -0.173
     2.000     3.000     2.000     3.000     2.000     0.992
     3.000     0.000     1.000     3.000     2.000     0.660
     1.000     0.000     0.000     2.000     2.000    -0.006
     1.000     0.000     0.000     1.000     1.000    -0.358
     1.000     0.000     0.000     1.000     1.000    -0.358
     2.000     1.000     1.000     2.000     2.000     0.498
     0.000     0.000     1.000     0.000     1.000    -0.646
     1.000     0.000     1.000     3.000     1.000     0.200
     2.000     1.000     1.000     2.000     1.000     0.377
     2.000     0.000     1.000     2.000     2.000     0.339
     1.000     2.000     0.000     0.000     2.000    -0.093
     2.000     1.000     0.000     4.000     2.000     0.673
     1.000     0.000     0.000     1.000     0.000    -0.536
     1.000     0.000     0.000     2.000     0.000    -0.312
     1.000     0.000     0.000     0.000     1.000    -0.616
     3.000     2.000     1.000     3.000     3.000     1.015
     1.000     1.000     1.000     3.000     2.000     0.487
     3.000     0.000     1.000     3.000     0.000     0.398
     2.000     1.000     0.000     1.000     2.000     0.170
     2.000     0.000     0.000     2.000     2.000     0.185
     3.000     2.000     4.000     3.000     3.000     1.304
     0.000     0.000     0.000     0.000     0.000    -1.173
     1.000     0.000     1.000     2.000     1.000     0.026
     2.000     0.000     1.000     1.000     1.000     0.020
     0.000     1.000     0.000     0.000     1.000    -0.591
     0.000     0.000     0.000     1.000     1.000    -0.601
     2.000     0.000     1.000     2.000     2.000     0.339
     1.000     1.000     2.000     3.000     2.000     0.604
     2.000     0.000     0.000     1.000     0.000    -0.314
     2.000     1.000     0.000     2.000     1.000     0.230
     3.000     1.000     2.000     3.000     2.000     0.920
     2.000     0.000     0.000     2.000     1.000     0.052
     3.000     4.000     3.000     4.000     4.000     1.772
     3.000     0.000     1.000     4.000     2.000     0.826
     2.000     1.000     0.000     2.000     2.000     0.355
     1.000     0.000     0.000     2.000     1.000    -0.146
     3.000     2.000     1.000     3.000     3.000     1.015
     0.000     0.000     1.000     1.000     0.000    -0.567
     1.000     0.000     2.000     0.000     0.000    -0.431
     2.000     0.000     1.000     2.000     2.000     0.339
     1.000     0.000     0.000     0.000     0.000    -0.825
     1.000     0.000     0.000     1.000     1.000    -0.358
     1.000     0.000     1.000     0.000     1.000    -0.404
     2.000     1.000     1.000     2.000     2.000     0.498
     3.000     2.000     1.000     4.000     1.000     0.977
     1.000     0.000     1.000     2.000     2.000     0.158
     4.000     0.000     2.000     2.000     4.000     0.978
     0.000     0.000     0.000     0.000     0.000    -1.173
     1.000     1.000     0.000     2.000     0.000    -0.100
     0.000     0.000     2.000     0.000     0.000    -0.682
     0.000     2.000     2.000     0.000     0.000    -0.289
     1.000     2.000     2.000     2.000     3.000     0.666
     1.000     0.000     0.000     1.000     1.000    -0.358
     2.000     2.000     1.000     2.000     1.000     0.500
     1.000     0.000     2.000     1.000     1.000    -0.039
     0.000     0.000     0.000     1.000     0.000    -0.801
     1.000     2.000     0.000     0.000     0.000    -0.389
     2.000     1.000     0.000     2.000     1.000     0.230
     1.000     0.000     0.000     0.000     2.000    -0.457
     1.000     1.000     1.000     1.000     1.000     0.019
     2.000     0.000     0.000     1.000     1.000    -0.149
     1.000     1.000     1.000     2.000     1.000     0.204
     1.000     0.000     0.000     2.000     2.000    -0.006
     1.000     0.000     0.000     1.000     1.000    -0.358
     1.000     1.000     1.000     1.000     0.000    -0.126
     2.000     1.000     1.000     3.000     3.000     0.745
     2.000     0.000     0.000     2.000     0.000    -0.104
     2.000     0.000     0.000     0.000     0.000    -0.568
     1.000     0.000     1.000     0.000     1.000    -0.404
     1.000     2.000     0.000     2.000     3.000     0.406
     1.000     0.000     0.000     0.000     1.000    -0.616
     0.000     0.000     1.000     1.000     1.000    -0.395
     0.000     0.000     0.000     0.000     0.000    -1.173
     0.000     0.000     0.000     0.000     0.000    -1.173
     1.000     1.000     1.000     2.000     2.000     0.327
     1.000     0.000     0.000     1.000     1.000    -0.358
     1.000     1.000     1.000     2.000     1.000     0.204
     0.000     0.000     0.000     0.000     0.000    -1.173
     2.000     1.000     1.000     1.000     0.000     0.056
     0.000     0.000     0.000     1.000     0.000    -0.801
     1.000     1.000     1.000     1.000     0.000    -0.126
     0.000     0.000     1.000     0.000     0.000    -0.850
     1.000     1.000     1.000     2.000     3.000     0.426
     1.000     0.000     1.000     1.000     1.000    -0.173
     0.000     0.000     1.000     4.000     2.000     0.274
     2.000     3.000     2.000     2.000     2.000     0.844
     2.000     3.000     1.000     1.000     2.000     0.551
     1.000     2.000     1.000     2.000     1.000     0.329
     2.000     1.000     2.000     1.000     2.000     0.437
     1.000     0.000     0.000     0.000     1.000    -0.616
     2.000     0.000     0.000     1.000     0.000    -0.314
     1.000     1.000     1.000     2.000     2.000     0.327
     2.000     2.000     1.000     2.000     2.000     0.620
     2.000     0.000     0.000     0.000     0.000    -0.568
     3.000     2.000     2.000     2.000     2.000     0.891
     2.000     0.000     1.000     1.000     0.000    -0.132
     0.000     1.000     1.000     2.000     2.000     0.127
     1.000     2.000     3.000     3.000     2.000     0.819
     2.000     1.000     1.000     2.000     1.000     0.377
     0.000     2.000     1.000     2.000     0.000    -0.016
     1.000     0.000     0.000     2.000     1.000    -0.146
     3.000     2.000     0.000     3.000     2.000     0.791
     2.000     1.000     1.000     2.000     1.000     0.377
     1.000     1.000     1.000     1.000     1.000     0.019
     1.000     1.000     1.000     1.000     1.000     0.019
     3.000     0.000     0.000     2.000     2.000     0.352
     1.000     0.000     0.000     0.000     0.000    -0.825
     3.000     0.000     0.000     0.000     0.000    -0.369
     2.000     2.000     2.000     2.000     2.000     0.737
     0.000     0.000     0.000     0.000     0.000    -1.173
     0.000     0.000     0.000     1.000     1.000    -0.601
     4.000     4.000     3.000     4.000     4.000     2.008
     1.000     1.000     1.000     1.000     1.000     0.019
     2.000     1.000     0.000     2.000     1.000     0.230
     1.000     0.000     1.000     1.000     0.000    -0.334
     2.000     0.000     4.000     3.000     3.000     0.893
     0.000     0.000     0.000     0.000     0.000    -1.173
     4.000     4.000     4.000     4.000     2.000     1.880
     0.000     0.000     0.000     1.000     0.000    -0.801
     1.000     0.000     1.000     1.000     1.000    -0.173
     0.000     0.000     0.000     1.000     1.000    -0.601
     1.000     0.000     0.000     1.000     0.000    -0.536
     2.000     0.000     0.000     0.000     2.000    -0.238
     1.000     0.000     0.000     1.000     1.000    -0.358
     1.000     2.000     1.000     2.000     1.000     0.329
     1.000     0.000     1.000     1.000     0.000    -0.334
     1.000     0.000     0.000     1.000     1.000    -0.358
     2.000     1.000     1.000     2.000     1.000     0.377
     0.000     0.000     0.000     0.000     0.000    -1.173
     1.000     1.000     0.000     1.000     0.000    -0.297
     0.000     0.000     0.000     0.000     2.000    -0.720
     1.000     2.000     0.000     0.000     2.000    -0.093
