     1.000     1.000     1.000     1.000     1.000    -0.626
     2.000     1.000     4.000     1.000     1.000    -0.027
     0.000     2.000     3.000     0.000     0.000    -0.640
     0.000     4.000     3.000     2.000     1.000     0.121
     2.000     2.000     3.000     2.000     1.000     0.169
     1.000     1.000     1.000     2.000     0.000    -0.671
     3.000     1.000     1.000     1.000     2.000    -0.100
     1.000     1.000     1.000     1.000     0.000    -0.775
     2.000     2.000     2.000     2.000     1.000     0.049
     1.000     1.000     2.000     1.000     0.000    -0.624
     2.000     2.000     1.000     3.000     1.000     0.007
     2.000     3.000     1.000     2.000     1.000     0.104
     1.000     3.000     2.000     3.000     2.000     0.254
     3.000     2.000     2.000     2.000     1.000     0.232
     3.000     2.000     2.000     2.000     3.000     0.442
     3.000     2.000     3.000     2.000     2.000     0.464
     1.000     1.000     2.000     0.000     1.000    -0.597
     2.000     1.000     4.000     4.000     3.000     0.496
     4.000     1.000     1.000     2.000     1.000     0.080
     4.000     2.000     3.000     4.000     1.000     0.781
     1.000     3.000     2.000     1.000     1.000    -0.061
     1.000     0.000     1.000     2.000     1.000    -0.775
     1.000     1.000     1.000     0.000     0.000    -0.901
     0.000     1.000     1.000     3.000     1.000    -0.674
     0.000     0.000     0.000     0.000     0.000    -1.750
     2.000     2.000     2.000     2.000     1.000     0.049
     1.000     1.000     2.000     1.000     2.000    -0.356
     2.000     1.000     2.000     2.000     0.000    -0.304
     4.000     1.000     1.000     2.000     1.000     0.080
     1.000     2.000     2.000     2.000     0.000    -0.299
     1.000     1.000     1.000     1.000     1.000    -0.626
     2.000     1.000     1.000     2.000     1.000    -0.307
     4.000     3.000     3.000     3.000     3.000     1.089
     4.000     4.000     1.000     4.000     4.000     1.307
     1.000     1.000     2.000     2.000     1.000    -0.376
     1.000     1.000     1.000     2.000     1.000    -0.523
     1.000     1.000     1.000     1.000     1.000    -0.626
     3.000     2.000     3.000     1.000     3.000     0.458
     2.000     0.000     2.000     0.000     1.000    -0.627
     4.000     4.000     4.000     4.000     4.000     1.854
     1.000     1.000     2.000     2.000     1.000    -0.376
     4.000     2.000     2.000     2.000     1.000     0.440
     3.000     4.000     3.000     4.000     3.000     1.171
     1.000     1.000     1.000     3.000     1.000    -0.420
     1.000     0.000     1.000     1.000     0.000    -1.036
     2.000     2.000     2.000     2.000     1.000     0.049
     3.000     2.000     2.000     1.000     2.000     0.247
     1.000     1.000     2.000     2.000     0.000    -0.521
     3.000     2.000     2.000     4.000     2.000     0.550
     1.000     1.000     1.000     1.000     1.000    -0.626
     2.000     2.000     2.000     2.000     1.000     0.049
     0.000     0.000     2.000     1.000     0.000    -1.166
     2.000     2.000     2.000     2.000     1.000     0.049
     3.000     2.000     2.000     4.000     1.000     0.435
     4.000     3.000     2.000     2.000     3.000     0.864
     4.000     3.000     2.000     4.000     4.000     1.204
     3.000     2.000     2.000     3.000     0.000     0.195
     2.000     1.000     1.000     3.000     2.000    -0.087
     1.000     2.000     3.000     2.000     2.000     0.081
     1.000     1.000     1.000     3.000     1.000    -0.420
     2.000     1.000     0.000     1.000     0.000    -0.719
     1.000     1.000     1.000     0.000     1.000    -0.747
     0.000     1.000     1.000     2.000     0.000    -0.939
     0.000     4.000     4.000     2.000     2.000     0.355
     4.000     3.000     2.000     2.000     1.000     0.643
     2.000     2.000     2.000     2.000     1.000     0.049
     2.000     1.000     1.000     1.000     1.000    -0.409
     4.000     4.000     4.000     4.000     1.000     1.417
     3.000     3.000     2.000     2.000     2.000     0.539
     2.000     1.000     2.000     1.000     1.000    -0.265
     3.000     3.000     2.000     4.000     4.000     0.932
     1.000     1.000     1.000     2.000     1.000    -0.523
     0.000     4.000     3.000     2.000     0.000    -0.015
     2.000     1.000     1.000     0.000     1.000    -0.525
     2.000     2.000     4.000     0.000     0.000    -0.061
     2.000     0.000     2.000     1.000     1.000    -0.510
     1.000     2.000     3.000     2.000     2.000     0.081
     4.000     2.000     2.000     4.000     2.000     0.779
     4.000     4.000     4.000     0.000     4.000     1.271
     1.000     1.000     1.000     1.000     0.000    -0.775
     3.000     1.000     3.000     3.000     1.000     0.241
     1.000     2.000     2.000     1.000     2.000    -0.140
     4.000     3.000     3.000     2.000     0.000     0.625
     4.000     3.000     4.000     4.000     2.000     1.271
     3.000     3.000     2.000     3.000     2.000     0.634
     0.000     0.000     1.000     1.000     1.000    -1.161
     2.000     1.000     2.000     3.000     1.000    -0.064
     3.000     3.000     3.000     2.000     2.000     0.653
     1.000     0.000     1.000     0.000     0.000    -1.173
     0.000     0.000     0.000     3.000     1.000    -1.119
     1.000     2.000     1.000     1.000     1.000    -0.403
     2.000     2.000     2.000     3.000     0.000     0.011
     3.000     2.000     4.000     1.000     2.000     0.483
     1.000     2.000     2.000     2.000     1.000    -0.159
     3.000     2.000     1.000     1.000     1.000    -0.007
     2.000     2.000     2.000     3.000     0.000     0.011
     3.000     3.000     2.000     3.000     3.000     0.727
     3.000     0.000     1.000     3.000     0.000    -0.403
     2.000     1.000     1.000     2.000     2.000    -0.187
     1.000     2.000     2.000     2.000     1.000    -0.159
     0.000     0.000     2.000     2.000     0.000    -1.053
     1.000     1.000     4.000     1.000     2.000    -0.117
     0.000     0.000     3.000     1.000     0.000    -1.019
     3.000     2.000     2.000     2.000     2.000     0.347
     2.000     3.000     2.000     2.000     1.000     0.244
     1.000     3.000     3.000     1.000     1.000     0.060
     2.000     3.000     2.000     3.000     1.000     0.341
     1.000     3.000     0.000     0.000     0.000    -0.624
     2.000     1.000     2.000     3.000     2.000     0.054
     0.000     1.000     2.000     0.000     0.000    -1.022
     4.000     3.000     3.000     3.000     2.000     0.988
     2.000     2.000     3.000     4.000     0.000     0.235
     2.000     2.000     2.000     3.000     1.000     0.147
     3.000     2.000     2.000     2.000     2.000     0.347
     1.000     0.000     2.000     0.000     1.000    -0.852
     3.000     2.000     2.000     3.000     1.000     0.329
     1.000     0.000     1.000     0.000     0.000    -1.173
     0.000     0.000     0.000     2.000     0.000    -1.429
     1.000     3.000     2.000     0.000     1.000    -0.171
     3.000     2.000     3.000     2.000     2.000     0.464
     2.000     1.000     1.000     1.000     0.000    -0.552
     2.000     0.000     2.000     0.000     1.000    -0.627
     2.000     1.000     1.000     4.000     2.000     0.016
     4.000     3.000     1.000     2.000     1.000     0.498
     1.000     1.000     1.000     2.000     1.000    -0.523
     4.000     4.000     4.000     4.000     2.000     1.566
     3.000     3.000     3.000     3.000     3.000     0.840
     2.000     3.000     2.000     0.000     0.000    -0.100
     0.000     1.000     2.000     1.000     1.000    -0.733
     0.000     2.000     3.000     2.000     1.000    -0.277
     3.000     2.000     2.000     0.000     0.000    -0.111
     3.000     2.000     2.000     2.000     1.000     0.232
     3.000     3.000     2.000     3.000     0.000     0.388
     4.000     4.000     2.000     4.000     2.000     1.241
     4.000     1.000     4.000     2.000     2.000     0.595
     2.000     2.000     3.000     2.000     2.000     0.284
     2.000     1.000     2.000     2.000     2.000    -0.045
     3.000     2.000     4.000     2.000     3.000     0.679
     0.000     0.000     0.000     0.000     0.000    -1.750
     1.000     2.000     1.000     2.000     0.000    -0.444
     4.000     2.000     2.000     3.000     1.000     0.542
     2.000     2.000     1.000     2.000     2.000     0.026
     4.000     1.000     1.000     4.000     1.000     0.290
     2.000     4.000     3.000     2.000     2.000     0.679
     3.000     2.000     2.000     3.000     2.000     0.443
     1.000     2.000     1.000     1.000     1.000    -0.403
     2.000     2.000     0.000     1.000     1.000    -0.353
     2.000     3.000     2.000     2.000     3.000     0.454
     2.000     1.000     2.000     3.000     2.000     0.054
     2.000     2.000     2.000     3.000     3.000     0.358
     4.000     3.000     4.000     3.000     2.000     1.133
     3.000     1.000     3.000     2.000     1.000     0.144
     3.000     2.000     2.000     2.000     1.000     0.232
     1.000     2.000     2.000     2.000     0.000    -0.299
     2.000     4.000     0.000     2.000     1.000     0.144
     3.000     3.000     3.000     4.000     2.000     0.858
     1.000     1.000     2.000     2.000     1.000    -0.376
     3.000     3.000     1.000     2.000     2.000     0.401
     3.000     2.000     0.000     0.000     0.000    -0.417
     2.000     0.000     4.000     1.000     0.000    -0.414
     2.000     2.000     2.000     3.000     2.000     0.263
     2.000     3.000     3.000     3.000     2.000     0.571
     4.000     2.000     2.000     3.000     1.000     0.542
     2.000     2.000     1.000     3.000     1.000     0.007
     3.000     4.000     3.000     2.000     0.000     0.612
     0.000     0.000     1.000     1.000     0.000    -1.342
     3.000     2.000     3.000     3.000     2.000     0.559
     1.000     1.000     2.000     0.000     1.000    -0.597
     4.000     2.000     2.000     2.000     2.000     0.560
     2.000     3.000     0.000     0.000     1.000    -0.266
     0.000     0.000     0.000     4.000     3.000    -0.766
     1.000     1.000     1.000     3.000     1.000    -0.420
     2.000     1.000     2.000     2.000     2.000    -0.045
     4.000     4.000     0.000     2.000     0.000     0.400
     2.000     2.000     1.000     0.000     2.000    -0.184
     2.000     3.000     0.000     2.000     1.000    -0.056
     4.000     3.000     3.000     4.000     0.000     0.845
     4.000     0.000     4.000     4.000     3.000     0.647
     2.000     1.000     4.000     4.000     0.000     0.142
     1.000     0.000     0.000     0.000     2.000    -1.051
     1.000     0.000     4.000     2.000     1.000    -0.384
     1.000     1.000     1.000     3.000     1.000    -0.420
     3.000     3.000     3.000     2.000     1.000     0.541
     1.000     0.000     1.000     0.000     3.000    -0.769
     3.000     1.000     1.000     3.000     3.000     0.195
     4.000     3.000     2.000     3.000     1.000     0.745
     3.000     3.000     2.000     4.000     0.000     0.494
     2.000     1.000     2.000     2.000     2.000    -0.045
     4.000     3.000     4.000     1.000     1.000     0.791
     1.000     3.000     2.000     3.000     1.000     0.138
     2.000     0.000     1.000     2.000     2.000    -0.432
     4.000     3.000     1.000     0.000     0.000     0.144
     3.000     3.000     3.000     2.000     2.000     0.653
     2.000     2.000     4.000     2.000     1.000     0.286
     4.000     1.000     3.000     4.000     0.000     0.420
     3.000     2.000     3.000     2.000     2.000     0.464
     1.000     1.000     1.000     1.000     0.000    -0.775
     3.000     2.000     3.000     4.000     2.000     0.666
     2.000     1.000     1.000     1.000     0.000    -0.552
     1.000     1.000     2.000     0.000     0.000    -0.747
     1.000     2.000     2.000     1.000     1.000    -0.259
     4.000     4.000     3.000     3.000     4.000     1.465
     3.000     3.000     1.000     3.000     1.000     0.383
     3.000     1.000     3.000     3.000     2.000     0.356
     1.000     4.000     4.000     2.000     0.000     0.345
     2.000     1.000     1.000     2.000     1.000    -0.307
     1.000     2.000     2.000     1.000     3.000    -0.042
     4.000     3.000     3.000     3.000     2.000     0.988
     1.000     1.000     1.000     2.000     1.000    -0.523
     2.000     2.000     2.000     3.000     1.000     0.147
     2.000     1.000     1.000     1.000     1.000    -0.409
     2.000     0.000     0.000     2.000     0.000    -0.871
     4.000     3.000     3.000     1.000     1.000     0.659
     0.000     1.000     1.000     0.000     0.000    -1.190
     4.000     4.000     3.000     4.000     0.000     1.084
     0.000     1.000     1.000     0.000     0.000    -1.190
     1.000     1.000     1.000     1.000     2.000    -0.502
     4.000     2.000     3.000     3.000     1.000     0.664
     1.000     1.000     2.000     0.000     1.000    -0.597
     4.000     4.000     2.000     4.000     4.000     1.483
     1.000     1.000     2.000     1.000     3.000    -0.256
     1.000     1.000     2.000     1.000     1.000    -0.478
     4.000     1.000     4.000     1.000     2.000     0.488
     4.000     3.000     4.000     0.000     2.000     0.804
     4.000     4.000     4.000     2.000     3.000     1.398
     1.000     1.000     1.000     2.000     1.000    -0.523
     4.000     2.000     4.000     4.000     1.000     0.921
     0.000     2.000     2.000     0.000     1.000    -0.623
     4.000     2.000     1.000     2.000     1.000     0.296
     4.000     4.000     4.000     1.000     4.000     1.395
     2.000     2.000     2.000     2.000     2.000     0.165
     3.000     3.000     3.000     3.000     0.000     0.505
     1.000     2.000     2.000     3.000     1.000    -0.059
     2.000     2.000     2.000     1.000     1.000    -0.051
     1.000     2.000     1.000     3.000     2.000    -0.082
     1.000     0.000     1.000     3.000     0.000    -0.821
     1.000     3.000     3.000     1.000     2.000     0.175
     2.000     1.000     1.000     2.000     2.000    -0.187
     4.000     4.000     3.000     3.000     2.000     1.232
     3.000     3.000     1.000     3.000     1.000     0.383
     1.000     1.000     2.000     4.000     2.000    -0.051
     2.000     2.000     2.000     4.000     3.000     0.464
     3.000     2.000     1.000     1.000     1.000    -0.007
     3.000     1.000     2.000     1.000     1.000    -0.077
     3.000     3.000     3.000     2.000     3.000     0.746
     3.000     2.000     3.000     2.000     2.000     0.464
     3.000     2.000     3.000     2.000     1.000     0.350
     4.000     4.000     4.000     4.000     1.000     1.417
     3.000     4.000     2.000     4.000     2.000     0.957
     3.000     2.000     3.000     3.000     4.000     0.744
     4.000     4.000     1.000     4.000     0.000     0.797
     3.000     3.000     1.000     3.000     1.000     0.383
     3.000     2.000     2.000     2.000     1.000     0.232
     1.000     1.000     0.000     2.000     0.000    -0.841
     3.000     1.000     1.000     2.000     1.000    -0.118
     4.000     3.000     1.000     4.000     2.000     0.838
     2.000     1.000     2.000     1.000     1.000    -0.265
     4.000     4.000     3.000     3.000     1.000     1.103
     4.000     3.000     4.000     4.000     2.000     1.271
     3.000     2.000     2.000     2.000     3.000     0.442
     1.000     0.000     1.000     1.000     1.000    -0.879
     3.000     4.000     4.000     3.000     1.000     0.974
     2.000     3.000     4.000     2.000     2.000     0.596
     4.000     3.000     2.000     1.000     2.000     0.656
     1.000     1.000     2.000     2.000     1.000    -0.376
     4.000     4.000     3.000     4.000     3.000     1.494
     4.000     3.000     2.000     2.000     1.000     0.643
     2.000     2.000     2.000     2.000     2.000     0.165
     2.000     2.000     2.000     2.000     2.000     0.165
     1.000     0.000     1.000     3.000     0.000    -0.821
     3.000     1.000     1.000     3.000     1.000    -0.019
     2.000     1.000     2.000     1.000     1.000    -0.265
     4.000     3.000     2.000     3.000     1.000     0.745
     2.000     3.000     3.000     2.000     4.000     0.661
     2.000     1.000     2.000     4.000     1.000     0.039
     1.000     3.000     1.000     1.000     2.000    -0.084
     0.000     2.000     0.000     0.000     0.000    -1.114
     2.000     2.000     1.000     0.000     1.000    -0.304
     0.000     0.000     0.000     0.000     0.000    -1.750
     0.000     3.000     2.000     3.000     2.000     0.015
     2.000     2.000     2.000     2.000     2.000     0.165
     0.000     0.000     0.000     1.000     0.000    -1.556
     2.000     2.000     3.000     2.000     1.000     0.169
     3.000     3.000     1.000     3.000     1.000     0.383
     4.000     1.000     3.000     2.000     2.000     0.468
     2.000     2.000     4.000     0.000     2.000     0.195
     3.000     2.000     2.000     3.000     2.000     0.443
     3.000     1.000     4.000     2.000     3.000     0.473
     2.000     1.000     1.000     2.000     1.000    -0.307
     0.000     3.000     3.000     3.000     1.000     0.019
     2.000     3.000     4.000     1.000     3.000     0.590
     4.000     3.000     4.000     2.000     1.000     0.902
     1.000     1.000     1.000     2.000     1.000    -0.523
     1.000     1.000     1.000     1.000     1.000    -0.626
     2.000     2.000     2.000     3.000     2.000     0.263
     3.000     1.000     2.000     2.000     2.000     0.140
     0.000     2.000     3.000     0.000     0.000    -0.640
     4.000     2.000     1.000     1.000     1.000     0.192
     1.000     2.000     3.000     1.000     0.000    -0.275
     1.000     1.000     1.000     2.000     1.000    -0.523
     1.000     1.000     1.000     2.000     1.000    -0.523
     2.000     2.000     0.000     4.000     4.000     0.253
     0.000     0.000     2.000     0.000     0.000    -1.319
     1.000     2.000     3.000     1.000     3.000     0.078
     1.000     1.000     3.000     3.000     1.000    -0.150
     1.000     1.000     2.000     2.000     0.000    -0.521
     0.000     0.000     0.000     1.000     0.000    -1.556
     2.000     2.000     1.000     1.000     2.000    -0.074
     0.000     1.000     1.000     2.000     1.000    -0.781
     2.000     1.000     1.000     0.000     1.000    -0.525
     3.000     1.000     2.000     1.000     1.000    -0.077
     1.000     2.000     1.000     1.000     1.000    -0.403
     1.000     1.000     1.000     1.000     3.000    -0.400
     1.000     2.000     1.000     0.000     1.000    -0.518
     2.000     3.000     3.000     4.000     2.000     0.679
     1.000     2.000     1.000     3.000     1.000    -0.201
     1.000     2.000     2.000     1.000     2.000    -0.140
     2.000     2.000     2.000     1.000     2.000     0.065
     0.000     1.000     2.000     2.000     0.000    -0.781
     2.000     2.000     1.000     1.000     0.000    -0.331
     2.000     1.000     2.000     2.000     1.000    -0.164
     0.000     2.000     2.000     2.000     2.000    -0.282
     0.000     1.000     0.000     1.000     0.000    -1.234
     2.000     3.000     3.000     2.000     2.000     0.476
     1.000     2.000     1.000     0.000     2.000    -0.396
     3.000     1.000     2.000     2.000     0.000    -0.114
     3.000     2.000     2.000     2.000     2.000     0.347
     2.000     2.000     1.000     1.000     1.000    -0.192
     2.000     1.000     1.000     2.000     2.000    -0.187
     3.000     1.000     1.000     2.000     0.000    -0.257
     4.000     3.000     3.000     2.000     2.000     0.886
     3.000     1.000     1.000     1.000     0.000    -0.359
     2.000     3.000     2.000     1.000     1.000     0.144
     3.000     2.000     2.000     1.000     1.000     0.132
     3.000     3.000     2.000     4.000     2.000     0.743
     0.000     0.000     2.000     0.000     2.000    -0.996
     3.000     2.000     2.000     3.000     3.000     0.537
     2.000     2.000     2.000     1.000     2.000     0.065
     0.000     0.000     1.000     1.000     0.000    -1.342
     1.000     1.000     1.000     1.000     1.000    -0.626
     4.000     2.000     4.000     0.000     1.000     0.475
     1.000     1.000     1.000     1.000     1.000    -0.626
     2.000     2.000     3.000     0.000     3.000     0.176
     0.000     1.000     1.000     3.000     1.000    -0.674
     2.000     2.000     1.000     2.000     4.000     0.212
     0.000     0.000     0.000     0.000     0.000    -1.750
     4.000     3.000     4.000     2.000     2.000     1.027
     2.000     2.000     2.000     1.000     1.000    -0.051
     4.000     1.000     1.000     1.000     1.000    -0.024
     2.000     1.000     2.000     2.000     1.000    -0.164
     1.000     1.000     0.000     0.000     0.000    -1.077
     1.000     2.000     1.000     1.000     3.000    -0.183
     1.000     1.000     1.000     1.000     1.000    -0.626
     0.000     1.000     2.000     3.000     2.000    -0.399
     2.000     1.000     1.000     2.000     2.000    -0.187
     2.000     2.000     2.000     1.000     1.000    -0.051
     2.000     2.000     2.000     3.000     2.000     0.263
     2.000     2.000     0.000     0.000     0.000    -0.611
     1.000     1.000     1.000     0.000     1.000    -0.747
     2.000     3.000     1.000     0.000     1.000    -0.104
     2.000     2.000     2.000     2.000     1.000     0.049
