     3.000     4.000     3.000     3.000     3.000     0.735
     3.000     3.000     3.000     3.000     3.000     0.507
     4.000     2.000     3.000     3.000     3.000     0.675
     4.000     4.000     4.000     3.000     3.000     1.352
     3.000     3.000     2.000     2.000     3.000     0.232
     3.000     3.000     2.000     3.000     3.000     0.349
     4.000     2.000     2.000     3.000     2.000     0.380
     2.000     3.000     3.000     2.000     2.000    -0.118
     4.000     4.000     2.000     2.000     2.000     0.698
     3.000     3.000     2.000     2.000     3.000     0.232
     3.000     3.000     3.000     2.000     3.000     0.391
     3.000     3.000     1.000     2.000     4.000     0.216
     3.000     3.000     2.000     3.000     3.000     0.349
     3.000     1.000     2.000     2.000     2.000    -0.312
     1.000     1.000     1.000     2.000     2.000    -1.159
     3.000     2.000     2.000     2.000     1.000    -0.269
     2.000     2.000     2.000     2.000     2.000    -0.485
     2.000     3.000     2.000     2.000     3.000    -0.131
     2.000     3.000     3.000     3.000     3.000     0.142
     3.000     2.000     3.000     1.000     3.000     0.064
     3.000     3.000     4.000     1.000     4.000     0.595
     3.000     3.000     3.000     2.000     3.000     0.391
     3.000     3.000     4.000     3.000     3.000     0.682
     4.000     4.000     3.000     3.000     3.000     1.134
     4.000     4.000     4.000     0.000     4.000     1.146
     3.000     3.000     2.000     2.000     3.000     0.232
     2.000     1.000     2.000     1.000     2.000    -0.785
     3.000     2.000     3.000     3.000     1.000     0.003
     2.000     3.000     1.000     3.000     2.000    -0.321
     2.000     2.000     3.000     2.000     2.000    -0.323
     2.000     3.000     3.000     3.000     2.000    -0.001
     3.000     3.000     3.000     2.000     3.000     0.391
     0.000     1.000     0.000     2.000     2.000    -1.639
     4.000     4.000     4.000     4.000     1.000     1.136
     3.000     3.000     3.000     3.000     3.000     0.507
     3.000     3.000     3.000     2.000     4.000     0.544
     3.000     3.000     3.000     3.000     3.000     0.507
     2.000     1.000     1.000     2.000     3.000    -0.683
     2.000     2.000     4.000     0.000     2.000    -0.379
     2.000     4.000     1.000     4.000     1.000    -0.133
     2.000     2.000     2.000     2.000     2.000    -0.485
     3.000     3.000     1.000     1.000     2.000    -0.195
     0.000     2.000     4.000     4.000     3.000    -0.470
     3.000     3.000     3.000     3.000     3.000     0.507
     4.000     4.000     3.000     4.000     4.000     1.473
     2.000     2.000     2.000     2.000     2.000    -0.485
     2.000     2.000     2.000     2.000     2.000    -0.485
     3.000     3.000     2.000     2.000     3.000     0.232
     3.000     3.000     3.000     2.000     4.000     0.544
     2.000     3.000     2.000     2.000     2.000    -0.277
     2.000     3.000     1.000     1.000     3.000    -0.407
     3.000     1.000     4.000     3.000     4.000     0.415
     2.000     2.000     2.000     2.000     3.000    -0.336
     2.000     3.000     1.000     2.000     1.000    -0.585
     2.000     2.000     2.000     2.000     1.000    -0.630
     3.000     3.000     2.000     3.000     2.000     0.203
     1.000     3.000     1.000     2.000     4.000    -0.513
     1.000     3.000     0.000     3.000     3.000    -0.691
     2.000     2.000     4.000     2.000     3.000    -0.016
     3.000     2.000     3.000     3.000     3.000     0.299
     2.000     2.000     3.000     2.000     3.000    -0.177
     3.000     3.000     3.000     3.000     3.000     0.507
     2.000     2.000     3.000     2.000     2.000    -0.323
     3.000     4.000     2.000     3.000     4.000     0.732
     3.000     3.000     4.000     3.000     2.000     0.534
     2.000     2.000     2.000     3.000     2.000    -0.365
     2.000     4.000     2.000     3.000     2.000     0.063
     0.000     0.000     4.000     1.000     2.000    -1.280
     4.000     3.000     2.000     3.000     2.000     0.586
     2.000     2.000     2.000     2.000     2.000    -0.485
     4.000     2.000     4.000     3.000     4.000     1.019
     4.000     4.000     3.000     1.000     3.000     0.880
     2.000     1.000     0.000     3.000     2.000    -0.877
     3.000     4.000     3.000     4.000     4.000     1.019
     2.000     2.000     4.000     1.000     2.000    -0.278
     2.000     2.000     4.000     3.000     3.000     0.100
     2.000     2.000     3.000     2.000     2.000    -0.323
     1.000     1.000     1.000     2.000     2.000    -1.159
     4.000     4.000     4.000     4.000     4.000     1.754
     3.000     3.000     3.000     2.000     3.000     0.391
     2.000     3.000     3.000     2.000     1.000    -0.266
     3.000     4.000     3.000     3.000     4.000     0.893
     4.000     4.000     4.000     2.000     4.000     1.418
     3.000     4.000     3.000     2.000     3.000     0.618
     2.000     3.000     3.000     2.000     3.000     0.027
     3.000     4.000     3.000     1.000     3.000     0.495
     2.000     3.000     1.000     1.000     3.000    -0.407
     2.000     2.000     3.000     2.000     2.000    -0.323
     4.000     4.000     4.000     4.000     4.000     1.754
     4.000     4.000     3.000     4.000     3.000     1.274
     3.000     3.000     3.000     3.000     3.000     0.507
     2.000     1.000     2.000     1.000     3.000    -0.638
     3.000     2.000     3.000     2.000     2.000     0.037
     3.000     3.000     3.000     2.000     2.000     0.245
     1.000     1.000     2.000     3.000     2.000    -0.894
     2.000     3.000     2.000     2.000     3.000    -0.131
     2.000     3.000     1.000     2.000     0.000    -0.691
     4.000     4.000     2.000     2.000     2.000     0.698
     2.000     2.000     1.000     2.000     3.000    -0.497
     2.000     2.000     2.000     2.000     2.000    -0.485
     2.000     2.000     0.000     4.000     2.000    -0.578
     0.000     2.000     3.000     1.000     0.000    -1.323
     2.000     3.000     1.000     2.000     2.000    -0.440
     3.000     3.000     3.000     3.000     2.000     0.362
     3.000     2.000     3.000     2.000     2.000     0.037
     3.000     2.000     2.000     2.000     3.000     0.024
     3.000     2.000     2.000     2.000     3.000     0.024
     4.000     4.000     4.000     4.000     4.000     1.754
     2.000     2.000     0.000     2.000     4.000    -0.516
     3.000     2.000     3.000     2.000     4.000     0.332
     2.000     0.000     2.000     2.000     2.000    -0.845
     2.000     2.000     1.000     0.000     2.000    -0.864
     1.000     2.000     1.000     2.000     3.000    -0.844
     2.000     2.000     4.000     3.000     2.000    -0.044
     3.000     2.000     0.000     3.000     3.000    -0.181
     1.000     2.000     1.000     1.000     1.000    -1.223
     2.000     1.000     0.000     4.000     4.000    -0.472
     3.000     2.000     1.000     4.000     3.000     0.093
     1.000     3.000     1.000     2.000     1.000    -0.924
     2.000     3.000     1.000     3.000     2.000    -0.321
     3.000     0.000     3.000     3.000     3.000    -0.060
     4.000     4.000     4.000     4.000     4.000     1.754
     2.000     2.000     1.000     2.000     3.000    -0.497
     2.000     3.000     2.000     4.000     4.000     0.246
     4.000     3.000     3.000     4.000     4.000     1.188
     0.000     0.000     4.000     4.000     4.000    -0.669
     1.000     1.000     1.000     1.000     1.000    -1.389
     4.000     4.000     4.000     3.000     3.000     1.352
     2.000     2.000     1.000     2.000     2.000    -0.647
     2.000     3.000     3.000     2.000     3.000     0.027
     2.000     2.000     1.000     1.000     3.000    -0.611
     3.000     3.000     2.000     3.000     3.000     0.349
     3.000     3.000     3.000     3.000     3.000     0.507
     1.000     0.000     1.000     2.000     2.000    -1.332
     3.000     2.000     1.000     2.000     1.000    -0.427
     2.000     2.000     2.000     2.000     2.000    -0.485
     3.000     3.000     2.000     2.000     1.000    -0.066
     4.000     4.000     3.000     4.000     3.000     1.274
     4.000     4.000     4.000     4.000     4.000     1.754
     3.000     3.000     3.000     3.000     2.000     0.362
     3.000     1.000     3.000     2.000     3.000    -0.013
     2.000     3.000     2.000     2.000     2.000    -0.277
     2.000     2.000     2.000     3.000     2.000    -0.365
     4.000     2.000     4.000     1.000     2.000     0.468
     2.000     2.000     2.000     1.000     2.000    -0.600
     3.000     3.000     3.000     3.000     3.000     0.507
     3.000     2.000     2.000     2.000     2.000    -0.122
     3.000     2.000     3.000     3.000     2.000     0.154
     3.000     3.000     1.000     3.000     3.000     0.184
     3.000     4.000     2.000     4.000     3.000     0.697
     2.000     1.000     1.000     2.000     2.000    -0.832
     3.000     2.000     2.000     2.000     3.000     0.024
     3.000     3.000     3.000     3.000     3.000     0.507
     3.000     4.000     3.000     2.000     2.000     0.472
     3.000     3.000     2.000     2.000     3.000     0.232
     1.000     1.000     3.000     2.000     2.000    -0.855
     1.000     1.000     1.000     2.000     2.000    -1.159
     1.000     2.000     2.000     2.000     2.000    -0.835
     4.000     3.000     4.000     3.000     3.000     1.080
     3.000     4.000     4.000     4.000     4.000     1.215
     1.000     2.000     1.000     2.000     1.000    -1.118
     2.000     1.000     2.000     2.000     2.000    -0.673
     3.000     3.000     4.000     4.000     4.000     0.967
     3.000     3.000     2.000     2.000     3.000     0.232
     4.000     3.000     4.000     4.000     4.000     1.412
     3.000     2.000     2.000     3.000     4.000     0.290
     3.000     3.000     3.000     2.000     4.000     0.544
     3.000     3.000     4.000     3.000     3.000     0.682
     2.000     2.000     2.000     2.000     2.000    -0.485
     2.000     2.000     2.000     3.000     2.000    -0.365
     4.000     4.000     4.000     4.000     4.000     1.754
     3.000     3.000     3.000     3.000     2.000     0.362
     2.000     2.000     2.000     2.000     2.000    -0.485
     4.000     3.000     4.000     4.000     4.000     1.412
     2.000     2.000     2.000     3.000     2.000    -0.365
     3.000     3.000     3.000     2.000     3.000     0.391
     0.000     0.000     0.000     0.000     2.000    -2.093
     4.000     0.000     4.000     4.000     0.000     0.206
     1.000     4.000     0.000     2.000     4.000    -0.453
     2.000     2.000     1.000     2.000     4.000    -0.352
     4.000     4.000     4.000     3.000     3.000     1.352
     3.000     3.000     1.000     3.000     1.000    -0.111
     3.000     2.000     2.000     2.000     3.000     0.024
     3.000     4.000     3.000     4.000     4.000     1.019
     2.000     3.000     1.000     1.000     2.000    -0.555
     4.000     2.000     1.000     3.000     3.000     0.360
     3.000     2.000     2.000     2.000     3.000     0.024
     2.000     2.000     1.000     1.000     2.000    -0.761
     2.000     3.000     2.000     3.000     3.000    -0.014
     3.000     2.000     2.000     2.000     2.000    -0.122
     3.000     2.000     3.000     3.000     3.000     0.299
     4.000     4.000     4.000     4.000     4.000     1.754
     2.000     2.000     1.000     2.000     2.000    -0.647
     1.000     3.000     3.000     1.000     1.000    -0.727
     3.000     4.000     4.000     1.000     3.000     0.670
     2.000     3.000     2.000     2.000     2.000    -0.277
     3.000     2.000     2.000     2.000     3.000     0.024
     4.000     4.000     4.000     4.000     4.000     1.754
     3.000     3.000     3.000     3.000     3.000     0.507
     2.000     3.000     4.000     1.000     4.000     0.219
     4.000     3.000     4.000     2.000     3.000     0.957
     2.000     2.000     2.000     3.000     2.000    -0.365
     3.000     3.000     1.000     3.000     3.000     0.184
     1.000     1.000     2.000     2.000     2.000    -1.009
     2.000     1.000     3.000     2.000     3.000    -0.366
     3.000     3.000     2.000     0.000     4.000     0.162
     3.000     3.000     3.000     2.000     3.000     0.391
     3.000     2.000     0.000     2.000     3.000    -0.298
     3.000     2.000     2.000     3.000     3.000     0.141
     2.000     2.000     1.000     3.000     3.000    -0.379
     3.000     3.000     3.000     1.000     4.000     0.421
     3.000     3.000     2.000     1.000     4.000     0.262
     3.000     0.000     3.000     1.000     2.000    -0.432
     2.000     2.000     2.000     3.000     3.000    -0.218
     4.000     0.000     4.000     4.000     0.000     0.206
     4.000     3.000     2.000     1.000     4.000     0.646
     2.000     1.000     1.000     1.000     2.000    -0.943
     3.000     2.000     2.000     2.000     3.000     0.024
     3.000     3.000     3.000     2.000     3.000     0.391
     4.000     4.000     4.000     4.000     3.000     1.512
     3.000     3.000     3.000     2.000     4.000     0.544
     2.000     3.000     2.000     3.000     3.000    -0.014
     4.000     4.000     4.000     4.000     2.000     1.331
     0.000     0.000     0.000     2.000     2.000    -1.845
     1.000     1.000     1.000     2.000     1.000    -1.286
     2.000     2.000     2.000     2.000     2.000    -0.485
     0.000     1.000     3.000     2.000     4.000    -0.874
     4.000     2.000     3.000     3.000     3.000     0.675
     3.000     4.000     2.000     3.000     2.000     0.430
     1.000     1.000     4.000     2.000     2.000    -0.706
     1.000     1.000     1.000     2.000     2.000    -1.159
     2.000     2.000     2.000     3.000     2.000    -0.365
     4.000     3.000     2.000     3.000     3.000     0.730
     2.000     3.000     1.000     2.000     2.000    -0.440
     3.000     3.000     1.000     2.000     3.000     0.067
     3.000     3.000     4.000     2.000     4.000     0.722
     3.000     3.000     2.000     3.000     3.000     0.349
     2.000     3.000     3.000     2.000     3.000     0.027
     3.000     2.000     1.000     2.000     3.000    -0.138
     4.000     2.000     3.000     0.000     4.000     0.495
     2.000     1.000     0.000     2.000     4.000    -0.703
     2.000     2.000     1.000     1.000     2.000    -0.761
     2.000     2.000     3.000     3.000     2.000    -0.205
     2.000     2.000     2.000     3.000     3.000    -0.218
     3.000     2.000     2.000     1.000     3.000    -0.093
     2.000     3.000     2.000     2.000     1.000    -0.425
     3.000     3.000     2.000     2.000     3.000     0.232
     4.000     3.000     4.000     2.000     2.000     0.806
     2.000     3.000     1.000     1.000     2.000    -0.555
     1.000     2.000     2.000     3.000     2.000    -0.720
     4.000     0.000     4.000     3.000     4.000     0.632
     2.000     2.000     3.000     2.000     2.000    -0.323
     1.000     1.000     1.000     2.000     2.000    -1.159
     3.000     3.000     4.000     2.000     4.000     0.722
     3.000     3.000     2.000     2.000     3.000     0.232
     2.000     3.000     1.000     2.000     3.000    -0.292
     3.000     2.000     2.000     2.000     2.000    -0.122
     2.000     1.000     0.000     0.000     3.000    -1.062
     2.000     1.000     2.000     3.000     3.000    -0.407
     2.000     1.000     2.000     2.000     1.000    -0.813
     2.000     2.000     1.000     1.000     2.000    -0.761
     4.000     3.000     2.000     2.000     2.000     0.472
     3.000     3.000     1.000     2.000     2.000    -0.078
     2.000     2.000     2.000     2.000     4.000    -0.190
     3.000     2.000     2.000     3.000     1.000    -0.153
     3.000     2.000     2.000     2.000     3.000     0.024
     2.000     0.000     2.000     2.000     0.000    -1.095
     4.000     2.000     2.000     2.000     2.000     0.268
     1.000     1.000     2.000     2.000     2.000    -1.009
     2.000     3.000     3.000     2.000     2.000    -0.118
     3.000     2.000     1.000     2.000     4.000     0.008
     1.000     2.000     2.000     1.000     2.000    -0.942
     4.000     4.000     3.000     3.000     2.000     0.979
     3.000     1.000     0.000     0.000     2.000    -0.835
     2.000     3.000     2.000     1.000     2.000    -0.394
     1.000     2.000     0.000     4.000     2.000    -0.924
     2.000     2.000     1.000     2.000     3.000    -0.497
     3.000     2.000     2.000     0.000     2.000    -0.337
     4.000     4.000     2.000     4.000     2.000     0.943
     1.000     2.000     1.000     1.000     2.000    -1.094
     2.000     2.000     3.000     2.000     2.000    -0.323
     3.000     3.000     3.000     3.000     3.000     0.507
     2.000     2.000     2.000     2.000     3.000    -0.336
     3.000     3.000     3.000     2.000     3.000     0.391
     3.000     3.000     0.000     0.000     1.000    -0.595
     1.000     2.000     3.000     3.000     3.000    -0.428
     2.000     2.000     2.000     2.000     3.000    -0.336
     3.000     2.000     2.000     3.000     3.000     0.141
     3.000     3.000     3.000     3.000     3.000     0.507
     3.000     3.000     3.000     1.000     3.000     0.270
     3.000     2.000     2.000     2.000     2.000    -0.122
     4.000     2.000     3.000     2.000     4.000     0.714
     3.000     3.000     2.000     2.000     3.000     0.232
     2.000     2.000     2.000     1.000     2.000    -0.600
     1.000     2.000     2.000     2.000     2.000    -0.835
     2.000     3.000     3.000     0.000     1.000    -0.480
     3.000     3.000     3.000     3.000     4.000     0.661
     3.000     0.000     2.000     3.000     3.000    -0.216
     2.000     1.000     2.000     3.000     3.000    -0.407
     4.000     3.000     3.000     3.000     3.000     0.889
     3.000     3.000     3.000     3.000     3.000     0.507
     4.000     4.000     4.000     4.000     4.000     1.754
     3.000     4.000     2.000     1.000     0.000    -0.063
     3.000     2.000     2.000     2.000     2.000    -0.122
     2.000     3.000     2.000     3.000     3.000    -0.014
     3.000     2.000     1.000     1.000     2.000    -0.396
     4.000     4.000     4.000     4.000     4.000     1.754
     3.000     2.000     3.000     3.000     2.000     0.154
     3.000     3.000     3.000     3.000     3.000     0.507
     3.000     2.000     3.000     1.000     3.000     0.064
     3.000     3.000     2.000     3.000     3.000     0.349
     1.000     3.000     2.000     2.000     2.000    -0.639
     3.000     2.000     3.000     1.000     3.000     0.064
     4.000     3.000     4.000     4.000     4.000     1.412
     2.000     3.000     1.000     2.000     3.000    -0.292
     3.000     2.000     2.000     2.000     3.000     0.024
     3.000     2.000     2.000     2.000     2.000    -0.122
     2.000     2.000     2.000     2.000     2.000    -0.485
     2.000     3.000     2.000     2.000     2.000    -0.277
     2.000     2.000     1.000     1.000     2.000    -0.761
     1.000     2.000     1.000     1.000     2.000    -1.094
     2.000     1.000     2.000     2.000     2.000    -0.673
     4.000     3.000     2.000     3.000     2.000     0.586
     2.000     2.000     2.000     3.000     2.000    -0.365
     3.000     3.000     3.000     1.000     2.000     0.125
     2.000     1.000     3.000     3.000     2.000    -0.395
     3.000     2.000     2.000     2.000     2.000    -0.122
     3.000     3.000     2.000     2.000     2.000     0.086
     2.000     3.000     2.000     1.000     2.000    -0.394
     2.000     3.000     2.000     3.000     3.000    -0.014
     2.000     1.000     3.000     2.000     2.000    -0.512
     3.000     1.000     3.000     2.000     3.000    -0.013
     2.000     3.000     3.000     1.000     2.000    -0.234
     3.000     3.000     2.000     3.000     2.000     0.203
     2.000     3.000     1.000     3.000     2.000    -0.321
     2.000     4.000     4.000     2.000     4.000     0.561
     3.000     2.000     2.000     0.000     3.000    -0.192
     1.000     2.000     2.000     2.000     2.000    -0.835
     4.000     4.000     3.000     3.000     3.000     1.134
     2.000     2.000     2.000     3.000     2.000    -0.365
     2.000     0.000     0.000     0.000     0.000    -1.651
     3.000     3.000     3.000     1.000     3.000     0.270
     1.000     1.000     3.000     3.000     3.000    -0.603
     3.000     3.000     2.000     3.000     3.000     0.349
     3.000     1.000     2.000     3.000     3.000    -0.053
     3.000     3.000     3.000     0.000     4.000     0.322
     2.000     1.000     2.000     1.000     1.000    -0.924
     3.000     2.000     2.000     4.000     2.000     0.111
     3.000     3.000     2.000     3.000     3.000     0.349
     2.000     2.000     1.000     2.000     3.000    -0.497
     4.000     4.000     3.000     4.000     4.000     1.473
     2.000     1.000     2.000     2.000     2.000    -0.673
     3.000     3.000     3.000     2.000     3.000     0.391
     2.000     2.000     2.000     2.000     2.000    -0.485
     2.000     2.000     1.000     2.000     2.000    -0.647
     2.000     2.000     2.000     2.000     2.000    -0.485
     2.000     3.000     2.000     2.000     2.000    -0.277
     3.000     3.000     2.000     3.000     2.000     0.203
     1.000     1.000     1.000     1.000     1.000    -1.389
     4.000     4.000     4.000     3.000     4.000     1.567
     2.000     2.000     2.000     2.000     3.000    -0.336
