     1.000     1.000     1.000     1.000     1.000    -0.093
     0.000     2.000     0.000     0.000     3.000    -0.732
     1.000     3.000     1.000     2.000     0.000     0.304
     3.000     3.000     0.000     1.000     0.000     0.114
     1.000     2.000     1.000     2.000     3.000     0.171
     1.000     1.000     0.000     1.000     3.000    -0.408
     1.000     1.000     1.000     1.000     1.000    -0.093
     1.000     1.000     1.000     1.000     3.000    -0.126
     2.000     0.000     0.000     2.000     0.000    -0.122
     3.000     1.000     1.000     1.000     2.000     0.174
     1.000     1.000     1.000     2.000     4.000     0.055
     2.000     0.000     0.000     1.000     2.000    -0.374
     3.000     1.000     1.000     2.000     3.000     0.350
     2.000     2.000     2.000     2.000     2.000     0.552
     2.000     1.000     1.000     2.000     2.000     0.234
     3.000     0.000     3.000     2.000     1.000     0.653
     2.000     2.000     1.000     1.000     2.000     0.137
     3.000     4.000     2.000     3.000     3.000     0.972
     1.000     1.000     0.000     0.000     4.000    -0.688
     1.000     4.000     1.000     3.000     4.000     0.482
     3.000     1.000     1.000     1.000     1.000     0.191
     1.000     1.000     0.000     0.000     0.000    -0.602
     1.000     1.000     1.000     0.000     1.000    -0.321
     3.000     4.000     1.000     1.000     3.000     0.425
     0.000     0.000     0.000     0.000     1.000    -1.011
     0.000     0.000     1.000     1.000     4.000    -0.433
     2.000     1.000     1.000     0.000     1.000    -0.171
     1.000     1.000     0.000     0.000     4.000    -0.688
     2.000     0.000     1.000     1.000     1.000    -0.070
     2.000     2.000     1.000     2.000     2.000     0.331
     1.000     0.000     1.000     1.000     2.000    -0.238
     1.000     1.000     1.000     1.000     1.000    -0.093
     1.000     4.000     3.000     1.000     1.000     0.579
     4.000     0.000     0.000     2.000     3.000     0.070
     1.000     2.000     1.000     1.000     1.000     0.007
     2.000     1.000     1.000     1.000     1.000     0.055
     1.000     2.000     1.000     1.000     1.000     0.007
     1.000     4.000     1.000     3.000     3.000     0.502
     2.000     2.000     0.000     0.000     4.000    -0.411
     4.000     1.000     2.000     3.000     2.000     0.848
     2.000     2.000     1.000     1.000     2.000     0.137
     0.000     1.000     0.000     1.000     3.000    -0.573
     4.000     2.000     4.000     3.000     3.000     1.266
     1.000     0.000     0.000     1.000     3.000    -0.547
     3.000     0.000     0.000     0.000     3.000    -0.484
     2.000     1.000     1.000     2.000     1.000     0.251
     2.000     2.000     2.000     1.000     1.000     0.391
     1.000     1.000     1.000     1.000     4.000    -0.146
     0.000     0.000     1.000     1.000     1.000    -0.378
     0.000     1.000     0.000     1.000     2.000    -0.556
     2.000     2.000     1.000     2.000     1.000     0.347
     2.000     0.000     0.000     1.000     4.000    -0.412
     3.000     1.000     1.000     1.000     3.000     0.159
     1.000     2.000     1.000     1.000     4.000    -0.046
     4.000     4.000     2.000     2.000     1.000     0.968
     1.000     0.000     1.000     1.000     4.000    -0.274
     2.000     1.000     1.000     1.000     1.000     0.055
     2.000     1.000     1.000     1.000     2.000     0.037
     2.000     1.000     1.000     2.000     2.000     0.234
     2.000     1.000     2.000     2.000     4.000     0.430
     1.000     0.000     0.000     0.000     4.000    -0.861
     1.000     1.000     1.000     1.000     2.000    -0.110
     1.000     1.000     1.000     1.000     2.000    -0.110
     2.000     3.000     3.000     2.000     3.000     0.773
     1.000     4.000     0.000     0.000     1.000    -0.337
     2.000     2.000     2.000     2.000     2.000     0.552
     1.000     0.000     0.000     0.000     3.000    -0.834
     2.000     4.000     1.000     0.000     0.000     0.122
     2.000     1.000     1.000     1.000     2.000     0.037
     2.000     2.000     0.000     1.000     1.000    -0.124
     1.000     2.000     0.000     0.000     3.000    -0.549
     1.000     1.000     1.000     0.000     2.000    -0.339
     4.000     2.000     2.000     1.000     1.000     0.626
     0.000     1.000     1.000     0.000     4.000    -0.538
     2.000     4.000     0.000     1.000     1.000     0.041
     2.000     0.000     1.000     0.000     2.000    -0.320
     2.000     2.000     3.000     3.000     2.000     0.866
     1.000     1.000     2.000     2.000     2.000     0.325
     0.000     0.000     0.000     4.000     0.000    -0.087
     1.000     1.000     1.000     1.000     3.000    -0.126
     3.000     1.000     1.000     2.000     1.000     0.382
     2.000     0.000     1.000     1.000     3.000    -0.103
     0.000     2.000     0.000     0.000     3.000    -0.732
     2.000     0.000     1.000     1.000     4.000    -0.124
     2.000     1.000     1.000     1.000     4.000     0.002
     1.000     1.000     1.000     1.000     1.000    -0.093
     1.000     1.000     1.000     0.000     4.000    -0.375
     4.000     2.000     2.000     3.000     3.000     0.923
     1.000     0.000     0.000     0.000     4.000    -0.861
     0.000     0.000     1.000     1.000     2.000    -0.396
     2.000     1.000     1.000     1.000     3.000     0.022
     2.000     0.000     1.000     2.000     2.000     0.115
     2.000     3.000     3.000     1.000     3.000     0.602
     3.000     2.000     1.000     1.000     2.000     0.272
     1.000     1.000     1.000     0.000     2.000    -0.339
     3.000     3.000     3.000     1.000     2.000     0.734
     2.000     2.000     1.000     2.000     3.000     0.316
     4.000     3.000     3.000     4.000     2.000     1.337
     1.000     1.000     1.000     1.000     1.000    -0.093
     2.000     2.000     2.000     1.000     2.000     0.375
     0.000     0.000     0.000     0.000     1.000    -1.011
     4.000     3.000     0.000     2.000     0.000     0.408
     1.000     1.000     1.000     0.000     3.000    -0.354
     2.000     2.000     3.000     2.000     2.000     0.715
     2.000     2.000     1.000     1.000     3.000     0.122
     1.000     0.000     0.000     1.000     3.000    -0.547
     3.000     2.000     1.000     1.000     1.000     0.289
     0.000     0.000     0.000     0.000     1.000    -1.011
     2.000     3.000     2.000     1.000     2.000     0.451
     1.000     1.000     0.000     1.000     0.000    -0.352
     1.000     1.000     2.000     3.000     2.000     0.480
     2.000     2.000     2.000     1.000     0.000     0.412
     2.000     1.000     1.000     1.000     2.000     0.037
     3.000     2.000     2.000     3.000     2.000     0.822
     0.000     2.000     0.000     0.000     2.000    -0.713
     2.000     2.000     1.000     2.000     1.000     0.347
     2.000     1.000     2.000     0.000     0.000     0.110
     1.000     0.000     0.000     0.000     0.000    -0.765
     2.000     1.000     2.000     4.000     1.000     0.787
     2.000     2.000     2.000     2.000     2.000     0.552
     1.000     1.000     1.000     1.000     1.000    -0.093
     3.000     4.000     0.000     0.000     3.000    -0.074
     0.000     0.000     1.000     1.000     3.000    -0.411
     2.000     0.000     0.000     0.000     4.000    -0.677
     1.000     1.000     0.000     1.000     3.000    -0.408
     3.000     2.000     3.000     4.000     0.000     1.173
     2.000     2.000     1.000     2.000     4.000     0.296
     0.000     0.000     0.000     0.000     1.000    -1.011
     2.000     2.000     1.000     0.000     3.000    -0.102
     2.000     0.000     0.000     1.000     3.000    -0.390
     3.000     4.000     3.000     1.000     1.000     0.840
     2.000     3.000     2.000     2.000     1.000     0.642
     0.000     0.000     0.000     0.000     0.000    -0.980
     3.000     2.000     2.000     2.000     1.000     0.687
     4.000     1.000     1.000     0.000     2.000     0.066
     2.000     3.000     1.000     1.000     1.000     0.236
     2.000     2.000     1.000     1.000     2.000     0.137
     2.000     2.000     1.000     2.000     3.000     0.316
     1.000     0.000     0.000     0.000     4.000    -0.861
     3.000     1.000     2.000     1.000     4.000     0.375
     2.000     2.000     1.000     1.000     4.000     0.101
     1.000     2.000     0.000     1.000     3.000    -0.304
     2.000     1.000     1.000     1.000     2.000     0.037
     1.000     4.000     0.000     2.000     1.000     0.092
     2.000     2.000     2.000     2.000     3.000     0.538
     1.000     0.000     1.000     1.000     2.000    -0.238
     2.000     0.000     2.000     1.000     2.000     0.168
     3.000     3.000     1.000     3.000     2.000     0.695
     1.000     1.000     0.000     0.000     0.000    -0.602
     1.000     2.000     0.000     1.000     4.000    -0.325
     2.000     0.000     4.000     3.000     2.000     0.837
     2.000     2.000     1.000     1.000     1.000     0.154
     0.000     1.000     0.000     1.000     4.000    -0.595
     1.000     1.000     0.000     0.000     4.000    -0.688
     2.000     1.000     0.000     0.000     4.000    -0.522
     2.000     3.000     0.000     1.000     4.000    -0.094
     2.000     1.000     1.000     1.000     1.000     0.055
     2.000     2.000     2.000     1.000     2.000     0.375
     2.000     1.000     1.000     0.000     3.000    -0.204
     0.000     0.000     0.000     0.000     4.000    -1.090
     1.000     2.000     1.000     2.000     1.000     0.203
     3.000     3.000     3.000     2.000     3.000     0.888
     0.000     1.000     1.000     1.000     4.000    -0.301
     1.000     1.000     1.000     0.000     1.000    -0.321
     2.000     1.000     4.000     1.000     0.000     0.652
     1.000     0.000     3.000     0.000     0.000     0.027
     3.000     4.000     1.000     0.000     2.000     0.219
     1.000     2.000     1.000     1.000     3.000    -0.026
     3.000     3.000     1.000     1.000     4.000     0.317
     1.000     1.000     1.000     0.000     1.000    -0.321
     0.000     0.000     4.000     0.000     3.000    -0.011
     2.000     2.000     1.000     1.000     4.000     0.101
     2.000     2.000     1.000     2.000     2.000     0.331
     1.000     0.000     1.000     0.000     1.000    -0.456
     2.000     0.000     1.000     0.000     0.000    -0.279
     1.000     0.000     0.000     2.000     1.000    -0.291
     2.000     2.000     0.000     0.000     0.000    -0.332
     0.000     4.000     4.000     4.000     0.000     1.121
     4.000     0.000     0.000     0.000     4.000    -0.387
     1.000     1.000     0.000     0.000     0.000    -0.602
     1.000     1.000     0.000     0.000     1.000    -0.627
     1.000     0.000     1.000     1.000     3.000    -0.253
     1.000     1.000     0.000     3.000     1.000     0.002
     1.000     1.000     0.000     0.000     1.000    -0.627
     2.000     3.000     1.000     1.000     3.000     0.203
     3.000     0.000     0.000     1.000     1.000    -0.209
     4.000     4.000     3.000     3.000     1.000     1.287
     2.000     1.000     2.000     3.000     1.000     0.632
     1.000     4.000     1.000     2.000     1.000     0.369
     1.000     0.000     1.000     1.000     2.000    -0.238
     2.000     1.000     1.000     0.000     2.000    -0.188
     2.000     1.000     0.000     0.000     0.000    -0.439
     2.000     3.000     2.000     3.000     3.000     0.765
     4.000     4.000     3.000     2.000     2.000     1.116
     2.000     3.000     1.000     0.000     3.000    -0.019
     2.000     2.000     2.000     1.000     2.000     0.375
     2.000     0.000     1.000     0.000     4.000    -0.358
     1.000     3.000     1.000     0.000     1.000    -0.134
     0.000     0.000     0.000     0.000     4.000    -1.090
     1.000     0.000     1.000     0.000     2.000    -0.475
     2.000     4.000     2.000     1.000     2.000     0.537
     3.000     1.000     1.000     3.000     1.000     0.543
     2.000     0.000     1.000     1.000     2.000    -0.088
     2.000     4.000     1.000     2.000     2.000     0.498
     3.000     4.000     0.000     3.000     0.000     0.540
     2.000     1.000     0.000     0.000     2.000    -0.482
     2.000     0.000     2.000     3.000     3.000     0.495
     2.000     1.000     1.000     0.000     0.000    -0.148
     2.000     1.000     1.000     1.000     0.000     0.077
     2.000     3.000     1.000     1.000     4.000     0.183
     1.000     0.000     1.000     1.000     1.000    -0.220
     0.000     0.000     0.000     0.000     4.000    -1.090
     1.000     3.000     1.000     1.000     0.000     0.111
     1.000     0.000     0.000     0.000     2.000    -0.814
     2.000     0.000     0.000     0.000     4.000    -0.677
     1.000     1.000     1.000     0.000     1.000    -0.321
     1.000     1.000     1.000     1.000     2.000    -0.110
     3.000     3.000     3.000     2.000     1.000     0.918
     2.000     1.000     1.000     0.000     1.000    -0.171
     2.000     0.000     0.000     0.000     2.000    -0.634
     3.000     3.000     1.000     1.000     4.000     0.317
     1.000     1.000     0.000     1.000     2.000    -0.392
     0.000     0.000     0.000     0.000     3.000    -1.058
     1.000     3.000     1.000     0.000     4.000    -0.188
     4.000     4.000     3.000     2.000     1.000     1.132
     1.000     1.000     1.000     2.000     2.000     0.089
     2.000     4.000     0.000     2.000     4.000     0.184
     0.000     0.000     0.000     0.000     4.000    -1.090
     0.000     2.000     1.000     1.000     2.000    -0.165
     4.000     4.000     0.000     2.000     4.000     0.422
     2.000     2.000     1.000     2.000     2.000     0.331
     3.000     0.000     1.000     2.000     4.000     0.215
     1.000     1.000     1.000     1.000     3.000    -0.126
     1.000     0.000     1.000     1.000     4.000    -0.274
     1.000     1.000     1.000     1.000     3.000    -0.126
     2.000     2.000     0.000     0.000     1.000    -0.355
     3.000     4.000     1.000     1.000     2.000     0.440
     2.000     3.000     1.000     3.000     0.000     0.610
     2.000     2.000     1.000     3.000     4.000     0.460
     2.000     0.000     0.000     1.000     3.000    -0.390
     2.000     0.000     0.000     1.000     1.000    -0.356
     1.000     1.000     0.000     2.000     2.000    -0.182
     2.000     1.000     0.000     1.000     3.000    -0.257
     1.000     2.000     0.000     1.000     1.000    -0.271
     1.000     3.000     3.000     1.000     4.000     0.445
     2.000     3.000     2.000     2.000     3.000     0.612
     3.000     1.000     2.000     1.000     2.000     0.407
     3.000     2.000     3.000     2.000     2.000     0.831
     2.000     1.000     1.000     1.000     2.000     0.037
     3.000     3.000     3.000     2.000     1.000     0.918
     3.000     0.000     0.000     0.000     2.000    -0.468
     1.000     1.000     1.000     1.000     0.000    -0.071
     2.000     2.000     1.000     2.000     3.000     0.316
     1.000     0.000     1.000     1.000     3.000    -0.253
     1.000     0.000     1.000     1.000     3.000    -0.253
     2.000     2.000     1.000     2.000     2.000     0.331
     2.000     2.000     1.000     1.000     3.000     0.122
     1.000     0.000     0.000     1.000     4.000    -0.570
     2.000     2.000     1.000     1.000     4.000     0.101
     2.000     1.000     1.000     1.000     1.000     0.055
     2.000     1.000     1.000     0.000     0.000    -0.148
     4.000     3.000     2.000     4.000     2.000     1.173
     3.000     2.000     2.000     3.000     1.000     0.838
     1.000     1.000     0.000     1.000     3.000    -0.408
     2.000     0.000     1.000     1.000     1.000    -0.070
     4.000     3.000     2.000     2.000     1.000     0.874
     2.000     1.000     1.000     1.000     3.000     0.022
     2.000     0.000     0.000     2.000     2.000    -0.161
     2.000     1.000     2.000     1.000     1.000     0.298
     0.000     1.000     0.000     1.000     2.000    -0.556
     1.000     0.000     1.000     1.000     2.000    -0.238
     0.000     2.000     0.000     1.000     4.000    -0.487
     1.000     3.000     0.000     1.000     0.000    -0.166
     2.000     2.000     4.000     2.000     3.000     0.867
     2.000     2.000     2.000     2.000     4.000     0.520
     0.000     1.000     2.000     1.000     1.000     0.014
     1.000     0.000     0.000     0.000     0.000    -0.765
     2.000     0.000     0.000     0.000     3.000    -0.653
     0.000     1.000     0.000     0.000     1.000    -0.817
     2.000     2.000     2.000     0.000     0.000     0.203
     2.000     2.000     2.000     2.000     2.000     0.552
     1.000     0.000     0.000     0.000     3.000    -0.834
     1.000     3.000     2.000     2.000     1.000     0.505
     2.000     1.000     1.000     2.000     2.000     0.234
     2.000     3.000     0.000     0.000     3.000    -0.301
     1.000     4.000     0.000     0.000     0.000    -0.313
     1.000     2.000     1.000     1.000     1.000     0.007
     1.000     1.000     2.000     2.000     2.000     0.325
     2.000     2.000     1.000     1.000     3.000     0.122
     0.000     1.000     0.000     0.000     4.000    -0.885
     3.000     3.000     1.000     1.000     0.000     0.391
     3.000     2.000     2.000     1.000     3.000     0.484
     1.000     1.000     1.000     3.000     1.000     0.272
     2.000     2.000     1.000     1.000     2.000     0.137
     3.000     2.000     2.000     2.000     2.000     0.671
     1.000     2.000     1.000     0.000     0.000    -0.196
     3.000     2.000     0.000     0.000     2.000    -0.225
     1.000     2.000     1.000     2.000     1.000     0.203
     2.000     1.000     1.000     1.000     4.000     0.002
     1.000     1.000     1.000     0.000     2.000    -0.339
     2.000     1.000     1.000     1.000     3.000     0.022
     0.000     0.000     0.000     2.000     4.000    -0.507
     0.000     0.000     0.000     0.000     4.000    -1.090
     1.000     3.000     1.000     1.000     2.000     0.071
     4.000     3.000     1.000     1.000     1.000     0.484
     2.000     1.000     1.000     0.000     1.000    -0.171
     0.000     0.000     0.000     0.000     3.000    -1.058
     3.000     1.000     1.000     1.000     1.000     0.191
     2.000     1.000     0.000     1.000     2.000    -0.242
     0.000     1.000     1.000     1.000     4.000    -0.301
     1.000     0.000     1.000     1.000     2.000    -0.238
     2.000     3.000     2.000     1.000     2.000     0.451
     0.000     1.000     1.000     1.000     1.000    -0.248
     3.000     0.000     0.000     1.000     1.000    -0.209
     2.000     1.000     2.000     3.000     2.000     0.617
     2.000     1.000     1.000     1.000     2.000     0.037
     4.000     4.000     1.000     1.000     2.000     0.558
     2.000     2.000     2.000     2.000     2.000     0.552
     2.000     1.000     2.000     1.000     1.000     0.298
     2.000     0.000     1.000     1.000     2.000    -0.088
     1.000     2.000     1.000     2.000     2.000     0.186
     2.000     2.000     2.000     2.000     2.000     0.552
     1.000     1.000     0.000     0.000     1.000    -0.627
     3.000     2.000     2.000     2.000     2.000     0.671
     1.000     1.000     1.000     0.000     1.000    -0.321
     1.000     2.000     0.000     1.000     1.000    -0.271
     3.000     2.000     2.000     3.000     2.000     0.822
     1.000     1.000     1.000     1.000     1.000    -0.093
     2.000     2.000     4.000     2.000     1.000     0.897
     1.000     0.000     0.000     2.000     3.000    -0.324
     2.000     3.000     2.000     2.000     2.000     0.626
     1.000     2.000     1.000     2.000     2.000     0.186
     1.000     2.000     1.000     1.000     2.000    -0.011
     2.000     1.000     1.000     2.000     3.000     0.219
     2.000     1.000     1.000     2.000     0.000     0.273
     1.000     0.000     0.000     0.000     0.000    -0.765
     0.000     0.000     0.000     0.000     1.000    -1.011
     2.000     2.000     2.000     2.000     2.000     0.552
     2.000     2.000     1.000     0.000     3.000    -0.102
     1.000     2.000     1.000     1.000     0.000     0.029
     2.000     4.000     0.000     0.000     4.000    -0.238
     1.000     1.000     1.000     1.000     3.000    -0.126
     2.000     0.000     1.000     1.000     0.000    -0.047
     1.000     1.000     1.000     1.000     2.000    -0.110
     3.000     3.000     0.000     0.000     3.000    -0.157
     0.000     0.000     0.000     0.000     2.000    -1.036
     4.000     2.000     2.000     1.000     2.000     0.610
     1.000     1.000     0.000     1.000     3.000    -0.408
     1.000     1.000     0.000     1.000     2.000    -0.392
     2.000     2.000     1.000     1.000     1.000     0.154
     0.000     0.000     0.000     0.000     4.000    -1.090
     2.000     2.000     2.000     0.000     3.000     0.152
     1.000     1.000     1.000     1.000     1.000    -0.093
     2.000     2.000     1.000     2.000     3.000     0.316
     2.000     1.000     1.000     1.000     3.000     0.022
     1.000     1.000     1.000     0.000     2.000    -0.339
     2.000     1.000     2.000     2.000     4.000     0.430
     2.000     0.000     0.000     0.000     4.000    -0.677
     1.000     1.000     1.000     1.000     1.000    -0.093
     1.000     2.000     0.000     0.000     0.000    -0.489
     2.000     0.000     2.000     2.000     3.000     0.338
