     0.000     1.000     1.000     1.000     2.000    -0.697
     2.000     1.000     2.000     1.000     1.000    -0.033
     0.000     0.000     1.000     2.000     1.000    -0.772
     0.000     1.000     1.000     1.000     4.000    -0.497
     1.000     1.000     1.000     1.000     2.000    -0.319
     2.000     1.000     2.000     1.000     2.000     0.056
     0.000     2.000     1.000     1.000     0.000    -0.745
     3.000     2.000     1.000     2.000     3.000     0.618
     0.000     0.000     2.000     4.000     4.000     0.000
     2.000     1.000     3.000     1.000     1.000     0.048
     1.000     1.000     1.000     2.000     2.000    -0.131
     2.000     2.000     3.000     1.000     2.000     0.270
     1.000     1.000     2.000     1.000     2.000    -0.222
     1.000     1.000     1.000     3.000     1.000    -0.054
     3.000     2.000     3.000     3.000     2.000     0.861
     3.000     3.000     2.000     3.000     3.000     0.981
     1.000     1.000     2.000     1.000     2.000    -0.222
     1.000     1.000     3.000     3.000     3.000     0.294
     0.000     1.000     1.000     0.000     4.000    -0.756
     0.000     1.000     3.000     3.000     0.000    -0.293
     1.000     1.000     1.000     1.000     1.000    -0.409
     1.000     1.000     2.000     2.000     2.000    -0.035
     1.000     1.000     0.000     1.000     3.000    -0.344
     1.000     1.000     2.000     1.000     1.000    -0.311
     0.000     0.000     0.000     0.000     0.000    -1.743
     1.000     1.000     1.000     3.000     2.000     0.035
     2.000     1.000     2.000     2.000     2.000     0.239
     0.000     1.000     4.000     1.000     2.000    -0.407
     1.000     1.000     2.000     1.000     3.000    -0.134
     1.000     0.000     1.000     2.000     2.000    -0.294
     2.000     2.000     1.000     1.000     2.000     0.096
     1.000     1.000     1.000     2.000     3.000    -0.044
     3.000     3.000     4.000     3.000     1.000     0.964
     1.000     2.000     2.000     2.000     0.000    -0.078
     1.000     0.000     1.000     1.000     2.000    -0.487
     1.000     1.000     1.000     1.000     2.000    -0.319
     0.000     1.000     1.000     1.000     1.000    -0.803
     2.000     3.000     3.000     1.000     4.000     0.559
     0.000     0.000     1.000     0.000     0.000    -1.518
     0.000     2.000     4.000     4.000     1.000     0.198
     3.000     1.000     1.000     1.000     2.000     0.226
     4.000     2.000     1.000     2.000     3.000     0.890
     4.000     0.000     1.000     4.000     4.000     1.050
     0.000     0.000     0.000     1.000     1.000    -1.184
     0.000     0.000     1.000     1.000     4.000    -0.693
     0.000     1.000     2.000     2.000     2.000    -0.368
     2.000     1.000     2.000     2.000     1.000     0.151
     0.000     1.000     1.000     1.000     3.000    -0.593
     1.000     4.000     1.000     3.000     2.000     0.411
     1.000     2.000     3.000     2.000     2.000     0.179
     3.000     3.000     3.000     3.000     2.000     0.975
     2.000     1.000     4.000     1.000     3.000     0.298
     2.000     2.000     1.000     2.000     3.000     0.362
     2.000     3.000     0.000     2.000     2.000     0.286
     4.000     3.000     1.000     2.000     2.000     0.924
     2.000     2.000     2.000     2.000     0.000     0.195
     2.000     3.000     0.000     4.000     4.000     0.800
     2.000     2.000     0.000     1.000     3.000     0.072
     3.000     1.000     1.000     3.000     2.000     0.565
     1.000     1.000     2.000     1.000     2.000    -0.222
     1.000     0.000     2.000     1.000     3.000    -0.299
     0.000     1.000     1.000     1.000     2.000    -0.697
     2.000     0.000     1.000     2.000     2.000    -0.016
     4.000     3.000     0.000     3.000     2.000     0.979
     2.000     1.000     2.000     2.000     3.000     0.325
     0.000     2.000     1.000     2.000     2.000    -0.323
     3.000     2.000     2.000     2.000     1.000     0.540
     0.000     4.000     1.000     4.000     0.000     0.099
     2.000     2.000     2.000     3.000     2.000     0.532
     0.000     0.000     1.000     1.000     1.000    -1.023
     0.000     0.000     3.000     0.000     3.000    -0.846
     4.000     3.000     1.000     4.000     2.000     1.305
     0.000     4.000     0.000     4.000     1.000     0.077
     1.000     0.000     2.000     2.000     0.000    -0.378
     0.000     3.000     1.000     0.000     2.000    -0.650
     2.000     1.000     2.000     3.000     1.000     0.313
     0.000     2.000     0.000     3.000     2.000    -0.263
     4.000     3.000     4.000     4.000     4.000     1.843
     4.000     4.000     4.000     0.000     4.000     1.095
     1.000     1.000     0.000     2.000     1.000    -0.331
     0.000     1.000     0.000     2.000     1.000    -0.706
     0.000     0.000     1.000     1.000     1.000    -1.023
     2.000     2.000     0.000     4.000     0.000     0.326
     1.000     3.000     2.000     1.000     3.000     0.119
     3.000     3.000     1.000     3.000     3.000     0.890
     1.000     1.000     2.000     2.000     1.000    -0.124
     1.000     1.000     1.000     2.000     1.000    -0.219
     2.000     3.000     3.000     3.000     1.000     0.637
     0.000     0.000     0.000     1.000     0.000    -1.327
     0.000     0.000     1.000     3.000     2.000    -0.472
     0.000     1.000     0.000     2.000     1.000    -0.706
     1.000     0.000     0.000     2.000     1.000    -0.497
     2.000     3.000     3.000     3.000     3.000     0.808
     1.000     1.000     1.000     1.000     2.000    -0.319
     1.000     1.000     1.000     2.000     2.000    -0.131
     1.000     2.000     2.000     2.000     2.000     0.100
     3.000     2.000     3.000     3.000     2.000     0.861
     0.000     1.000     2.000     1.000     4.000    -0.387
     2.000     2.000     2.000     1.000     3.000     0.276
     2.000     2.000     2.000     2.000     2.000     0.372
     0.000     2.000     2.000     0.000     3.000    -0.572
     2.000     4.000     0.000     4.000     2.000     0.757
     0.000     0.000     1.000     1.000     2.000    -0.907
     2.000     2.000     3.000     3.000     2.000     0.610
     0.000     1.000     1.000     1.000     1.000    -0.803
     1.000     2.000     2.000     1.000     1.000    -0.173
     0.000     1.000     1.000     0.000     2.000    -0.975
     0.000     1.000     0.000     0.000     0.000    -1.410
     2.000     1.000     3.000     3.000     2.000     0.480
     0.000     1.000     1.000     1.000     0.000    -0.920
     3.000     4.000     2.000     4.000     2.000     1.225
     2.000     0.000     0.000     3.000     2.000     0.039
     0.000     0.000     0.000     1.000     1.000    -1.184
     2.000     2.000     2.000     2.000     4.000     0.543
     0.000     2.000     2.000     1.000     2.000    -0.424
     3.000     1.000     1.000     1.000     1.000     0.138
     1.000     3.000     1.000     4.000     2.000     0.457
     0.000     0.000     0.000     0.000     1.000    -1.557
     0.000     0.000     0.000     0.000     2.000    -1.408
     2.000     2.000     3.000     1.000     3.000     0.355
     0.000     1.000     1.000     1.000     0.000    -0.920
     0.000     0.000     0.000     0.000     1.000    -1.557
     2.000     2.000     3.000     3.000     4.000     0.782
     1.000     1.000     1.000     1.000     1.000    -0.409
     2.000     0.000     3.000     1.000     1.000    -0.114
     4.000     4.000     3.000     4.000     4.000     1.937
     4.000     3.000     2.000     4.000     3.000     1.511
     0.000     1.000     1.000     1.000     1.000    -0.803
     0.000     1.000     1.000     1.000     0.000    -0.920
     0.000     2.000     1.000     2.000     2.000    -0.323
     0.000     1.000     1.000     3.000     2.000    -0.291
     1.000     1.000     1.000     2.000     2.000    -0.131
     3.000     4.000     1.000     3.000     3.000     1.022
     3.000     3.000     2.000     2.000     2.000     0.741
     3.000     1.000     2.000     3.000     4.000     0.829
     1.000     2.000     2.000     2.000     3.000     0.185
     2.000     2.000     2.000     2.000     3.000     0.456
     0.000     0.000     1.000     4.000     4.000    -0.102
     0.000     0.000     1.000     0.000     1.000    -1.356
     0.000     1.000     1.000     1.000     2.000    -0.697
     0.000     1.000     1.000     2.000     1.000    -0.575
     2.000     1.000     3.000     1.000     2.000     0.137
     2.000     2.000     2.000     2.000     2.000     0.372
     2.000     4.000     2.000     2.000     1.000     0.527
     3.000     2.000     2.000     3.000     3.000     0.867
     1.000     2.000     1.000     1.000     1.000    -0.270
     1.000     1.000     1.000     1.000     2.000    -0.319
     1.000     3.000     2.000     2.000     2.000     0.216
     0.000     2.000     2.000     2.000     2.000    -0.219
     0.000     1.000     0.000     1.000     1.000    -0.947
     2.000     0.000     2.000     2.000     1.000    -0.009
     2.000     1.000     1.000     2.000     3.000     0.230
     1.000     1.000     2.000     1.000     2.000    -0.222
     0.000     0.000     2.000     0.000     1.000    -1.203
     2.000     2.000     4.000     4.000     3.000     0.954
     3.000     2.000     3.000     1.000     4.000     0.699
     0.000     2.000     1.000     1.000     0.000    -0.745
     1.000     2.000     4.000     2.000     2.000     0.254
     1.000     3.000     0.000     1.000     3.000    -0.086
     0.000     0.000     0.000     0.000     4.000    -1.140
     2.000     2.000     3.000     3.000     1.000     0.522
     2.000     2.000     1.000     2.000     2.000     0.278
     4.000     4.000     4.000     2.000     2.000     1.343
     1.000     2.000     2.000     3.000     3.000     0.347
     2.000     2.000     2.000     2.000     3.000     0.456
     2.000     2.000     1.000     2.000     4.000     0.449
     3.000     1.000     2.000     2.000     3.000     0.582
     0.000     1.000     1.000     1.000     1.000    -0.803
     3.000     3.000     1.000     3.000     1.000     0.720
     1.000     2.000     1.000     1.000     3.000    -0.094
     1.000     0.000     1.000     4.000     4.000     0.217
     1.000     2.000     3.000     1.000     2.000    -0.004
     1.000     2.000     2.000     2.000     2.000     0.100
     2.000     2.000     1.000     3.000     2.000     0.439
     4.000     3.000     2.000     2.000     3.000     1.110
     2.000     2.000     2.000     2.000     2.000     0.372
     4.000     0.000     2.000     4.000     1.000     0.864
     4.000     4.000     3.000     4.000     4.000     1.937
     0.000     0.000     2.000     0.000     1.000    -1.203
     2.000     4.000     2.000     2.000     2.000     0.616
     0.000     3.000     1.000     1.000     0.000    -0.604
     1.000     1.000     2.000     1.000     2.000    -0.222
     0.000     1.000     2.000     1.000     3.000    -0.482
     0.000     1.000     1.000     2.000     3.000    -0.378
     3.000     1.000     2.000     1.000     4.000     0.491
     1.000     1.000     0.000     1.000     1.000    -0.522
     0.000     2.000     2.000     3.000     0.000    -0.233
     0.000     1.000     1.000     2.000     1.000    -0.575
     1.000     1.000     1.000     1.000     1.000    -0.409
     0.000     1.000     2.000     1.000     1.000    -0.686
     2.000     2.000     2.000     2.000     2.000     0.372
     0.000     0.000     0.000     0.000     3.000    -1.263
     0.000     1.000     4.000     3.000     3.000     0.065
     1.000     2.000     0.000     2.000     2.000    -0.105
     0.000     1.000     0.000     1.000     1.000    -0.947
     0.000     2.000     2.000     3.000     2.000    -0.045
     0.000     1.000     1.000     1.000     1.000    -0.803
     2.000     1.000     1.000     2.000     4.000     0.317
     1.000     1.000     1.000     2.000     3.000    -0.044
     1.000     1.000     1.000     1.000     2.000    -0.319
     1.000     0.000     1.000     2.000     1.000    -0.384
     3.000     4.000     3.000     2.000     2.000     0.949
     3.000     1.000     3.000     3.000     0.000     0.561
     3.000     4.000     2.000     3.000     3.000     1.114
     0.000     3.000     1.000     1.000     2.000    -0.400
     2.000     1.000     1.000     1.000     1.000    -0.129
     3.000     1.000     2.000     3.000     4.000     0.829
     3.000     3.000     3.000     2.000     4.000     0.989
     0.000     1.000     1.000     1.000     3.000    -0.593
     1.000     0.000     1.000     1.000     1.000    -0.577
     0.000     1.000     1.000     1.000     3.000    -0.593
     2.000     0.000     0.000     2.000     1.000    -0.215
     2.000     2.000     1.000     1.000     2.000     0.096
     0.000     2.000     0.000     2.000     1.000    -0.544
     0.000     4.000     0.000     3.000     1.000    -0.099
     0.000     1.000     1.000     0.000     2.000    -0.975
     2.000     1.000     2.000     2.000     3.000     0.325
     1.000     3.000     3.000     3.000     2.000     0.456
     2.000     2.000     2.000     2.000     1.000     0.283
     4.000     2.000     1.000     2.000     4.000     0.985
     1.000     0.000     1.000     1.000     0.000    -0.671
     1.000     1.000     2.000     1.000     0.000    -0.403
     3.000     3.000     2.000     2.000     2.000     0.741
     3.000     3.000     3.000     4.000     1.000     1.071
     3.000     3.000     3.000     3.000     1.000     0.887
     2.000     2.000     2.000     2.000     2.000     0.372
     0.000     3.000     2.000     2.000     3.000    -0.005
     1.000     0.000     2.000     2.000     2.000    -0.198
     3.000     1.000     2.000     2.000     3.000     0.582
     2.000     4.000     2.000     4.000     2.000     0.964
     4.000     3.000     2.000     4.000     3.000     1.511
     1.000     1.000     1.000     3.000     3.000     0.120
     1.000     1.000     1.000     3.000     3.000     0.120
     2.000     2.000     2.000     1.000     1.000     0.102
     0.000     1.000     2.000     1.000     2.000    -0.583
     1.000     1.000     2.000     1.000     1.000    -0.311
     0.000     0.000     1.000     0.000     1.000    -1.356
     1.000     1.000     1.000     2.000     2.000    -0.131
     3.000     2.000     2.000     2.000     3.000     0.710
     0.000     1.000     0.000     1.000     2.000    -0.836
     2.000     3.000     4.000     4.000     3.000     1.073
     2.000     2.000     3.000     3.000     2.000     0.610
     2.000     2.000     1.000     2.000     3.000     0.362
     2.000     2.000     0.000     1.000     2.000    -0.014
     0.000     3.000     1.000     2.000     0.000    -0.389
     1.000     2.000     1.000     1.000     2.000    -0.181
     0.000     1.000     1.000     2.000     2.000    -0.475
     4.000     3.000     2.000     4.000     4.000     1.630
     2.000     2.000     3.000     3.000     3.000     0.693
     4.000     3.000     4.000     3.000     2.000     1.364
     0.000     4.000     0.000     4.000     0.000    -0.017
     1.000     2.000     1.000     2.000     3.000     0.091
     2.000     1.000     1.000     3.000     3.000     0.393
     0.000     0.000     0.000     0.000     3.000    -1.263
     1.000     2.000     2.000     1.000     2.000    -0.085
     3.000     3.000     4.000     4.000     2.000     1.246
     0.000     1.000     0.000     1.000     0.000    -1.072
     4.000     4.000     3.000     4.000     4.000     1.937
     2.000     1.000     1.000     0.000     3.000    -0.171
     3.000     3.000     1.000     3.000     2.000     0.808
     2.000     2.000     2.000     2.000     2.000     0.372
     0.000     3.000     0.000     2.000     2.000    -0.315
     1.000     1.000     2.000     2.000     3.000     0.051
     2.000     2.000     1.000     2.000     2.000     0.278
     2.000     1.000     0.000     2.000     2.000     0.035
     4.000     3.000     2.000     3.000     3.000     1.281
     1.000     2.000     2.000     2.000     3.000     0.185
     2.000     2.000     2.000     2.000     2.000     0.372
     3.000     2.000     2.000     3.000     2.000     0.785
     3.000     1.000     2.000     2.000     4.000     0.669
     2.000     2.000     1.000     3.000     3.000     0.523
     0.000     1.000     1.000     1.000     2.000    -0.697
     1.000     3.000     1.000     2.000     3.000     0.207
     4.000     2.000     1.000     4.000     4.000     1.376
     3.000     3.000     3.000     4.000     3.000     1.247
     1.000     4.000     2.000     0.000     2.000    -0.059
     1.000     2.000     1.000     1.000     2.000    -0.181
     1.000     0.000     1.000     1.000     2.000    -0.487
     1.000     0.000     1.000     2.000     1.000    -0.384
     0.000     2.000     2.000     4.000     2.000     0.130
     3.000     2.000     1.000     2.000     2.000     0.535
     1.000     1.000     1.000     0.000     1.000    -0.630
     0.000     2.000     4.000     3.000     2.000     0.114
     2.000     3.000     2.000     2.000     1.000     0.399
     4.000     4.000     4.000     3.000     3.000     1.625
     4.000     2.000     2.000     3.000     4.000     1.256
     2.000     1.000     2.000     1.000     3.000     0.143
     1.000     1.000     2.000     2.000     2.000    -0.035
     1.000     1.000     1.000     1.000     2.000    -0.319
     0.000     0.000     3.000     1.000     1.000    -0.790
     1.000     3.000     0.000     0.000     0.000    -0.575
     2.000     3.000     3.000     3.000     4.000     0.897
     1.000     0.000     3.000     3.000     2.000     0.049
     2.000     1.000     2.000     2.000     2.000     0.239
     2.000     2.000     2.000     1.000     2.000     0.191
     1.000     2.000     2.000     0.000     3.000    -0.215
     0.000     0.000     0.000     0.000     2.000    -1.408
     1.000     2.000     2.000     3.000     3.000     0.347
     1.000     1.000     1.000     0.000     2.000    -0.540
     0.000     1.000     0.000     2.000     1.000    -0.706
     0.000     1.000     1.000     1.000     2.000    -0.697
     1.000     0.000     2.000     3.000     2.000    -0.031
     0.000     4.000     4.000     0.000     2.000    -0.228
     0.000     1.000     0.000     0.000     2.000    -1.133
     0.000     1.000     1.000     0.000     2.000    -0.975
     0.000     0.000     1.000     0.000     1.000    -1.356
     0.000     0.000     1.000     0.000     0.000    -1.518
     0.000     1.000     0.000     1.000     2.000    -0.836
     2.000     0.000     2.000     3.000     3.000     0.328
     0.000     0.000     1.000     0.000     2.000    -1.221
     0.000     2.000     1.000     0.000     2.000    -0.793
     1.000     1.000     1.000     2.000     2.000    -0.131
     0.000     2.000     1.000     1.000     1.000    -0.635
     1.000     1.000     4.000     1.000     2.000    -0.066
     1.000     2.000     1.000     1.000     2.000    -0.181
     0.000     1.000     1.000     1.000     1.000    -0.803
     0.000     2.000     2.000     2.000     1.000    -0.314
     1.000     2.000     1.000     2.000     2.000     0.005
     0.000     0.000     1.000     1.000     2.000    -0.907
     2.000     1.000     1.000     2.000     2.000     0.145
     1.000     2.000     1.000     2.000     1.000    -0.083
     1.000     3.000     2.000     2.000     1.000     0.128
     0.000     0.000     2.000     0.000     2.000    -1.077
     1.000     2.000     1.000     3.000     2.000     0.168
     1.000     2.000     1.000     1.000     2.000    -0.181
     0.000     1.000     1.000     1.000     2.000    -0.697
     0.000     3.000     0.000     2.000     2.000    -0.315
     0.000     1.000     1.000     1.000     2.000    -0.697
     0.000     1.000     2.000     2.000     1.000    -0.465
     1.000     3.000     2.000     4.000     3.000     0.637
     4.000     0.000     1.000     4.000     3.000     0.950
     2.000     1.000     1.000     2.000     2.000     0.145
     1.000     2.000     1.000     2.000     3.000     0.091
     4.000     3.000     2.000     3.000     3.000     1.281
     2.000     2.000     2.000     3.000     2.000     0.532
     0.000     2.000     2.000     1.000     0.000    -0.629
     3.000     3.000     0.000     2.000     1.000     0.456
     3.000     3.000     3.000     2.000     2.000     0.818
     0.000     0.000     2.000     0.000     1.000    -1.203
     2.000     1.000     0.000     1.000     1.000    -0.240
     4.000     2.000     2.000     4.000     4.000     1.487
     1.000     1.000     1.000     1.000     2.000    -0.319
     3.000     1.000     3.000     3.000     3.000     0.817
     3.000     3.000     0.000     2.000     3.000     0.626
     3.000     1.000     4.000     3.000     3.000     0.894
     0.000     1.000     1.000     0.000     2.000    -0.975
     4.000     3.000     0.000     3.000     4.000     1.165
     3.000     2.000     0.000     1.000     1.000     0.162
     2.000     2.000     1.000     2.000     2.000     0.278
     3.000     3.000     2.000     3.000     2.000     0.899
     1.000     0.000     0.000     1.000     0.000    -0.789
     0.000     0.000     2.000     1.000     2.000    -0.784
     4.000     1.000     1.000     1.000     2.000     0.487
     2.000     2.000     1.000     4.000     2.000     0.615
     1.000     1.000     2.000     1.000     1.000    -0.311
     2.000     1.000     2.000     2.000     3.000     0.325
     2.000     2.000     2.000     2.000     3.000     0.456
     1.000     2.000     0.000     0.000     3.000    -0.424
     2.000     1.000     1.000     1.000     2.000    -0.040
     1.000     1.000     0.000     0.000     3.000    -0.565
     1.000     1.000     1.000     2.000     2.000    -0.131
