     3.000     1.000     1.000     0.310
     1.000     2.000     1.000    -0.272
     1.000     1.000     3.000     0.119
     3.000     0.000     1.000     0.219
     2.000     2.000     1.000     0.067
     2.000     1.000     1.000    -0.016
     2.000     1.000     1.000    -0.016
     3.000     1.000     0.000     0.015
     2.000     0.000     3.000     0.368
     1.000     1.000     0.000    -0.669
     3.000     1.000     1.000     0.310
     2.000     1.000     1.000    -0.016
     3.000     2.000     2.000     0.628
     2.000     1.000     1.000    -0.016
     2.000     2.000     2.000     0.319
     2.000     1.000     1.000    -0.016
     1.000     2.000     2.000    -0.015
     4.000     3.000     3.000     1.247
     2.000     1.000     1.000    -0.016
     4.000     1.000     0.000     0.306
     3.000     3.000     1.000     0.458
     2.000     4.000     1.000     0.201
     0.000     1.000     0.000    -1.062
     2.000     2.000     1.000     0.067
     0.000     0.000     0.000    -1.178
     2.000     1.000     1.000    -0.016
     2.000     1.000     0.000    -0.326
     3.000     0.000     1.000     0.219
     2.000     0.000     0.000    -0.424
     1.000     1.000     0.000    -0.669
     1.000     2.000     1.000    -0.272
     2.000     1.000     1.000    -0.016
     3.000     1.000     3.000     0.766
     4.000     1.000     3.000     1.089
     1.000     1.000     1.000    -0.354
     2.000     3.000     1.000     0.137
     1.000     1.000     2.000    -0.095
     2.000     2.000     2.000     0.319
     0.000     4.000     0.000    -0.820
     4.000     2.000     4.000     1.476
     2.000     1.000     1.000    -0.016
     2.000     0.000     1.000    -0.111
     4.000     3.000     2.000     1.006
     3.000     3.000     1.000     0.458
     2.000     1.000     0.000    -0.326
     1.000     2.000     2.000    -0.015
     2.000     2.000     1.000     0.067
     4.000     2.000     1.000     0.693
     4.000     4.000     2.000     1.074
     1.000     1.000     1.000    -0.354
     4.000     2.000     1.000     0.693
     1.000     0.000     1.000    -0.449
     2.000     1.000     1.000    -0.016
     2.000     2.000     3.000     0.541
     2.000     4.000     0.000    -0.106
     4.000     4.000     2.000     1.074
     3.000     1.000     0.000     0.015
     2.000     0.000     3.000     0.368
     2.000     2.000     3.000     0.541
     3.000     0.000     3.000     0.678
     1.000     0.000     0.000    -0.769
     1.000     1.000     0.000    -0.669
     2.000     2.000     0.000    -0.241
     2.000     3.000     4.000     0.883
     4.000     4.000     1.000     0.830
     2.000     2.000     1.000     0.067
     0.000     1.000     0.000    -1.062
     3.000     2.000     3.000     0.846
     1.000     2.000     1.000    -0.272
     2.000     1.000     1.000    -0.016
     2.000     0.000     0.000    -0.424
     1.000     2.000     1.000    -0.272
     2.000     0.000     1.000    -0.111
     1.000     0.000     1.000    -0.449
     1.000     2.000     2.000    -0.015
     1.000     1.000     1.000    -0.354
     1.000     2.000     1.000    -0.272
     2.000     1.000     1.000    -0.016
     0.000     0.000     0.000    -1.178
     1.000     1.000     0.000    -0.669
     2.000     2.000     2.000     0.319
     1.000     1.000     2.000    -0.095
     2.000     1.000     2.000     0.238
     2.000     0.000     2.000     0.146
     3.000     2.000     2.000     0.628
     2.000     1.000     1.000    -0.016
     2.000     0.000     1.000    -0.111
     4.000     2.000     3.000     1.176
     0.000     1.000     1.000    -0.706
     2.000     0.000     0.000    -0.424
     2.000     2.000     1.000     0.067
     4.000     1.000     2.000     0.853
     2.000     2.000     3.000     0.541
     3.000     2.000     1.000     0.390
     1.000     1.000     1.000    -0.354
     2.000     2.000     2.000     0.319
     2.000     1.000     2.000     0.238
     0.000     1.000     0.000    -1.062
     2.000     1.000     1.000    -0.016
     1.000     2.000     1.000    -0.272
     1.000     2.000     0.000    -0.584
     1.000     0.000     2.000    -0.186
     1.000     0.000     1.000    -0.449
     1.000     1.000     3.000     0.119
     2.000     2.000     1.000     0.067
     1.000     2.000     2.000    -0.015
     2.000     2.000     1.000     0.067
     1.000     2.000     0.000    -0.584
     2.000     2.000     0.000    -0.241
     1.000     3.000     0.000    -0.511
     2.000     2.000     3.000     0.541
     2.000     0.000     0.000    -0.424
     2.000     2.000     2.000     0.319
     1.000     2.000     2.000    -0.015
     0.000     2.000     0.000    -0.967
     2.000     2.000     1.000     0.067
     2.000     4.000     2.000     0.450
     1.000     0.000     0.000    -0.769
     0.000     0.000     0.000    -1.178
     4.000     3.000     0.000     0.458
     2.000     1.000     0.000    -0.326
     0.000     0.000     0.000    -1.178
     4.000     1.000     3.000     1.089
     2.000     2.000     1.000     0.067
     3.000     2.000     1.000     0.390
     2.000     0.000     3.000     0.368
     3.000     2.000     3.000     0.846
     1.000     2.000     0.000    -0.584
     1.000     2.000     1.000    -0.272
     2.000     3.000     1.000     0.137
     0.000     1.000     0.000    -1.062
     2.000     3.000     2.000     0.388
     4.000     3.000     3.000     1.247
     3.000     2.000     3.000     0.846
     1.000     0.000     1.000    -0.449
     3.000     1.000     2.000     0.549
     2.000     2.000     2.000     0.319
     3.000     2.000     1.000     0.390
     1.000     2.000     0.000    -0.584
     1.000     2.000     1.000    -0.272
     3.000     2.000     0.000     0.096
     2.000     1.000     1.000    -0.016
     2.000     1.000     1.000    -0.016
     1.000     3.000     4.000     0.535
     3.000     2.000     2.000     0.628
     2.000     1.000     1.000    -0.016
     1.000     0.000     1.000    -0.449
     3.000     3.000     3.000     0.912
     3.000     2.000     2.000     0.628
     2.000     1.000     1.000    -0.016
     2.000     1.000     2.000     0.238
     2.000     1.000     1.000    -0.016
     2.000     1.000     0.000    -0.326
     0.000     1.000     0.000    -1.062
     2.000     4.000     2.000     0.450
     4.000     2.000     1.000     0.693
     2.000     3.000     1.000     0.137
     2.000     2.000     2.000     0.319
     1.000     1.000     0.000    -0.669
     1.000     0.000     0.000    -0.769
     3.000     2.000     2.000     0.628
     2.000     2.000     2.000     0.319
     3.000     3.000     3.000     0.912
     2.000     2.000     1.000     0.067
     2.000     1.000     0.000    -0.326
     2.000     0.000     1.000    -0.111
     3.000     3.000     2.000     0.693
     1.000     2.000     1.000    -0.272
     0.000     2.000     2.000    -0.347
     1.000     2.000     1.000    -0.272
     4.000     4.000     0.000     0.522
     2.000     3.000     1.000     0.137
     1.000     2.000     1.000    -0.272
     1.000     3.000     0.000    -0.511
     2.000     1.000     2.000     0.238
     1.000     3.000     0.000    -0.511
     0.000     0.000     2.000    -0.524
     3.000     4.000     3.000     0.975
     0.000     2.000     0.000    -0.967
     2.000     4.000     1.000     0.201
     3.000     0.000     3.000     0.678
     3.000     1.000     1.000     0.310
     1.000     2.000     1.000    -0.272
     1.000     1.000     0.000    -0.669
     3.000     2.000     1.000     0.390
     1.000     1.000     1.000    -0.354
     4.000     4.000     2.000     1.074
     2.000     1.000     2.000     0.238
     1.000     1.000     1.000    -0.354
     2.000     1.000     1.000    -0.016
     1.000     1.000     1.000    -0.354
     0.000     0.000     0.000    -1.178
     3.000     1.000     3.000     0.766
     2.000     2.000     2.000     0.319
     3.000     0.000     0.000    -0.077
     2.000     1.000     2.000     0.238
     1.000     1.000     1.000    -0.354
     4.000     2.000     3.000     1.176
     1.000     1.000     0.000    -0.669
     3.000     2.000     0.000     0.096
     2.000     1.000     1.000    -0.016
     2.000     3.000     3.000     0.610
     2.000     1.000     1.000    -0.016
     3.000     2.000     2.000     0.628
     0.000     2.000     1.000    -0.620
     1.000     1.000     0.000    -0.669
     2.000     1.000     2.000     0.238
     2.000     2.000     1.000     0.067
     1.000     2.000     1.000    -0.272
     2.000     0.000     0.000    -0.424
     0.000     1.000     1.000    -0.706
     0.000     0.000     0.000    -1.178
     1.000     2.000     1.000    -0.272
     1.000     0.000     0.000    -0.769
     3.000     1.000     4.000     1.033
     1.000     2.000     0.000    -0.584
     2.000     1.000     1.000    -0.016
     1.000     3.000     3.000     0.267
     3.000     1.000     1.000     0.310
     4.000     0.000     3.000     0.995
     1.000     2.000     1.000    -0.272
     2.000     1.000     1.000    -0.016
     1.000     2.000     1.000    -0.272
     1.000     3.000     0.000    -0.511
     3.000     4.000     2.000     0.755
     4.000     0.000     2.000     0.761
     3.000     4.000     0.000     0.226
     0.000     1.000     1.000    -0.706
     2.000     1.000     1.000    -0.016
     0.000     0.000     0.000    -1.178
     2.000     2.000     2.000     0.319
     2.000     0.000     1.000    -0.111
     2.000     2.000     1.000     0.067
     3.000     1.000     1.000     0.310
     3.000     1.000     1.000     0.310
     3.000     2.000     1.000     0.390
     1.000     1.000     1.000    -0.354
     2.000     1.000     1.000    -0.016
     4.000     1.000     2.000     0.853
     0.000     0.000     1.000    -0.807
     3.000     0.000     2.000     0.461
     4.000     1.000     2.000     0.853
     3.000     1.000     2.000     0.549
     2.000     1.000     1.000    -0.016
     1.000     3.000     1.000    -0.202
     3.000     1.000     1.000     0.310
     1.000     2.000     1.000    -0.272
     3.000     0.000     4.000     0.945
     3.000     2.000     2.000     0.628
     4.000     2.000     3.000     1.176
     4.000     1.000     0.000     0.306
     3.000     1.000     1.000     0.310
     2.000     2.000     1.000     0.067
     0.000     2.000     0.000    -0.967
     2.000     2.000     0.000    -0.241
     3.000     2.000     2.000     0.628
     2.000     2.000     1.000     0.067
     1.000     1.000     2.000    -0.095
     3.000     1.000     2.000     0.549
     2.000     3.000     2.000     0.388
     0.000     1.000     1.000    -0.706
     2.000     1.000     1.000    -0.016
     2.000     1.000     2.000     0.238
     2.000     0.000     2.000     0.146
     2.000     0.000     1.000    -0.111
     4.000     1.000     1.000     0.609
     1.000     2.000     1.000    -0.272
     2.000     0.000     2.000     0.146
     3.000     3.000     2.000     0.693
     4.000     0.000     1.000     0.516
     2.000     0.000     1.000    -0.111
     2.000     3.000     2.000     0.388
     3.000     1.000     2.000     0.549
     1.000     0.000     2.000    -0.186
     3.000     2.000     3.000     0.846
     4.000     4.000     3.000     1.319
     1.000     1.000     0.000    -0.669
     0.000     2.000     0.000    -0.967
     0.000     0.000     0.000    -1.178
     1.000     0.000     1.000    -0.449
     2.000     2.000     2.000     0.319
     0.000     1.000     0.000    -1.062
     1.000     2.000     1.000    -0.272
     1.000     1.000     2.000    -0.095
     1.000     1.000     1.000    -0.354
     2.000     2.000     3.000     0.541
     2.000     1.000     1.000    -0.016
     3.000     4.000     2.000     0.755
     2.000     2.000     1.000     0.067
     2.000     1.000     0.000    -0.326
     0.000     2.000     0.000    -0.967
     2.000     3.000     1.000     0.137
     2.000     1.000     3.000     0.459
     2.000     1.000     1.000    -0.016
     2.000     1.000     1.000    -0.016
     2.000     0.000     1.000    -0.111
     0.000     1.000     2.000    -0.429
     1.000     1.000     1.000    -0.354
     0.000     3.000     1.000    -0.547
     2.000     2.000     2.000     0.319
     1.000     1.000     1.000    -0.354
     2.000     2.000     0.000    -0.241
     0.000     0.000     0.000    -1.178
     2.000     2.000     1.000     0.067
     3.000     4.000     1.000     0.520
     2.000     1.000     1.000    -0.016
     0.000     2.000     0.000    -0.967
     3.000     1.000     1.000     0.310
     1.000     1.000     1.000    -0.354
     0.000     3.000     3.000    -0.061
     1.000     3.000     1.000    -0.202
     2.000     2.000     2.000     0.319
     1.000     2.000     1.000    -0.272
     1.000     2.000     1.000    -0.272
     2.000     2.000     1.000     0.067
     2.000     2.000     1.000     0.067
     2.000     1.000     2.000     0.238
     2.000     2.000     2.000     0.319
     2.000     2.000     0.000    -0.241
     0.000     0.000     0.000    -1.178
     1.000     3.000     1.000    -0.202
     2.000     3.000     2.000     0.388
     0.000     2.000     1.000    -0.620
     1.000     2.000     2.000    -0.015
     1.000     2.000     1.000    -0.272
     2.000     2.000     0.000    -0.241
     2.000     2.000     2.000     0.319
     1.000     1.000     1.000    -0.354
     1.000     4.000     1.000    -0.141
     2.000     0.000     3.000     0.368
     2.000     1.000     2.000     0.238
     2.000     2.000     1.000     0.067
     1.000     1.000     2.000    -0.095
     2.000     1.000     2.000     0.238
     3.000     1.000     3.000     0.766
     0.000     0.000     0.000    -1.178
     2.000     0.000     0.000    -0.424
     3.000     1.000     3.000     0.766
     1.000     1.000     1.000    -0.354
     1.000     1.000     1.000    -0.354
     1.000     2.000     1.000    -0.272
     1.000     2.000     1.000    -0.272
     0.000     0.000     2.000    -0.524
     3.000     1.000     2.000     0.549
     2.000     2.000     3.000     0.541
     1.000     2.000     0.000    -0.584
     2.000     1.000     1.000    -0.016
     2.000     2.000     0.000    -0.241
     1.000     1.000     1.000    -0.354
     2.000     1.000     1.000    -0.016
     0.000     1.000     0.000    -1.062
     2.000     1.000     0.000    -0.326
     3.000     1.000     1.000     0.310
     2.000     1.000     1.000    -0.016
     1.000     1.000     1.000    -0.354
     1.000     1.000     2.000    -0.095
     3.000     1.000     2.000     0.549
     2.000     0.000     0.000    -0.424
     0.000     2.000     1.000    -0.620
     0.000     2.000     1.000    -0.620
     1.000     2.000     0.000    -0.584
