10010003	4	2	3	1	4	1	3	2	3	2	5	2	3	1	2	1	4	1	3	1	4	1	4	2	5	3	3	3	2	5	1	5	1	4	2	4	2	4	1	3	1	2	1	3	2	4	1	4	2	2	2	4	4	3	3	4	3	3	3	2	2	3	2	3	1	4	2	4	2	3	2	3	2	2	2	4	2	5	2	3	2	2	4	4	4	5	4	2	3	5	2	5	3	5	3	4	2	4	4	2	4	3	4	2	4	4	5	2	4	2	4	4	4
10010006	5	4	5	5	5	5	4	2	4	4	2	3	4	5	4	2	5	5	2	5	4	3	4	2	5	4	4	3	5	4	3	5	1	5	4	3	1	1	3	4	3	5	5	1	4	3	1	4	4	4	5	4	2	4	3	3	4	4	4	1	3	3	1	5	3	5	3	4	5	3	2	3	5	4	1	5	5	4	3	5	1	4	5	1	5	4	5	5	5	5	1	4	5	5	4	5	2	5	2	1	5	5	1	2	2	1	2	4	5	2	3	2	4
10010013	5	3	5	2	5	2	4	1	5	3	3	1	4	1	1	1	4	1	4	2	5	5	3	3	4	4	3	5	2	5	3	5	2	5	3	2	2	5	3	4	2	4	3	5	2	3	2	4	4	3	5	5	1	5	2	5	5	5	5	3	3	1	5	4	2	5	4	5	5	4	1	5	3	4	3	4	3	4	2	3	3	2	5	5	2	4	4	5	4	5	2	4	2	5	4	4	3	5	2	4	4	2	2	3	4	3	5	2	3	2	2	5	4
10010015	5	2	4	3	5	4	4	1	1	2	3	4	5	3	3	1	3	3	5	1	5	1	4	2	5	4	4	5	1	4	2	5	3	5	2	3	3	4	1	5	1	4	1	1	2	5	1	5	4	2	2	3	3	3	4	5	5	5	5	4	2	3	2	4	1	5	1	5	2	5	1	1	3	4	1	5	1	5	2	3	1	1	5	5	3	5	4	2	5	5	1	4	2	5	1	5	1	5	5	2	4	2	3	3	4	5	5	1	4	1	4	2	2
10010016	3	1	5	2	5	3	5	2	2	3	3	2	3	4	5	2	2	2	3	3	3	4	2	2	5	5	3	3	3	5	2	5	3	2	3	4	3	2	2	3	4	4	4	2	2	2	4	2	4	3	2	4	4	5	2	4	5	3	3	2	2	4	1	5	2	4	2	5	5	3	2	2	3	3	2	4	2	4	2	3	2	3	4	3	2	3	3	4	4	5	3	5	2	3	4	5	3	4	3	3	5	3	4	3	2	3	5	3	4	2	4	3	4
10010017	4	4	3	4	4	2	4	3	2	4	2	4	3	5	3	4	3	1	2	3	5	3	3	4	3	3	3	4	5	4	2	3	3	5	2	2	2	3	4	3	2	3	3	4	3	2	2	4	4	4	3	2	4	3	2	4	3	5	3	2	4	4	2	4	4	4	2	4	4	2	2	4	4	2	4	4	4	4	4	2	4	2	4	4	2	4	2	4	4	4	2	2	2	4	4	4	2	4	4	2	3	4	2	4	4	2	4	4	4	2	2	3	4
10010019	3	2	3	5	4	4	3	3	4	3	3	2	4	2	2	3	2	2	3	4	3	4	3	2	4	3	2	3	2	4	2	3	4	3	3	2	3	3	3	4	2	4	2	2	2	3	2	3	4	4	3	3	2	4	2	3	2	3	2	4	4	4	2	3	4	3	4	4	4	3	3	2	4	3	4	4	3	3	3	4	3	3	3	3	4	3	3	4	3	4	3	4	2	3	3	3	3	3	3	2	3	4	3	3	4	3	3	2	3	2	2	4	3
10010022	3	2	4	4	4	3	4	2	3	3	4	3	4	2	3	2	4	2	3	2	4	2	4	3	4	4	4	4	3	4	2	4	2	4	3	2	2	4	2	4	2	4	1	4	1	4	2	3	3	3	2	4	2	4	3	3	3	3	4	2	4	3	2	3	2	4	2	5	3	3	3	2	4	3	2	5	3	4	3	4	3	4	4	3	2	3	3	4	4	4	2	5	4	3	3	3	2	4	2	1	4	2	4	2	5	3	4	1	4	3	3	4	4
10010025	3	2	4	2	3	3	3	2	2	2	4	4	5	2	3	2	3	1	4	1	4	1	3	2	5	4	3	3	3	4	3	4	3	4	2	4	3	3	1	4	2	3	2	2	1	4	2	5	3	2	2	3	5	3	4	3	4	5	4	3	2	5	3	2	2	4	2	5	2	4	2	2	3	4	2	4	2	4	2	2	2	2	4	3	2	4	3	1	4	4	1	3	2	4	2	4	2	4	4	1	3	2	3	2	4	5	4	1	3	2	3	3	3
10010026	4	3	1	5	3	3	2	5	3	5	4	3	3	3	3	3	1	1	2	3	3	3	3	3	3	2	2	4	2	4	1	3	3	3	2	2	5	4	2	3	1	4	2	3	5	2	3	3	5	5	3	3	3	4	2	3	2	4	3	5	3	2	2	3	4	2	2	3	3	4	4	5	5	3	4	4	4	3	3	4	4	4	3	2	3	2	3	5	4	3	3	5	2	3	3	4	2	2	2	2	2	3	1	3	3	2	3	3	3	1	2	3	5
10010030	3	2	4	3	4	4	4	2	2	2	4	3	4	2	3	2	3	3	4	2	4	2	3	2	4	4	3	4	1	4	4	4	3	4	2	3	2	3	2	4	2	3	2	3	2	4	1	4	3	3	2	3	3	4	2	4	4	4	4	5	3	3	3	3	2	4	2	4	3	4	2	4	3	3	2	4	3	4	2	2	2	2	4	3	2	4	4	3	4	5	2	4	2	4	2	3	2	4	4	2	4	3	2	3	3	3	4	2	2	2	4	3	3
10010035	5	3	3	5	3	2	4	2	3	4	3	2	3	3	3	2	3	3	3	3	4	3	3	3	3	4	3	2	2	4	3	3	3	4	2	3	3	3	3	5	4	4	2	2	2	3	2	3	3	4	3	3	1	4	2	3	4	4	4	4	4	2	3	3	3	4	3	5	3	3	3	2	4	3	2	3	3	3	3	3	3	3	3	3	3	3	3	3	4	3	3	4	2	3	4	3	3	3	3	2	3	3	2	3	5	3	2	3	5	3	2	3	3
10010036	3	2	3	3	3	3	3	2	3	3	3	3	4	2	3	2	3	2	3	2	3	1	3	3	4	3	4	4	4	4	3	4	3	4	1	3	2	4	1	4	2	3	3	3	4	4	2	3	3	3	4	3	1	4	3	4	3	4	5	3	2	3	3	3	2	3	1	5	3	3	2	5	3	3	2	4	3	3	3	3	2	2	4	3	2	4	3	4	4	4	3	3	2	3	3	3	2	4	4	1	3	3	3	2	3	4	5	3	3	3	3	2	4
10010037	3	3	3	4	3	2	2	3	2	3	3	2	4	3	3	2	3	3	2	4	3	2	3	4	4	3	4	3	2	2	3	3	3	4	3	2	4	3	2	3	2	3	3	2	2	3	3	2	4	3	3	2	3	3	2	3	3	3	4	2	3	2	4	3	3	2	3	4	2	5	4	2	4	3	2	4	3	4	3	3	3	2	3	2	2	3	3	3	2	3	3	4	3	2	2	2	3	3	3	3	3	3	3	5	3	3	3	3	2	3	2	2	2
10010039	2	3	3	5	4	2	4	2	4	5	3	4	3	3	5	3	3	3	2	5	5	5	4	2	3	3	4	4	1	4	2	4	3	5	2	4	3	3	1	4	5	4	2	4	3	4	2	3	2	4	2	4	2	4	2	4	4	2	3	1	4	3	2	3	5	3	2	3	2	4	4	4	3	4	2	4	4	2	4	4	2	4	3	2	2	4	3	4	4	3	4	2	2	4	4	3	4	3	3	4	2	4	2	4	4	4	4	2	3	4	3	2	4
10010040	4	3	4	4	4	1	3	2	3	2	3	2	4	2	4	1	3	2	3	5	4	4	4	4	5	4	3	4	2	4	1	3	2	4	2	4	4	3	2	4	2	5	3	4	4	5	2	4	3	2	3	3	3	4	4	4	4	4	4	2	5	3	3	4	2	4	2	5	3	5	3	4	4	3	2	4	4	4	4	4	2	4	4	3	4	4	4	5	4	4	2	4	4	3	4	4	5	5	4	2	3	2	3	5	4	3	3	4	4	2	4	3	4
10010042	4	3	4	3	4	2	4	2	4	2	3	1	4	1	4	2	4	2	3	2	4	2	4	2	4	4	3	4	3	4	1	4	2	3	3	4	2	3	2	4	2	5	2	4	2	4	2	4	2	2	2	3	2	4	3	4	4	5	3	3	2	4	2	4	2	4	1	5	5	4	3	4	3	3	2	4	1	4	4	4	3	2	4	3	4	4	4	4	5	5	3	5	3	4	4	3	3	4	3	3	4	2	4	4	3	4	1	2	4	3	3	4	5
10010044	4	2	5	2	4	2	5	1	3	3	4	1	5	1	4	1	5	2	4	2	4	2	4	2	5	4	4	5	2	5	3	5	2	4	2	4	3	4	2	5	4	4	2	5	2	4	2	4	3	3	2	5	2	5	3	4	5	4	4	4	2	4	4	4	3	4	1	5	4	4	2	3	3	4	2	4	2	4	2	5	2	1	4	4	4	4	5	3	3	5	2	4	3	3	2	5	3	5	4	2	3	1	2	3	5	3	4	1	4	2	3	3	3
10010045	1	3	4	5	3	5	3	2	2	5	2	3	4	4	3	3	2	3	1	2	2	5	2	4	3	2	3	3	4	2	3	3	3	3	4	1	2	2	4	3	5	3	1	3	3	4	3	1	3	4	3	3	3	3	2	2	3	1	3	3	4	3	3	4	5	1	2	2	4	3	3	1	5	2	2	2	4	3	5	2	3	3	3	2	2	2	3	5	3	4	5	4	3	2	5	2	5	4	1	3	3	4	3	5	2	1	4	3	3	4	2	1	3
10010046	3	2	5	3	4	4	5	2	3	2	4	2	5	1	3	2	4	2	4	1	3	1	3	2	5	5	2	5	1	5	1	4	1	5	3	5	2	4	1	4	3	5	1	3	2	5	1	3	2	2	1	4	1	3	4	3	4	3	2	4	1	5	2	4	4	5	1	2	3	4	1	1	3	3	1	4	1	5	2	4	1	2	5	3	2	4	5	3	4	5	3	4	2	5	3	3	2	5	4	4	5	2	3	4	2	3	3	2	5	2	5	1	4
10010048	4	2	4	3	3	3	4	2	2	2	3	2	4	2	3	2	3	2	3	2	3	2	3	3	4	4	4	4	1	4	2	4	2	4	3	4	2	4	2	4	4	4	3	3	2	2	2	3	3	2	3	4	3	3	3	3	4	4	5	3	3	3	2	3	2	4	4	4	4	4	2	4	3	4	3	4	3	4	2	4	2	2	3	4	4	2	4	4	4	4	2	2	2	4	1	3	2	4	3	3	3	2	3	3	3	3	4	2	3	3	4	1	3
10010049	4	3	4	3	4	4	4	2	4	2	3	3	4	2	4	2	4	3	4	2	4	1	3	2	4	4	3	4	1	4	2	4	3	4	3	4	2	3	2	4	4	3	2	4	2	4	2	4	2	2	3	4	2	4	4	4	4	4	4	3	2	3	2	4	2	4	2	4	3	4	2	3	3	4	2	4	2	4	2	2	2	2	4	3	3	4	3	2	4	4	2	4	2	4	3	4	2	4	4	3	4	2	4	2	2	4	3	2	4	2	4	3	4
10010051	4	3	1	2	4	3	4	1	3	2	4	2	5	1	3	2	4	4	4	2	4	1	3	2	5	4	3	4	1	4	3	3	3	4	3	2	3	3	2	3	4	4	2	3	3	3	3	3	3	2	2	4	2	4	3	4	4	4	3	3	3	3	2	3	3	4	3	4	2	4	2	3	3	4	3	4	2	4	4	3	3	2	3	3	3	4	3	3	4	4	3	5	2	3	3	4	1	4	5	2	4	3	3	1	4	4	3	2	3	3	3	5	3
10010052	4	2	4	3	4	4	4	2	3	2	3	4	4	2	4	2	5	1	3	2	4	2	3	2	4	4	4	4	3	4	3	3	3	5	3	4	2	3	2	3	3	3	2	4	4	2	2	4	3	2	3	3	2	4	3	4	5	5	4	2	3	4	3	5	1	4	1	5	4	4	2	1	3	3	2	4	2	4	3	3	2	2	4	3	2	3	4	3	4	5	2	5	3	4	3	4	2	4	3	2	3	3	4	3	2	4	5	2	4	3	4	2	4
10020002	3	3	3	4	3	3	3	2	4	3	4	4	3	3	2	3	3	3	3	3	4	3	3	3	3	3	3	3	3	3	3	3	3	3	2	2	2	3	2	3	2	2	2	3	3	2	2	3	2	3	2	3	2	3	2	3	3	4	3	3	3	3	2	3	3	3	3	3	2	3	2	2	3	3	2	3	2	3	2	2	2	2	3	3	2	3	3	4	4	3	2	2	3	3	3	4	2	4	3	4	3	2	2	3	3	3	4	3	3	3	3	3	4
10020003	2	3	2	5	3	5	3	3	3	3	2	4	5	3	2	2	3	2	2	2	3	5	3	3	3	2	2	3	1	2	3	3	3	3	1	2	3	2	2	3	4	2	3	2	3	2	3	2	3	4	3	2	5	3	2	2	2	2	4	2	4	2	3	2	4	2	4	3	3	5	3	1	4	3	3	3	4	3	2	2	3	3	2	2	1	3	3	4	2	3	3	2	4	2	2	2	3	2	2	2	2	3	2	4	2	2	5	1	2	4	2	1	2
10020006	4	3	5	5	4	3	4	1	3	4	4	4	5	4	2	1	5	2	4	4	4	5	3	4	5	4	4	4	2	4	3	4	4	5	5	3	3	5	2	3	2	3	5	2	5	4	3	3	5	5	5	5	2	5	1	4	5	5	4	2	5	4	2	4	2	3	2	5	5	4	2	2	5	4	2	4	4	1	5	4	3	2	4	4	3	5	4	4	2	5	4	5	3	3	4	3	3	4	3	5	5	3	1	5	1	3	4	5	3	2	4	5	4
10020011	4	4	4	5	4	3	5	2	3	3	5	4	5	3	3	2	3	2	3	4	3	3	3	1	3	4	4	5	3	5	2	4	3	4	3	2	2	4	4	4	3	2	2	3	3	3	2	2	2	1	2	3	3	5	3	3	3	2	2	2	3	5	1	3	4	5	3	5	3	3	3	4	5	4	2	2	2	4	4	2	2	2	3	4	2	3	4	4	5	3	3	5	3	3	4	3	4	4	3	4	3	3	4	3	4	3	4	3	3	4	3	4	4
10020012	4	4	4	4	4	3	4	2	3	3	3	2	4	2	2	3	4	3	3	2	3	2	3	2	4	3	4	3	2	4	2	4	3	4	2	2	2	3	2	4	3	3	2	4	2	4	2	3	4	3	2	3	4	4	2	3	4	2	3	3	3	3	2	4	5	3	2	4	3	4	2	2	4	2	3	4	3	3	2	4	3	2	4	3	3	4	2	4	3	4	3	3	2	4	3	2	4	4	3	2	3	4	2	3	4	2	4	2	4	3	2	2	4
10020013	4	2	3	5	3	3	5	2	3	2	3	3	5	2	3	2	5	2	2	3	3	5	2	2	5	3	3	3	2	3	2	3	3	3	1	3	2	4	2	4	3	3	2	3	2	4	2	2	3	3	3	4	4	3	3	3	4	2	2	3	4	3	3	2	4	3	4	5	3	4	2	2	2	4	2	4	3	4	2	3	2	4	4	4	3	3	4	5	3	4	3	4	3	2	2	3	3	4	3	1	4	2	3	4	4	3	3	1	3	1	3	3	3
10020021	4	5	5	5	4	4	3	1	3	2	2	2	2	2	4	3	4	3	2	4	3	2	3	3	5	4	4	5	4	3	2	3	4	5	5	2	2	3	2	2	4	4	3	3	4	2	3	4	4	4	3	4	4	3	2	3	2	2	4	4	5	4	2	4	2	4	2	2	3	2	3	4	3	2	3	2	2	5	4	4	3	3	3	4	4	2	3	4	3	5	4	3	4	3	3	2	5	3	3	2	4	3	3	4	2	2	3	4	2	4	3	2	2
10020025	3	2	4	4	4	3	3	2	3	3	2	3	3	2	2	2	3	4	2	2	2	3	2	2	3	2	2	3	3	2	2	2	3	2	3	2	2	2	2	3	3	3	2	2	2	3	2	2	2	3	3	2	2	2	2	2	3	3	2	2	3	3	3	3	3	3	3	4	3	3	3	3	3	3	3	3	3	3	3	3	2	3	3	3	3	3	3	3	3	3	3	3	3	3	3	3	3	3	3	3	3	3	3	3	3	3	3	3	3	3	3	3	3
10020026	5	2	4	4	3	2	3	2	3	4	4	3	4	4	2	2	3	2	3	4	4	2	3	4	4	4	3	4	1	4	3	3	3	4	2	2	3	3	1	2	2	2	3	3	3	2	2	2	4	4	2	3	4	3	2	3	3	4	5	1	5	2	3	2	5	3	3	4	2	4	3	4	4	4	2	4	4	5	3	3	2	4	4	4	2	5	3	4	2	3	3	3	2	4	2	4	5	4	3	4	3	3	2	4	3	3	3	3	3	2	2	4	4
10020027	4	2	4	1	5	1	5	1	4	1	3	1	5	1	5	1	5	1	4	2	4	1	4	1	5	5	5	3	1	5	1	4	1	5	2	5	1	3	1	4	2	5	3	4	2	4	1	4	1	1	3	4	1	4	5	4	5	4	5	3	1	5	1	5	3	5	1	5	3	4	1	1	1	5	1	4	1	5	1	1	1	2	5	4	3	5	5	1	5	5	1	5	1	5	1	5	2	5	5	2	5	1	4	1	4	4	3	1	5	3	5	3	5
10020028	1	1	4	4	5	5	4	1	1	1	3	2	5	1	5	1	3	1	3	1	1	1	1	2	3	5	5	3	1	5	5	5	1	5	4	4	2	3	1	5	5	5	4	3	2	2	1	4	3	1	3	3	1	5	3	1	3	1	5	1	3	3	5	5	4	5	1	3	5	4	3	1	3	3	1	5	1	3	1	3	2	3	4	1	1	3	3	5	3	5	5	2	3	4	4	3	4	3	1	1	3	3	1	4	5	2	5	1	2	5	4	2	2
10020032	5	4	5	3	5	3	4	1	5	1	1	4	3	1	4	1	5	4	3	3	3	1	1	1	5	4	5	5	3	5	1	3	2	5	3	3	1	1	3	4	2	5	1	5	4	3	1	4	1	1	1	5	1	5	2	2	5	4	4	2	2	3	1	4	2	3	1	5	4	2	1	5	2	4	1	2	1	5	3	3	2	1	5	4	4	3	4	2	5	5	5	1	1	2	5	4	1	5	1	2	5	2	2	1	3	1	5	5	5	5	3	5	5
10020033	3	3	2	3	3	3	3	4	1	3	3	4	3	2	3	2	3	2	2	5	3	2	4	5	4	3	4	2	2	3	3	4	3	4	2	2	5	3	2	3	3	2	2	2	2	3	2	3	4	5	2	3	4	4	1	4	2	3	3	2	4	2	4	3	3	3	3	3	3	5	4	2	4	2	3	4	3	3	1	3	4	3	3	2	2	3	2	3	4	4	2	4	2	4	2	4	3	3	3	1	3	2	1	4	4	3	3	1	4	3	2	1	2
10020036	4	2	4	2	4	3	4	2	4	4	3	2	4	2	4	2	4	2	4	2	4	2	3	2	4	4	4	4	1	4	2	4	2	4	1	4	2	4	2	4	2	5	2	4	3	4	2	5	3	2	3	4	3	4	4	4	5	5	3	4	2	4	3	4	2	4	2	4	4	4	1	2	2	5	2	4	2	4	3	5	2	2	4	4	4	4	4	3	5	5	3	4	2	4	2	4	2	4	4	1	4	2	3	2	4	4	4	2	4	2	4	4	4
10020037	3	2	4	3	3	3	3	4	3	3	2	3	4	2	4	1	4	2	2	2	5	2	3	3	4	4	4	4	2	4	2	3	3	5	2	3	3	3	2	3	3	2	4	4	2	3	2	5	2	2	4	3	2	3	3	3	4	5	4	2	3	2	3	4	2	3	2	3	3	5	3	2	4	4	3	4	3	3	2	2	3	3	3	4	2	3	3	3	3	4	2	3	3	3	2	4	2	3	3	1	3	2	3	3	3	3	4	2	3	3	2	3	3
10020039	5	1	5	2	5	1	5	1	5	3	3	1	5	2	5	1	5	1	5	2	5	2	5	2	5	4	3	5	3	5	1	5	2	5	1	3	2	4	1	3	2	5	1	5	3	3	1	5	2	3	1	5	5	5	1	5	5	5	5	1	2	4	3	3	2	5	2	5	2	5	2	5	3	3	1	5	2	5	2	5	1	1	5	5	5	5	5	2	5	5	1	4	2	5	3	5	3	5	5	1	4	2	2	3	4	5	3	1	5	1	3	3	4
10020041	4	3	5	4	5	3	4	1	5	3	5	4	4	4	4	2	4	1	3	2	5	2	4	3	4	3	4	4	1	4	3	3	4	5	2	3	2	2	2	3	2	4	2	5	2	3	2	4	2	2	2	2	1	4	3	3	5	5	3	3	1	3	2	3	1	3	2	5	3	4	2	4	4	4	3	3	2	3	3	4	4	1	4	4	2	4	5	2	3	5	2	2	4	5	3	5	1	5	4	2	5	3	4	3	3	4	5	2	4	3	2	4	4
10020042	3	3	4	4	3	3	3	2	3	2	3	3	3	2	3	3	3	2	2	2	3	3	2	2	3	3	2	4	3	5	3	3	3	3	3	2	2	4	3	4	3	3	3	3	2	4	3	3	4	4	3	3	2	2	3	3	3	2	4	2	3	3	3	3	3	3	2	3	3	3	3	3	3	3	3	3	3	3	3	2	3	4	3	3	2	2	3	4	5	4	4	2	2	2	2	2	4	3	4	3	2	3	2	4	3	3	3	3	2	3	3	2	2
10020044	4	4	4	2	4	4	4	2	4	1	3	1	3	1	4	1	5	2	3	4	4	2	3	2	5	4	3	2	1	4	4	4	2	5	2	2	2	2	2	2	5	4	3	3	3	3	2	5	2	2	2	4	3	5	4	3	5	4	5	3	2	1	4	4	1	4	1	4	2	4	2	4	3	5	3	4	1	4	2	5	2	2	4	4	4	4	4	3	4	4	3	5	2	3	3	3	2	4	4	4	3	2	4	2	4	4	2	3	3	1	3	4	5
10020045	4	3	5	4	4	4	4	2	2	3	3	3	4	3	3	2	4	3	3	2	4	2	3	2	5	4	4	4	3	3	3	4	3	4	4	2	2	4	2	4	2	4	3	2	3	3	3	2	3	3	4	3	2	4	3	3	4	3	4	3	3	3	3	3	3	3	2	4	4	4	2	3	3	3	2	4	2	4	4	3	3	2	4	3	2	3	4	4	4	4	3	3	3	4	3	3	2	4	3	2	4	4	2	4	3	3	4	3	3	4	3	4	3
10020046	3	3	3	3	3	3	3	2	2	3	3	3	3	3	3	3	2	3	2	3	3	3	2	3	3	3	3	3	2	3	3	3	3	3	3	2	2	3	2	4	3	2	3	3	3	3	2	3	3	3	3	3	2	3	2	3	3	3	4	2	3	3	3	3	3	3	2	4	3	3	3	2	3	3	3	3	3	3	3	2	3	3	3	2	2	3	3	4	3	4	3	3	4	4	3	3	4	3	2	3	3	3	2	3	3	2	5	3	3	3	2	2	3
10020049	4	3	5	5	5	5	4	1	2	3	2	2	2	4	4	3	3	1	2	2	1	3	3	1	3	3	2	4	3	2	2	1	3	2	1	2	1	2	5	1	2	2	2	2	5	1	3	4	3	2	4	3	2	4	1	3	5	3	5	2	3	2	2	4	4	3	3	5	4	2	3	2	4	3	1	2	3	2	3	3	3	2	5	5	2	2	2	5	5	5	5	2	1	3	4	2	2	5	2	2	4	3	2	3	2	2	4	5	4	3	4	4	3
10020050	4	2	3	3	4	3	4	4	3	3	2	2	2	3	2	2	3	2	4	4	4	4	4	3	4	4	3	3	2	4	2	4	4	3	2	4	4	3	1	4	3	4	2	5	3	2	2	4	4	3	4	4	4	3	4	4	4	4	2	3	2	4	2	4	4	4	4	4	4	4	3	2	3	2	4	4	3	3	4	4	2	3	3	4	4	4	4	3	4	4	3	4	2	5	1	5	4	4	5	2	3	3	4	4	3	4	3	2	5	2	4	2	3
10020054	4	2	2	4	4	2	2	3	2	4	4	4	3	4	2	4	2	2	2	4	4	3	3	3	3	3	3	4	1	4	2	3	4	4	4	2	4	3	3	2	2	3	4	4	4	2	4	4	4	5	2	4	3	4	2	4	2	4	3	4	3	3	2	4	4	2	4	3	5	4	4	3	4	3	3	4	3	4	2	3	4	4	3	2	2	1	3	4	4	3	3	3	2	4	3	4	2	4	2	4	3	4	2	4	2	4	4	3	4	2	2	2	3
10020056	3	3	3	3	3	4	3	1	3	2	3	4	4	2	4	2	3	2	4	2	3	2	3	2	4	3	4	4	5	4	2	5	2	5	2	4	2	2	2	5	3	4	3	2	3	3	2	4	3	2	1	3	2	4	3	2	3	3	5	3	3	3	2	4	1	3	1	3	3	4	2	3	3	3	3	4	3	4	2	3	2	2	4	3	3	2	3	5	3	4	5	3	1	3	4	2	1	3	3	2	3	2	3	3	5	3	5	2	3	4	3	2	4
10020057	5	2	4	2	4	3	5	2	2	2	5	3	5	1	3	2	5	1	5	1	5	1	4	1	5	5	2	5	1	5	2	5	3	5	1	5	4	5	1	4	4	3	1	3	2	3	1	5	2	2	2	5	3	3	3	5	5	5	4	4	2	4	2	4	1	4	1	4	2	5	2	2	3	4	2	4	2	4	2	2	2	1	4	4	2	5	4	2	5	5	1	4	2	3	2	4	1	4	5	2	3	2	2	2	4	4	4	2	3	2	3	3	2
10020058	3	2	4	4	2	3	3	2	4	3	3	4	5	4	2	2	3	1	2	2	4	2	3	4	4	3	5	3	2	2	2	4	4	4	2	2	4	4	2	3	2	3	4	5	5	4	2	3	3	3	4	3	5	3	2	3	3	2	4	2	5	2	2	3	2	3	2	5	2	4	3	3	4	2	4	3	4	2	1	3	4	3	4	2	2	4	3	5	2	3	4	5	2	3	3	2	1	3	4	1	4	4	2	3	3	3	3	1	3	2	2	5	3
10020059	4	1	4	3	4	3	4	2	3	2	3	3	5	2	3	2	3	2	3	2	4	2	3	2	3	4	2	2	2	4	2	4	3	4	2	3	3	3	2	3	3	3	2	3	2	3	2	3	3	2	2	3	3	3	3	3	4	4	4	3	3	3	3	3	2	3	2	3	2	3	2	2	3	2	2	3	2	3	2	2	3	2	3	3	2	3	2	3	2	4	2	2	2	3	2	3	2	3	3	2	3	3	3	3	3	3	3	2	3	3	3	3	3
10020060	3	2	2	5	3	4	3	2	3	5	3	5	4	3	2	2	1	1	2	5	2	3	1	3	3	3	1	2	2	3	4	5	3	3	4	1	2	4	4	4	2	2	3	2	2	2	2	4	3	3	4	3	1	2	2	2	3	5	4	1	4	2	3	3	5	2	2	2	5	2	3	1	5	3	3	3	4	3	2	4	3	2	3	3	1	2	3	5	3	3	3	2	2	2	5	2	5	4	2	5	1	3	2	5	3	1	5	2	5	5	1	3	3
10020061	3	3	3	5	3	4	3	3	2	3	2	4	4	2	2	2	1	3	3	1	2	1	3	2	5	2	3	2	2	3	3	4	3	4	3	2	2	2	2	3	2	5	2	2	2	3	2	3	2	3	3	3	2	2	2	2	3	3	2	3	4	2	3	2	3	2	1	3	3	4	3	1	4	2	2	4	3	3	3	4	2	2	3	2	4	2	3	4	4	4	3	3	2	3	2	3	3	3	3	3	3	4	2	3	3	3	4	2	4	2	2	2	2
10020062	3	2	3	5	3	3	3	2	5	4	3	4	2	3	4	3	2	3	2	4	3	3	3	2	2	3	3	4	2	3	5	4	5	3	3	1	2	3	2	2	4	2	4	5	4	4	4	3	4	4	2	3	5	4	1	1	2	4	5	4	5	1	2	2	5	2	5	3	4	3	4	1	3	1	5	3	5	3	1	3	4	3	4	2	2	3	2	5	4	4	5	2	2	2	5	2	2	2	3	3	2	4	1	4	2	3	5	4	3	5	3	1	4
10020063	5	2	5	2	5	1	4	2	5	1	4	1	5	1	5	1	5	1	4	1	5	1	4	3	5	4	3	5	1	4	3	5	3	5	3	4	3	4	1	4	1	5	1	3	2	5	1	5	3	3	2	3	5	5	4	5	5	5	5	3	3	2	2	4	1	3	3	5	1	5	1	4	2	5	2	5	2	5	2	5	3	2	4	5	2	5	4	2	4	4	2	3	3	4	2	5	1	5	4	2	4	1	3	2	5	5	3	2	3	2	5	2	3
10020064	3	3	4	4	4	4	4	2	4	2	3	2	4	2	4	2	4	2	3	3	4	2	2	4	5	4	3	3	2	4	1	3	2	4	2	3	2	3	2	4	5	5	3	4	3	3	2	3	3	2	4	4	2	4	2	3	4	3	5	2	2	4	3	4	3	4	2	5	4	2	2	2	3	3	2	4	2	4	3	5	2	3	3	4	5	3	4	5	3	5	3	5	2	4	4	3	4	5	3	3	3	1	4	4	4	3	3	2	4	4	2	2	4
10020069	5	3	5	1	5	2	5	1	4	2	3	1	5	1	4	1	5	1	5	3	4	2	4	1	5	5	3	5	3	4	2	4	2	5	2	3	2	4	2	4	3	5	2	3	3	1	1	3	3	1	3	3	5	5	4	4	5	5	5	2	3	3	2	3	5	4	3	5	3	5	2	4	4	5	1	4	3	4	2	4	2	1	4	4	4	4	5	4	5	5	2	4	2	5	2	5	4	5	4	1	4	1	3	3	3	4	3	1	4	2	4	3	4
10020070	4	3	4	3	4	3	4	2	4	2	2	2	4	2	3	2	4	2	3	2	4	3	3	2	4	4	3	4	2	3	2	4	3	4	2	2	2	3	3	3	3	4	4	4	3	2	2	3	3	3	4	4	3	4	3	4	4	4	4	2	3	4	3	3	4	4	2	4	4	4	2	3	3	4	2	4	3	4	3	4	2	2	4	4	3	4	4	4	4	4	3	4	2	4	3	4	3	4	4	3	4	3	3	3	4	4	3	3	4	3	3	3	4
10020071	4	1	5	4	4	2	4	1	4	4	4	2	5	3	3	2	4	3	4	3	4	1	4	2	5	4	4	5	2	4	2	4	3	4	2	1	2	4	3	5	3	4	1	4	2	4	2	2	3	3	1	3	3	4	3	4	5	3	3	4	2	3	2	3	3	3	2	5	1	4	3	4	3	4	2	4	3	4	2	4	2	2	5	4	5	4	4	2	4	5	2	5	2	3	3	4	3	4	4	1	4	2	3	3	5	3	3	2	4	3	3	4	4
10020072	5	2	5	1	4	1	5	1	2	1	3	1	5	1	3	1	5	1	5	1	4	2	3	3	5	5	4	4	2	5	1	5	2	5	1	3	1	4	1	5	1	3	3	3	3	1	1	3	1	1	3	3	1	5	5	5	5	5	4	1	1	4	1	4	3	3	1	5	2	5	1	3	3	4	1	4	1	4	1	3	1	1	4	3	5	4	4	2	5	4	1	5	2	5	2	5	1	5	5	1	4	1	3	2	2	4	3	1	5	1	4	4	4
10020075	4	4	3	3	3	1	3	3	3	3	4	2	3	5	4	2	5	2	4	1	4	3	3	4	3	3	2	4	2	5	2	4	3	4	2	4	2	3	3	5	1	4	3	4	4	3	3	5	3	2	4	5	2	5	3	3	3	5	3	3	2	4	3	3	2	3	2	3	5	3	2	3	4	4	3	4	4	4	4	4	2	2	3	3	3	5	3	3	5	4	3	5	3	3	4	5	1	4	3	3	4	4	3	4	4	3	4	3	4	2	2	2	3
10020077	4	2	5	3	5	3	5	1	5	3	3	4	5	1	5	1	5	2	4	1	4	1	3	2	5	4	3	4	1	5	5	2	2	5	3	4	1	5	2	3	1	4	2	4	4	4	1	5	1	2	4	4	4	5	3	4	5	5	4	4	3	5	1	5	1	4	1	5	5	2	1	2	3	3	2	5	2	5	4	3	2	1	5	4	3	2	2	1	5	5	4	2	2	4	5	3	3	2	2	1	3	3	4	3	3	2	5	2	2	1	3	3	2
10020078	3	2	3	4	2	2	4	3	2	4	2	4	2	2	2	3	3	2	4	4	2	4	2	4	4	4	4	2	5	3	4	4	3	3	1	4	3	3	2	2	3	3	1	1	3	3	3	2	3	2	3	3	1	2	3	3	3	3	4	4	4	4	2	2	3	2	4	2	2	4	2	2	2	4	3	2	3	2	2	3	4	2	4	2	3	3	3	3	3	3	3	3	2	2	5	3	3	2	4	3	3	4	3	2	2	4	4	1	3	4	2	4	3
10020079	4	3	4	3	5	2	4	2	3	3	4	1	4	2	4	2	4	3	4	5	4	3	3	3	5	4	4	4	3	5	1	5	2	5	1	4	3	4	2	4	3	5	2	3	5	4	1	4	3	3	2	3	3	4	3	4	5	4	4	4	3	1	4	3	5	3	3	4	5	4	3	3	3	4	2	4	2	4	2	5	3	3	4	3	5	4	5	3	5	5	3	5	3	4	3	4	2	4	4	3	3	3	2	3	5	4	3	3	4	3	3	3	4
10020081	4	2	4	4	4	4	4	2	4	2	3	3	4	2	4	2	4	2	4	2	4	2	3	3	4	3	4	4	1	4	2	3	4	4	3	3	2	3	2	3	1	3	2	4	3	4	2	3	3	3	2	3	3	4	2	4	4	4	5	4	3	3	3	4	3	3	1	4	2	4	3	2	4	3	2	4	1	4	2	3	2	2	4	4	1	4	4	4	4	4	3	2	2	4	4	4	2	4	4	2	4	3	2	3	4	3	3	2	3	1	2	3	3
10030002	4	3	3	4	4	5	4	2	3	3	3	3	4	2	3	2	5	1	3	3	3	2	3	3	4	3	4	4	3	4	3	4	3	5	1	3	2	2	2	5	1	4	3	4	3	4	1	5	3	4	3	4	2	5	3	4	4	5	4	5	2	4	2	5	2	4	3	4	5	5	2	3	3	4	2	5	2	4	3	3	3	2	4	4	4	3	4	5	5	5	1	4	4	4	2	5	1	5	3	2	5	2	3	2	5	5	4	3	3	2	4	2	3
10030003	5	3	5	3	5	4	5	1	5	1	5	1	5	1	5	1	5	1	3	3	4	5	3	3	5	5	3	4	2	5	2	5	2	5	3	5	1	4	3	4	2	5	1	5	3	3	1	3	3	1	3	5	3	5	4	4	5	3	4	3	3	4	1	5	5	4	3	5	3	4	1	4	2	4	2	4	3	4	4	5	2	3	3	4	5	4	4	3	4	5	3	4	2	4	2	5	4	4	3	3	5	4	5	2	4	3	3	1	4	2	3	5	5
10030005	4	2	4	4	4	5	5	2	3	2	4	3	5	2	4	4	5	1	4	1	4	1	3	2	5	4	5	4	2	5	2	5	2	5	4	3	2	4	2	4	1	3	3	3	1	4	2	4	3	3	1	4	3	4	3	3	4	4	4	2	4	3	3	4	2	3	1	4	3	4	3	2	3	4	2	4	1	2	1	2	2	1	3	4	1	3	4	4	5	5	3	4	5	3	3	3	2	5	3	3	4	3	2	3	4	3	4	1	5	3	2	3	3
10030006	2	1	4	2	4	4	4	2	2	2	4	2	4	2	2	1	4	2	3	2	4	1	4	2	4	4	3	2	1	5	2	4	2	5	1	3	3	4	1	4	2	4	1	3	1	4	2	5	3	4	1	3	1	4	2	4	2	5	5	4	2	3	2	4	2	3	1	4	1	4	2	1	4	3	2	4	1	4	2	3	2	1	4	2	2	4	3	1	4	5	2	2	2	4	2	5	1	3	4	1	3	2	3	2	4	5	5	1	4	2	3	1	2
10030008	3	2	3	4	3	3	3	3	4	3	4	3	4	4	3	3	5	2	3	4	4	3	3	3	4	4	3	4	4	4	3	4	3	3	3	3	3	2	3	3	3	4	2	4	3	3	3	3	4	3	3	3	3	3	3	3	3	2	5	3	5	3	3	4	5	3	4	5	2	4	3	2	5	4	3	3	4	3	3	4	3	4	3	3	4	3	3	5	4	4	3	4	4	3	2	5	5	3	2	2	3	3	5	4	3	3	3	2	2	3	2	3	3
10030011	5	5	4	3	4	4	4	2	3	3	4	5	5	3	4	3	4	5	4	1	2	2	3	3	4	4	2	5	3	5	2	5	4	5	1	3	2	3	1	3	1	2	3	4	1	2	1	3	4	4	3	4	2	4	2	4	4	5	3	2	2	4	2	3	3	3	2	3	4	4	2	1	3	2	2	4	3	4	3	3	3	2	4	3	2	4	4	2	5	4	2	2	2	4	3	4	2	4	3	1	4	2	2	4	3	5	5	3	4	2	2	4	3
10030012	5	5	5	1	5	5	3	1	3	2	4	1	2	2	2	5	3	5	4	4	5	3	2	1	5	3	4	5	2	3	2	5	1	4	1	4	1	2	3	4	2	4	2	3	4	1	1	5	2	2	3	3	2	4	2	4	5	5	5	2	3	2	3	4	1	4	1	4	3	4	2	4	2	3	2	5	2	4	3	5	1	1	5	5	5	5	4	4	5	5	1	4	4	4	3	4	1	4	4	4	5	4	4	2	3	4	3	2	2	2	4	3	3
10030013	4	3	5	3	5	4	5	1	4	2	3	4	5	1	5	1	3	1	4	1	5	1	4	1	5	5	1	5	4	5	4	5	5	5	1	5	3	3	2	4	1	4	3	3	2	1	2	4	3	2	2	4	4	4	2	4	4	5	2	3	5	3	2	5	1	3	2	5	5	5	2	2	2	2	3	4	2	4	2	5	3	1	4	4	2	4	3	4	4	5	3	4	4	4	2	5	1	5	4	3	3	4	3	2	1	4	5	2	3	1	5	2	5
10030017	2	4	5	5	5	2	4	1	3	4	3	3	4	4	3	4	4	4	3	3	4	2	2	2	4	4	4	4	3	3	2	3	3	5	3	1	3	3	3	4	4	2	2	4	2	4	3	3	3	3	2	3	2	4	2	2	2	4	4	2	5	2	2	3	3	3	2	5	3	4	2	2	3	3	2	3	3	3	4	3	2	2	3	2	2	2	3	5	3	4	4	3	2	2	3	2	3	3	2	1	3	4	2	4	4	3	4	2	3	4	2	3	4
10030018	4	3	4	3	4	4	4	2	3	2	4	2	5	2	2	2	3	2	3	2	3	5	3	4	5	4	4	4	2	4	2	4	4	2	2	2	2	2	1	4	3	4	3	4	2	2	2	2	3	2	2	3	5	5	3	3	3	4	3	4	3	3	2	4	3	3	3	5	4	4	3	1	4	3	3	4	3	5	4	3	2	2	4	3	3	4	5	3	5	5	2	3	4	5	4	3	4	4	4	3	4	3	2	4	4	5	3	3	4	3	4	3	4
10030019	4	1	5	3	5	3	4	1	4	2	4	2	4	2	4	1	5	4	5	5	5	4	4	2	5	5	4	4	1	5	3	5	2	4	1	2	1	4	3	4	4	3	1	4	2	4	3	1	2	3	2	3	3	4	2	4	5	5	5	4	3	3	2	5	4	4	3	4	2	5	2	3	4	5	2	4	2	4	2	4	2	3	4	4	2	5	4	3	5	5	1	2	2	4	3	5	4	4	4	2	4	2	2	2	4	3	4	2	3	3	3	4	3
10030021	2	2	4	5	4	4	4	2	3	3	4	2	4	1	4	1	5	3	3	3	4	2	3	3	5	5	3	3	1	4	2	3	2	4	2	3	1	3	1	3	2	3	2	3	2	4	2	3	3	2	2	4	2	4	3	3	4	3	3	4	3	3	2	4	3	4	2	5	4	4	2	1	3	4	2	4	3	4	2	3	2	2	4	2	3	4	3	4	3	5	2	2	3	4	2	4	2	4	4	2	3	2	3	3	3	3	4	2	4	3	3	2	3
10040007	3	2	2	2	3	2	4	4	3	3	3	3	2	4	3	2	3	2	2	4	3	3	3	4	4	3	1	3	1	3	3	3	2	5	2	2	3	3	2	3	2	2	1	3	2	4	2	2	3	4	1	3	2	4	3	3	4	3	3	2	4	3	2	3	5	3	3	4	1	2	2	1	4	4	2	3	3	4	3	3	3	3	3	3	2	3	2	3	4	3	2	2	2	3	2	3	5	3	3	2	2	3	1	2	3	3	4	2	3	3	2	3	3
10040008	4	2	4	3	4	4	3	2	3	3	4	4	4	2	2	2	4	2	4	2	3	2	3	2	5	4	4	4	1	4	2	4	3	4	2	2	2	4	1	3	2	2	2	2	2	2	2	3	3	3	3	4	2	3	2	3	3	4	4	4	3	3	2	3	3	3	2	3	3	4	2	1	4	4	2	4	2	4	2	1	2	2	4	3	2	2	3	4	4	5	2	4	3	3	2	2	3	5	2	2	4	2	3	3	4	2	4	2	3	3	5	2	3
10040010	3	4	3	4	3	3	2	2	2	3	3	3	2	3	3	4	3	1	3	3	3	4	2	4	3	3	2	5	1	4	3	4	3	4	4	1	3	1	1	4	4	5	1	1	3	2	3	4	4	4	1	3	5	4	2	3	3	3	4	3	5	2	3	3	4	3	3	5	3	5	2	1	4	4	3	3	2	3	3	5	3	3	3	2	3	3	2	5	3	4	4	5	5	2	3	4	5	2	2	3	3	3	2	5	3	3	5	2	3	4	2	1	2
10040013	3	2	4	3	4	3	3	1	4	3	3	2	4	2	3	2	5	3	5	5	2	5	4	3	4	5	3	3	2	5	1	3	3	4	2	2	2	2	4	1	4	4	4	4	4	3	1	3	2	3	5	3	2	3	3	3	4	3	3	3	4	3	3	3	4	3	2	4	5	2	3	2	3	2	2	3	4	4	4	3	2	3	3	2	2	4	3	4	2	4	3	4	3	3	4	4	4	3	3	3	4	3	4	4	1	3	3	4	3	4	4	4	4
10040014	3	2	4	2	4	3	3	2	2	2	3	2	4	2	3	2	3	2	4	2	3	1	3	2	4	3	3	3	2	4	3	3	2	4	2	4	1	3	1	3	3	3	1	2	1	3	1	3	2	2	1	3	1	3	3	3	4	3	4	3	2	3	2	4	1	3	2	4	2	3	1	2	2	4	2	3	1	4	1	2	1	1	3	3	2	3	3	3	4	4	2	4	1	3	1	3	2	3	3	1	2	2	4	3	4	3	3	1	3	2	3	2	4
10040016	5	2	4	2	4	2	4	1	5	3	4	2	3	2	4	2	5	1	3	3	5	2	3	2	4	5	3	5	1	5	2	3	3	4	1	3	2	5	2	3	1	4	3	5	1	5	1	4	2	2	3	3	2	5	3	3	4	4	4	3	2	3	4	4	3	4	2	5	4	3	2	3	3	4	2	4	2	3	3	4	2	2	4	4	2	3	5	4	4	5	3	4	2	5	2	4	2	4	4	3	4	2	3	3	4	3	4	5	3	3	3	2	4
10040017	2	2	2	4	4	2	4	2	3	3	4	3	4	2	3	2	4	2	3	3	3	2	2	3	4	4	4	3	1	4	3	4	2	4	2	3	2	4	3	4	3	4	2	4	2	4	2	3	3	3	3	4	4	4	3	3	4	3	4	3	3	4	3	4	3	4	2	4	3	3	3	2	2	3	2	4	3	4	3	3	2	2	4	4	3	3	3	3	4	4	3	3	2	4	3	3	2	4	3	2	3	3	3	2	4	2	4	3	4	4	3	3	4
10040020	4	3	4	3	3	3	4	2	4	2	2	3	3	2	4	2	5	2	3	4	3	3	4	3	3	3	3	4	1	5	1	4	3	5	2	3	2	3	2	3	2	5	3	5	2	2	2	3	2	2	4	4	2	4	3	5	5	3	3	4	1	3	2	4	3	3	2	5	5	3	2	1	3	3	2	3	1	4	3	4	3	2	3	4	3	4	5	3	4	5	3	3	3	4	5	5	2	5	5	3	5	1	3	5	5	5	5	1	4	2	3	5	5
10040023	3	2	3	2	3	3	3	2	3	2	2	1	4	2	3	2	4	2	3	2	3	2	2	2	4	3	3	4	2	3	2	3	3	4	2	3	2	2	2	2	3	4	3	3	3	3	2	5	2	2	2	2	3	3	2	3	3	4	3	2	3	3	2	3	2	3	2	3	3	3	2	2	3	2	2	3	2	3	3	3	2	2	3	3	2	3	3	2	2	3	2	3	3	3	2	3	2	3	3	2	3	2	2	2	2	3	3	2	3	2	3	2	3
10040028	3	4	4	4	3	3	3	2	3	4	3	3	3	3	3	3	3	3	2	3	2	3	2	2	3	4	3	2	1	3	2	3	4	4	2	2	3	2	4	2	1	4	3	4	3	1	3	2	5	4	4	3	3	3	4	3	3	2	3	2	4	4	2	4	4	2	2	5	4	2	3	2	2	2	2	3	4	3	3	4	3	3	4	2	1	3	3	5	4	4	4	2	3	2	4	3	3	3	3	3	3	4	2	4	3	2	5	3	3	3	1	3	3
10040029	1	3	5	5	4	4	4	1	2	2	3	3	3	1	3	1	4	5	4	2	3	1	3	2	5	3	4	3	1	4	2	3	3	4	2	3	1	3	3	3	3	2	3	2	2	5	1	3	3	3	3	3	1	3	2	3	4	3	4	2	2	3	1	4	2	3	2	5	3	3	2	1	3	4	1	5	1	4	2	1	2	1	4	2	2	3	3	3	4	4	2	3	1	3	3	3	2	4	3	2	3	2	3	3	3	3	5	2	3	4	3	2	4
10040038	3	3	3	1	1	3	3	3	3	3	3	3	3	3	3	3	3	3	3	3	3	3	3	3	3	3	3	3	3	3	3	3	3	3	3	3	3	3	3	3	3	3	3	3	3	3	3	3	3	3	3	3	3	3	3	3	3	3	3	3	3	3	3	2	3	4	3	3	3	3	3	3	3	3	3	3	3	3	3	3	3	3	3	3	3	3	3	2	3	5	3	3	3	3	1	4	2	4	5	2	5	2	3	5	5	3	2	5	2	2	3	3	3
10040039	1	2	5	3	4	5	5	1	5	3	3	2	4	2	5	2	5	1	3	1	4	1	3	3	5	4	2	4	2	5	2	4	3	5	1	4	3	3	2	4	1	4	2	5	3	4	2	4	3	3	3	4	1	5	3	4	4	5	4	3	2	4	2	4	2	4	1	4	4	4	2	2	3	4	2	5	2	4	3	5	3	2	4	4	4	4	4	4	5	4	3	4	2	4	4	3	1	4	4	1	4	3	2	2	4	4	4	3	4	2	3	4	4
10040040	4	2	5	3	4	3	5	1	4	2	3	2	4	1	4	1	4	2	4	2	4	2	4	2	5	4	3	3	2	4	2	5	2	4	2	4	1	4	3	4	3	3	1	3	3	5	2	5	3	2	2	4	3	4	4	4	5	5	4	3	3	4	2	4	1	4	1	5	3	4	1	2	3	5	2	4	2	5	2	3	1	1	5	5	3	3	5	3	5	5	3	4	3	3	3	5	2	4	3	3	4	1	5	2	4	3	3	2	3	2	4	3	5
10040041	5	1	5	3	2	2	3	1	4	2	2	1	5	1	5	5	4	5	3	1	4	1	4	2	5	5	4	4	1	4	2	3	3	4	2	2	3	4	2	5	3	5	2	2	2	4	1	4	1	3	1	4	1	4	4	3	4	4	4	5	2	1	2	4	2	3	2	4	2	4	2	3	3	4	2	4	1	5	1	5	2	1	5	4	5	4	5	2	5	5	2	5	2	4	1	4	3	4	4	1	4	1	2	2	2	4	4	1	1	3	4	2	3
10040045	5	4	2	1	5	2	3	3	4	1	5	1	5	1	3	1	4	2	5	3	5	4	4	1	5	4	3	4	2	5	3	3	2	5	1	3	3	3	1	2	3	4	1	3	2	1	1	4	2	2	1	3	5	4	3	5	5	5	3	2	4	4	2	5	3	4	3	2	2	5	1	2	4	5	2	5	1	5	4	4	1	3	5	5	3	5	4	1	4	3	1	3	2	3	3	5	3	5	4	2	5	2	2	4	3	5	3	2	2	3	4	2	4
10040046	4	4	5	2	5	2	5	4	3	3	2	4	4	3	3	3	4	2	4	2	4	4	4	4	5	3	4	4	4	5	2	4	2	4	2	4	2	4	3	4	2	4	3	4	4	4	4	2	3	3	2	2	2	4	4	4	5	3	2	2	4	5	1	2	1	4	2	4	5	4	4	4	3	3	2	4	3	4	4	3	2	4	4	4	4	4	4	4	4	5	4	4	1	3	5	5	2	5	3	2	4	2	4	2	4	4	2	4	5	1	4	4	4
10040047	3	2	4	4	4	3	5	2	3	2	4	2	4	2	4	2	3	2	4	2	4	2	3	2	4	3	4	4	2	4	3	4	3	4	3	3	2	4	2	4	3	4	2	4	3	2	2	4	3	2	2	4	4	4	3	4	4	5	4	3	3	4	2	3	3	4	2	5	3	4	3	3	3	4	2	4	3	4	3	4	2	2	4	4	3	3	4	3	4	4	3	3	2	4	2	4	4	4	3	2	4	2	4	3	3	4	3	1	4	2	4	4	3
10040048	4	3	3	3	3	4	3	3	3	3	3	3	2	5	2	3	4	4	3	3	4	3	2	3	3	4	4	3	3	5	2	4	2	4	3	4	3	3	3	3	4	4	5	3	3	3	2	3	3	2	4	5	2	3	3	3	5	3	4	2	3	3	2	4	2	3	3	3	3	3	2	2	3	2	3	4	2	4	3	3	2	3	3	3	2	3	3	3	4	4	2	4	2	3	3	3	3	4	3	3	4	3	3	3	3	3	4	4	2	3	2	3	4
10050001	3	3	4	3	4	3	4	2	3	3	3	2	3	2	4	2	4	3	4	2	3	2	3	2	4	4	4	2	2	4	2	4	2	4	2	3	2	2	2	4	2	3	3	3	2	2	4	3	3	2	2	2	2	3	4	4	4	4	4	3	3	4	2	3	3	3	2	3	3	4	3	2	3	4	2	3	2	4	3	3	4	2	3	4	3	3	4	3	4	4	3	4	3	3	3	3	2	4	3	2	3	2	3	2	4	3	3	3	3	3	3	3	3
10050003	2	3	1	5	2	5	1	4	2	4	2	5	5	4	1	3	1	4	2	2	4	2	2	3	2	2	5	2	5	2	4	3	5	4	4	3	5	2	2	2	5	1	5	2	2	2	5	5	4	5	2	2	3	4	2	2	2	3	5	2	5	2	5	1	2	2	4	2	2	5	3	2	5	2	3	5	5	5	4	1	5	2	2	2	1	2	2	5	1	3	4	2	4	5	1	3	3	4	2	1	2	4	2	5	3	2	5	2	1	3	2	2	1
10050010	3	1	5	3	4	5	1	1	1	5	2	4	1	2	2	3	3	5	1	3	4	3	4	1	1	2	3	1	2	4	4	2	4	2	1	4	2	4	1	2	4	4	5	4	3	4	3	5	4	2	3	4	3	2	4	5	3	5	5	5	5	3	3	4	3	3	4	5	4	3	3	4	3	4	4	3	4	4	4	2	1	5	1	3	4	1	4	3	4	4	1	4	3	4	4	5	3	4	3	3	2	3	5	3	3	5	3	4	4	4	5	4	4
10050011	5	1	4	3	4	3	3	2	4	3	1	2	4	2	3	2	5	2	3	1	4	1	5	1	5	4	5	4	1	4	2	5	3	4	4	2	2	4	3	4	4	3	3	2	3	4	3	3	2	2	1	4	3	4	2	4	3	4	3	3	3	3	3	3	3	3	1	4	1	4	2	4	4	4	2	4	2	4	2	3	2	2	4	3	3	4	4	4	4	4	3	5	3	4	3	4	3	4	4	1	3	3	1	3	4	4	3	1	3	3	2	3	3
10050014	3	3	3	3	3	3	3	2	3	2	3	3	3	2	3	2	3	2	3	2	3	2	2	2	3	3	3	3	2	3	2	3	3	3	2	3	2	3	2	3	3	3	2	2	2	3	2	3	3	3	3	3	1	3	3	3	3	3	3	2	3	4	2	3	2	3	2	3	3	3	2	3	3	3	2	3	2	3	3	3	2	2	3	3	3	3	3	3	4	4	3	3	3	3	3	3	3	4	4	3	3	3	4	2	3	3	3	2	3	3	3	2	3
10050017	2	5	5	5	5	5	4	1	1	4	4	5	3	4	1	4	4	4	2	2	4	3	3	2	5	3	3	3	1	4	4	5	3	3	1	1	2	3	3	3	2	2	3	2	3	3	3	3	2	2	3	2	3	3	3	3	3	3	3	3	3	3	2	4	3	2	4	5	2	3	2	3	5	3	3	3	3	4	2	1	2	3	4	4	3	4	4	5	3	5	4	1	4	2	3	2	3	2	3	3	5	5	3	2	2	2	5	3	3	5	5	5	3
10050020	2	2	4	4	4	3	4	3	3	3	3	3	3	3	3	4	3	3	3	3	3	4	2	4	2	4	3	2	5	4	3	3	5	2	4	2	3	4	3	2	4	3	3	3	3	4	5	2	5	4	4	3	3	4	4	2	3	3	5	4	5	4	3	4	1	4	4	4	3	3	3	3	5	2	1	3	3	3	4	1	3	4	1	3	3	4	4	4	5	4	3	3	4	4	3	4	3	5	3	4	5	3	4	4	4	4	4	3	4	4	5	4	4
10050021	4	4	4	3	3	4	4	3	4	3	4	3	4	4	4	5	4	1	5	4	5	3	3	3	3	3	3	3	3	3	4	5	3	3	4	3	4	2	4	3	2	4	4	4	3	3	3	4	3	4	3	3	4	3	4	4	3	3	3	3	3	3	5	4	3	4	4	3	3	2	3	3	4	3	3	3	3	3	3	3	3	3	2	2	2	2	3	3	4	4	4	3	3	3	4	4	3	3	4	4	5	3	4	3	4	4	4	3	4	4	4	4	4
10050022	3	4	2	3	3	3	3	2	3	2	3	2	3	2	2	2	3	2	3	2	4	2	3	2	4	4	3	3	4	4	2	4	3	4	2	4	2	3	2	4	2	4	2	3	2	1	1	4	3	3	2	3	3	3	3	3	4	4	4	2	3	3	2	3	2	3	2	4	3	4	2	2	3	3	2	4	2	4	2	3	2	2	4	4	4	3	3	5	4	4	2	4	3	4	2	4	1	4	2	2	4	3	3	2	4	2	3	2	3	4	4	2	4
10050029	5	2	4	5	4	3	3	1	4	3	4	2	3	2	3	1	5	2	3	2	3	1	5	2	4	4	4	5	1	5	3	4	2	4	4	2	1	2	3	4	1	3	1	4	1	4	2	5	2	3	2	4	4	5	2	3	5	5	3	3	3	3	3	4	2	4	4	5	1	4	2	1	4	4	3	4	2	4	3	3	2	1	4	5	3	2	4	3	4	4	2	4	2	4	2	4	2	4	2	3	2	4	3	2	4	3	2	2	4	2	3	2	4
10050031	4	3	4	2	4	1	4	2	3	3	2	2	4	3	5	1	5	1	4	1	4	1	3	2	4	4	4	5	1	4	2	4	1	5	5	3	2	4	2	4	2	4	2	2	4	4	2	2	4	2	3	4	4	5	3	3	4	4	3	2	2	3	1	4	1	3	1	4	3	5	3	3	2	4	3	4	3	5	2	4	2	1	4	4	4	4	4	2	4	4	2	4	3	4	2	4	2	4	4	1	4	2	4	2	4	4	3	2	4	3	3	1	2
10050033	3	2	4	4	4	4	5	1	3	2	2	4	4	2	3	2	5	2	4	2	2	2	3	1	4	4	4	3	2	4	3	4	3	4	2	2	2	4	2	3	2	2	1	2	2	4	2	2	2	2	2	4	2	3	2	4	4	3	4	4	2	4	2	4	2	2	2	4	2	4	2	2	3	4	2	4	2	3	2	2	2	2	4	3	2	4	2	2	4	4	2	2	2	3	2	3	3	4	3	2	4	2	3	2	3	2	3	2	3	3	3	3	3
10050034	3	2	3	3	3	2	3	2	3	2	3	3	4	2	3	2	3	3	3	2	3	2	3	3	3	3	3	4	2	3	3	3	3	3	2	3	2	3	2	3	3	3	2	2	3	3	2	3	2	2	2	2	4	3	3	3	3	3	4	3	2	3	2	3	3	3	2	3	2	3	2	2	3	3	2	3	2	3	2	3	2	2	3	3	3	3	3	3	3	3	2	4	3	3	3	3	3	3	3	2	3	2	2	3	3	3	3	2	3	2	3	2	3
10050036	3	3	3	4	3	3	3	2	3	2	3	3	4	2	3	2	4	2	3	2	3	4	3	3	3	4	2	2	4	4	3	4	3	4	2	2	2	4	2	4	4	3	3	2	3	4	3	2	3	2	4	3	2	4	3	3	3	2	2	2	3	5	2	5	3	4	2	4	5	3	2	5	3	3	2	4	3	4	4	3	2	3	3	4	1	3	3	5	4	4	1	4	3	4	4	4	2	4	3	3	4	4	1	3	4	3	4	2	4	3	3	4	3
10050037	3	2	3	3	3	3	3	2	3	2	1	1	3	1	5	3	5	2	3	2	2	3	3	2	5	5	2	3	1	4	2	4	3	3	2	3	2	3	1	4	4	5	2	2	2	3	3	2	2	2	2	4	3	3	3	3	3	4	4	3	2	3	3	3	3	4	3	3	2	4	3	2	3	3	3	4	2	3	3	5	2	3	3	3	5	4	3	3	3	3	3	3	2	3	3	3	3	3	3	1	3	2	3	3	4	2	3	3	3	3	4	2	3
10050038	4	4	1	5	2	2	1	5	2	5	2	2	3	1	2	2	3	3	2	5	4	5	3	5	4	3	1	1	5	3	2	2	3	4	3	2	5	2	3	3	3	5	3	2	5	2	3	4	5	5	4	4	2	3	1	3	5	5	4	1	5	3	3	3	3	4	5	2	3	4	4	1	5	4	3	4	3	3	5	5	3	3	3	3	4	2	5	5	5	4	3	4	3	2	1	3	4	3	2	3	3	3	4	5	2	3	2	3	5	2	2	2	3
10050041	4	3	3	5	4	3	4	2	3	5	3	3	3	4	2	3	4	2	3	3	3	3	3	3	3	4	2	4	4	3	4	3	3	4	4	2	3	3	3	3	2	4	2	2	2	4	2	4	4	3	3	4	2	4	2	2	3	3	4	2	3	2	4	3	2	4	3	4	3	2	4	4	4	3	2	2	4	3	4	4	2	2	3	4	2	2	4	5	4	3	4	2	3	3	4	2	2	3	2	2	3	4	1	4	3	2	4	2	2	2	1	4	2
10050042	3	4	4	3	4	4	3	3	3	3	3	3	3	3	3	3	3	3	4	2	3	3	3	2	3	3	3	5	5	5	2	3	4	5	4	5	1	5	1	3	1	3	1	4	1	1	3	5	3	3	1	4	2	2	3	3	4	5	4	1	2	3	2	3	1	4	1	5	1	4	2	4	4	3	2	5	1	3	2	2	2	1	4	4	1	3	4	4	4	4	3	4	1	4	4	4	1	4	5	3	4	4	3	3	4	3	5	2	4	2	3	4	5
10050044	4	2	5	2	4	2	4	2	4	2	4	1	4	2	4	2	5	2	5	2	3	1	4	2	4	4	3	5	2	5	2	4	3	5	3	4	2	3	3	4	1	3	2	5	3	5	2	2	2	3	2	5	2	5	3	4	4	4	3	3	2	4	2	5	2	4	1	5	2	4	2	3	2	4	2	3	1	4	3	3	2	1	4	4	4	3	4	3	5	5	2	3	2	3	2	5	1	4	3	2	5	2	2	3	3	2	4	2	5	2	3	3	4
10050045	5	1	5	1	5	2	4	2	3	2	3	2	3	2	5	2	4	2	4	3	5	2	4	2	4	4	4	4	1	5	1	5	2	4	2	4	2	3	2	4	2	5	2	3	2	3	2	5	3	2	2	3	3	4	4	5	4	5	3	4	2	4	2	4	2	3	2	4	2	4	2	3	3	3	2	4	2	4	1	3	3	2	4	3	3	4	4	2	4	4	1	4	2	4	2	5	2	4	4	2	4	3	3	3	4	5	3	2	3	2	4	3	3
10050049	5	5	5	4	5	4	4	1	5	1	3	3	3	1	5	1	5	3	4	4	4	2	5	2	5	5	3	5	3	5	3	5	1	5	5	3	1	4	3	4	3	2	5	4	4	4	3	2	3	1	2	3	4	5	4	5	5	4	5	2	4	4	1	5	4	4	2	5	4	4	1	3	2	5	2	4	3	4	2	3	1	3	5	5	2	5	4	4	5	5	3	5	2	5	4	5	2	5	5	5	5	2	5	3	3	4	5	2	5	3	2	3	5
10050050	3	3	3	3	2	3	3	3	3	3	3	3	3	3	3	3	3	3	3	3	3	3	3	3	3	3	3	3	2	2	2	3	3	4	3	3	2	3	3	3	3	3	3	4	3	3	3	3	3	3	3	3	3	3	3	3	3	2	3	2	3	2	3	3	3	2	2	2	3	2	2	3	3	3	3	4	4	3	2	3	3	3	3	4	2	3	4	3	2	4	2	3	2	3	2	3	4	3	3	3	3	3	3	4	5	1	4	2	3	4	3	3	4
10050052	4	2	4	2	4	2	4	2	4	2	4	2	4	2	4	2	4	1	4	3	4	2	4	2	4	3	3	4	1	4	2	4	3	4	3	4	2	4	2	5	3	3	2	4	3	4	1	5	3	3	1	4	4	4	2	4	4	4	5	2	3	3	3	5	1	4	1	4	1	4	2	2	3	4	2	4	2	4	2	4	2	2	4	4	2	4	3	3	5	5	1	3	2	4	2	4	2	4	4	1	4	4	4	2	5	4	4	1	4	2	4	1	4
10050053	3	3	3	3	4	3	4	2	4	2	3	3	4	2	3	2	4	2	3	2	4	2	2	1	4	4	3	3	3	4	3	4	2	4	2	3	4	2	3	3	2	3	3	4	4	3	2	4	2	3	3	2	3	4	3	3	4	4	3	2	3	3	3	3	2	3	2	4	4	3	2	2	2	3	2	4	3	4	3	3	3	2	3	4	2	3	4	2	4	4	2	3	3	3	3	4	2	4	3	3	4	4	3	3	4	4	3	3	3	4	4	2	4
10050055	5	2	3	3	3	2	3	3	5	3	4	2	4	2	3	1	4	1	4	5	5	5	3	4	4	4	3	5	1	5	2	4	3	4	1	3	2	4	2	5	1	4	3	4	3	4	2	5	3	4	2	3	5	4	2	4	4	5	3	3	5	3	4	3	2	3	4	4	2	3	3	3	3	4	3	4	3	3	2	3	3	3	4	3	3	5	4	5	3	4	1	5	4	4	3	5	2	3	5	2	4	2	3	3	4	5	3	3	3	1	2	5	4
10060006	2	3	4	3	3	2	4	2	5	3	3	4	3	3	1	2	3	2	3	3	3	3	3	3	4	3	3	4	3	3	3	4	3	5	1	3	3	3	3	4	3	4	4	5	3	4	2	3	2	2	4	2	3	4	4	4	3	5	5	3	3	3	2	3	3	4	2	5	3	4	2	4	3	2	4	4	2	2	2	4	2	4	5	4	3	5	4	2	5	4	1	4	3	5	3	5	4	5	5	5	3	3	2	5	5	5	5	1	5	1	2	5	5
10060009	4	2	4	4	5	3	5	1	4	2	5	3	5	1	5	1	5	1	4	1	4	1	3	1	5	5	5	5	1	5	2	5	1	5	4	4	1	4	3	5	2	3	3	3	2	5	1	4	2	1	1	5	2	5	4	4	5	5	5	4	1	5	1	5	1	5	1	5	4	1	2	1	3	5	2	3	1	5	3	1	3	1	5	5	1	4	5	4	5	5	3	3	4	4	2	5	5	5	5	3	5	1	5	3	5	3	5	1	5	1	4	1	5
10060012	4	4	4	4	3	1	4	2	3	5	4	2	4	5	5	3	3	2	4	4	5	2	4	4	2	2	3	5	2	5	3	4	3	4	1	2	3	2	2	5	2	5	3	4	3	2	3	2	4	4	4	5	2	3	2	4	2	5	5	2	5	5	1	4	5	1	4	4	5	4	3	2	5	2	2	4	3	4	3	5	3	2	3	1	1	4	4	1	5	4	1	2	3	5	3	5	5	4	5	2	2	5	1	5	3	5	5	3	4	2	1	3	4
10060014	3	3	2	3	3	3	2	4	2	3	4	2	4	2	3	2	3	2	3	3	4	3	3	4	4	3	1	4	1	3	3	4	3	4	2	3	4	4	2	3	2	3	3	2	4	2	3	3	4	4	2	3	5	4	2	3	4	4	2	3	4	4	3	2	3	3	4	3	2	3	3	3	4	3	3	4	4	4	4	4	4	3	3	4	4	3	3	3	4	4	2	5	3	3	3	3	3	4	4	3	4	3	2	4	4	4	4	2	3	2	5	2	2
10060019	3	3	5	5	5	5	5	1	3	4	1	2	5	3	5	2	5	3	4	4	3	1	4	4	5	5	4	4	1	3	2	3	3	5	3	2	1	2	2	4	1	4	3	3	2	1	2	3	4	4	4	3	2	5	2	3	5	3	5	3	2	4	4	4	3	3	2	4	4	5	3	1	3	3	2	4	2	5	4	4	3	2	4	3	2	3	4	4	3	5	4	4	2	4	3	2	3	5	4	3	4	2	2	4	4	2	5	3	4	4	2	3	3
10060020	3	3	2	1	5	5	5	2	2	2	3	3	1	1	1	1	1	3	3	3	4	2	1	5	2	2	2	5	2	1	2	2	1	2	3	4	3	2	2	1	2	3	5	1	2	3	3	1	1	1	3	3	4	5	1	1	1	1	1	3	4	4	1	2	5	5	5	4	2	2	2	2	1	4	2	3	1	4	1	1	3	2	2	2	2	2	3	4	2	3	3	4	1	1	1	1	2	1	1	2	2	3	2	3	3	3	2	4	4	3	3	3	3
10060022	4	3	5	4	3	2	4	1	2	3	3	2	4	2	3	2	3	1	3	2	3	1	4	2	5	3	3	5	1	5	2	3	3	5	2	3	1	4	3	4	2	4	1	2	1	4	1	3	4	3	2	3	2	5	2	3	4	4	5	1	3	3	3	3	3	4	2	5	4	3	3	3	4	3	1	4	3	5	4	3	3	1	3	4	3	3	4	5	4	5	2	3	3	2	3	3	1	4	3	1	3	2	2	2	4	3	4	2	5	2	3	4	2
10060023	3	3	4	3	4	2	2	1	3	2	4	2	4	2	3	2	4	3	3	3	4	2	4	2	4	4	2	4	2	4	2	4	2	4	3	3	2	2	2	3	2	3	2	4	3	3	2	3	2	2	2	2	3	4	3	3	3	3	4	2	3	3	2	3	2	3	2	5	3	3	2	1	2	3	2	3	2	3	2	3	3	2	3	2	3	3	3	2	3	3	2	3	3	3	2	4	3	4	3	2	3	2	3	2	4	3	3	3	3	3	3	2	3
10060024	5	4	5	2	3	3	5	1	5	2	3	2	3	1	3	1	5	1	4	1	2	1	2	2	5	5	2	4	4	5	3	3	3	5	2	5	2	4	1	3	3	4	2	2	4	4	1	5	1	1	2	4	2	5	5	3	4	5	3	3	2	4	1	4	1	4	1	5	5	4	1	1	2	3	1	3	2	4	4	1	2	2	4	4	1	5	5	1	5	5	3	3	3	3	2	5	4	5	4	1	5	1	2	3	3	5	4	5	5	1	3	1	5
10060027	3	3	3	4	3	2	2	2	2	2	4	3	4	3	3	3	4	3	3	2	4	1	4	2	3	3	3	4	1	4	3	4	2	4	4	2	2	4	2	4	3	1	2	3	2	2	3	3	3	2	3	4	2	4	3	4	3	4	3	3	2	3	1	3	3	3	1	4	3	3	1	1	3	3	2	3	3	3	3	2	2	2	4	2	1	2	2	3	2	3	2	4	2	4	3	5	2	3	2	3	3	3	3	2	4	2	4	3	3	3	2	3	3
10060028	3	3	4	5	4	2	4	2	3	3	4	3	5	1	3	2	5	3	3	4	3	3	3	3	4	4	4	2	2	4	2	4	2	5	2	3	2	3	2	4	4	2	1	4	3	2	2	4	3	3	2	3	3	5	3	4	4	4	5	3	3	3	2	4	3	4	2	5	4	4	2	2	3	3	2	3	2	4	3	2	2	2	4	4	3	4	4	5	4	4	4	4	3	4	3	4	3	4	5	3	3	3	3	3	4	3	3	3	3	3	3	3	4
10060030	5	2	2	2	4	2	4	4	4	2	3	1	4	1	2	1	5	1	5	2	5	1	5	2	5	5	3	5	4	4	3	4	3	4	1	5	4	4	2	4	2	5	1	4	3	5	1	5	2	2	2	4	4	4	5	5	5	5	3	3	1	5	4	4	1	5	1	5	1	5	1	5	3	5	3	5	1	5	1	5	1	1	4	5	5	5	5	1	5	5	1	5	4	5	3	5	2	5	5	1	5	1	2	3	5	5	4	3	5	1	5	5	5
10060031	5	3	3	3	4	4	3	2	3	2	4	4	4	3	3	2	5	1	3	2	4	3	4	3	4	4	2	3	2	4	3	3	3	4	1	3	4	3	3	3	1	3	2	2	3	4	2	5	3	3	3	4	4	4	3	4	3	5	4	3	4	3	3	3	1	3	2	3	3	4	2	3	4	4	3	4	3	4	2	4	2	2	3	4	3	5	3	3	4	3	2	4	2	4	2	4	2	3	5	2	3	2	3	3	4	5	4	2	4	2	3	3	2
10060038	5	2	5	3	5	4	5	1	4	1	5	2	5	1	3	1	5	1	4	1	4	1	4	2	5	5	4	3	2	5	1	4	1	5	1	3	1	4	1	4	2	5	1	4	2	5	1	5	1	1	1	3	5	5	4	5	5	5	5	2	1	5	4	5	1	4	1	4	3	4	1	1	2	5	2	4	2	5	2	4	2	2	5	4	4	5	4	2	5	5	3	5	2	5	3	4	1	5	3	2	4	2	3	3	4	3	3	2	4	5	5	1	5
10060040	4	4	4	3	4	3	5	1	4	2	3	1	4	1	4	1	4	2	4	3	3	3	5	3	5	5	4	4	2	4	4	4	2	4	4	4	2	4	2	3	2	4	3	4	3	4	2	4	3	2	3	4	2	4	4	3	5	4	3	3	3	4	2	4	3	4	2	5	4	5	2	4	3	4	1	5	2	5	2	4	2	2	4	4	5	3	4	3	3	5	3	4	4	4	2	4	3	4	2	2	4	1	4	2	4	2	3	2	4	4	4	4	4
10060042	4	3	3	4	3	3	3	3	2	3	3	2	4	3	3	3	3	1	3	3	4	3	3	3	3	3	4	3	2	4	3	4	3	4	2	2	4	4	1	4	4	4	2	2	3	3	2	3	3	3	2	4	4	3	3	3	3	4	4	4	3	3	4	3	5	3	2	4	1	5	3	3	4	2	3	4	4	3	4	4	2	3	3	3	3	4	3	3	5	4	2	3	2	4	1	4	3	3	4	2	3	3	3	5	3	3	4	1	3	3	3	3	3
10060047	5	2	5	2	5	1	5	1	2	2	5	1	5	1	5	1	5	3	5	5	4	5	4	2	5	4	4	4	2	5	2	5	1	3	2	2	2	4	2	4	4	4	1	3	1	5	1	3	3	2	2	3	4	3	3	4	5	5	5	1	2	3	2	4	5	5	3	5	1	5	1	1	3	4	1	4	2	4	1	4	1	1	4	4	4	4	5	2	4	5	1	4	2	4	2	5	4	5	4	2	5	1	5	3	5	3	3	1	4	4	3	2	3
10060049	4	2	4	4	3	3	4	2	3	3	4	2	3	3	3	2	2	2	3	2	3	2	3	2	5	4	4	4	3	5	3	5	3	5	3	2	2	4	3	3	4	4	3	3	3	4	2	4	3	3	2	4	2	5	2	3	4	3	4	5	3	3	3	3	3	4	2	4	1	3	2	3	3	4	2	4	3	4	2	3	2	2	4	4	3	2	3	3	5	5	3	2	2	3	3	3	3	4	3	2	3	3	3	3	4	3	4	2	3	3	3	4	4
10070002	4	3	3	4	3	4	3	2	3	3	3	3	4	3	3	3	3	3	3	3	3	4	3	2	4	4	4	3	3	3	4	4	3	4	3	3	3	3	3	4	3	4	4	3	3	3	2	3	3	4	4	4	4	4	3	3	3	4	5	3	4	4	3	3	3	3	3	4	4	4	3	2	4	3	2	4	3	4	3	3	2	3	4	4	3	3	4	4	4	5	3	3	2	4	2	4	4	3	4	3	3	3	4	3	3	2	5	3	4	4	3	3	3
10070004	4	3	5	3	4	2	4	2	2	2	4	3	4	2	3	2	4	1	3	2	4	3	4	2	4	4	4	2	2	4	4	4	2	3	2	3	3	4	1	4	4	4	2	3	3	4	2	4	4	4	2	3	4	4	3	4	5	4	4	3	3	2	3	4	3	3	2	5	4	4	3	2	3	5	3	4	3	3	3	5	3	2	3	4	4	4	4	3	5	5	3	5	3	3	2	3	3	3	4	2	3	2	5	3	3	4	3	2	4	2	5	2	3
10070005	3	2	5	5	5	5	5	1	2	1	5	1	5	1	5	2	3	2	3	5	2	5	5	3	5	5	2	5	2	5	1	5	2	5	1	1	1	5	2	5	2	5	3	3	3	5	1	3	3	2	2	3	2	3	3	3	5	5	4	2	4	5	2	4	3	5	5	5	2	5	1	1	3	3	1	5	2	4	4	5	2	3	4	5	2	5	5	5	4	5	2	5	2	5	4	5	5	5	3	2	5	2	3	3	3	5	5	1	4	3	3	2	3
10070008	4	3	4	3	4	3	4	2	2	2	3	2	4	2	3	2	4	3	4	2	4	2	4	2	4	4	4	3	2	3	3	4	2	4	3	3	2	3	2	4	3	3	2	3	2	3	2	4	2	2	3	4	2	4	3	4	4	5	4	3	2	4	3	4	3	3	2	2	3	4	2	2	3	4	2	4	3	4	3	3	2	2	4	3	2	4	4	3	4	5	2	4	2	4	2	4	2	4	3	3	4	2	3	2	4	4	3	2	4	3	4	3	3
10070011	3	2	3	5	3	4	3	3	2	3	2	4	4	4	2	3	3	3	3	2	4	2	3	2	3	2	2	3	3	3	3	4	3	3	2	3	3	3	4	3	3	2	3	3	4	2	3	4	4	4	3	3	2	4	2	3	2	4	4	4	3	2	3	2	4	3	2	4	5	2	3	3	4	3	2	3	4	2	4	3	3	3	2	3	2	2	3	4	3	3	3	2	3	3	4	2	3	3	3	2	4	4	2	4	3	3	5	3	4	4	2	4	3
10070012	4	3	5	3	5	1	5	4	3	2	4	3	4	3	2	1	1	1	2	5	2	2	4	1	1	3	4	5	1	4	2	5	3	5	2	3	1	5	2	5	2	3	1	4	3	5	1	5	1	5	4	3	4	5	4	5	2	4	3	2	1	4	2	4	3	4	1	5	3	4	1	3	2	5	1	5	2	5	2	2	1	1	4	4	1	4	4	2	4	5	2	4	1	4	3	3	1	5	4	1	4	3	4	2	5	4	3	1	5	3	4	3	4
10070014	5	3	4	2	3	3	3	2	3	1	1	2	3	1	4	3	4	5	4	3	3	3	2	2	4	4	2	5	5	5	2	4	4	4	3	3	2	2	3	4	3	4	1	2	2	2	4	2	2	2	3	2	1	4	3	3	4	5	4	3	2	5	1	3	1	4	3	3	3	3	1	4	2	4	2	3	1	4	2	5	2	1	2	3	5	5	5	3	3	4	2	4	3	3	3	4	3	5	3	2	3	4	1	2	2	4	4	2	3	4	3	2	3
10070015	3	3	3	4	3	3	3	3	2	3	4	2	4	3	3	2	3	2	2	2	4	2	3	2	3	3	4	3	4	3	2	3	3	4	3	3	3	3	3	4	3	3	2	2	3	3	2	3	4	3	2	3	3	4	2	3	3	4	3	2	2	2	3	3	2	3	2	3	2	4	3	2	3	4	2	4	3	4	3	4	3	2	3	3	3	3	3	3	4	4	3	5	2	3	2	2	2	3	3	2	3	3	2	4	4	3	4	1	3	3	3	2	2
10070017	4	2	5	5	5	2	4	4	4	1	5	5	5	3	5	2	5	1	3	3	5	1	2	1	5	5	5	5	2	4	4	4	3	5	5	2	2	2	3	5	3	1	2	4	2	1	3	2	2	2	2	4	2	3	2	4	5	3	5	1	4	3	4	5	4	4	1	5	2	5	3	4	2	4	1	5	2	3	1	4	2	1	4	5	1	4	5	5	5	5	2	5	1	5	5	5	4	5	3	1	5	4	4	5	4	4	5	1	3	3	2	1	4
10070020	3	3	4	1	3	2	3	1	3	3	3	3	3	2	3	3	3	2	4	3	3	2	3	3	5	4	3	4	1	3	3	4	4	4	2	3	2	4	3	4	3	3	2	3	3	3	3	4	3	2	2	3	3	4	3	5	4	4	5	3	3	4	2	4	3	3	2	4	2	4	1	4	3	4	2	4	2	4	2	4	2	2	3	3	3	5	4	1	5	3	1	5	1	4	3	5	2	4	4	1	4	3	3	2	4	3	3	3	3	3	3	3	4
10070026	5	4	5	2	4	2	4	2	1	1	4	3	3	1	3	1	5	2	3	4	5	3	3	1	5	5	2	5	4	5	4	4	2	3	1	3	1	3	1	4	3	3	1	3	2	4	2	3	4	2	1	3	3	4	3	4	5	4	5	3	2	3	3	3	3	3	3	5	3	5	2	3	2	5	1	5	2	5	2	2	1	2	4	4	5	5	5	4	5	5	1	4	3	3	2	5	4	5	3	2	5	1	3	1	4	4	5	2	4	4	4	2	4
10070027	1	2	5	3	4	2	5	1	5	3	4	4	5	1	3	5	4	1	3	1	4	1	3	1	5	4	5	4	2	5	2	4	3	5	1	4	2	3	1	4	1	3	4	4	2	5	1	5	2	4	4	3	1	4	3	5	5	5	3	2	3	3	3	4	1	3	1	5	3	4	2	4	4	2	1	4	3	4	1	1	1	1	3	4	1	5	4	4	4	4	1	4	3	4	4	4	2	4	4	3	4	1	2	1	4	4	2	5	4	1	3	4	4
10070028	3	3	4	4	4	3	3	2	2	4	3	2	2	3	2	3	2	2	3	4	2	2	2	5	2	2	2	4	3	4	3	3	3	4	4	2	3	4	2	3	3	2	4	3	3	3	3	4	4	5	4	4	2	3	2	2	2	4	4	3	4	4	2	3	4	3	2	4	3	2	3	2	4	1	2	2	4	3	3	5	2	3	4	4	2	2	2	4	5	3	3	2	2	2	3	2	3	4	2	3	3	3	3	3	4	3	4	4	4	5	2	4	4
10070033	4	4	4	3	5	1	5	2	5	2	3	2	5	2	4	1	5	3	5	1	5	1	5	3	5	5	5	5	5	5	1	5	2	5	1	3	2	4	3	2	1	4	2	5	3	1	3	5	3	1	2	3	4	4	3	1	1	5	2	1	1	3	2	3	1	4	2	4	1	3	1	4	2	3	1	4	3	3	3	1	2	2	3	3	4	5	5	1	4	4	2	5	2	5	3	5	1	5	3	1	3	1	2	1	2	5	2	1	1	1	5	2	1
10070034	4	3	4	2	4	2	3	2	2	1	4	2	3	1	2	2	3	1	4	2	2	1	3	2	5	4	4	4	2	4	2	4	2	4	2	3	3	3	2	4	2	4	4	4	4	4	2	4	3	2	1	2	4	4	2	3	3	4	4	2	2	3	4	3	3	3	2	4	4	4	1	2	4	3	1	4	3	4	3	5	2	3	4	4	3	4	5	2	4	5	3	4	2	3	3	3	4	4	4	1	3	2	3	3	3	3	3	2	3	2	4	2	4
10070037	2	2	2	3	4	3	4	2	2	4	4	2	5	3	2	2	3	2	4	2	3	3	3	2	4	3	3	3	3	4	2	4	2	5	2	3	2	3	1	4	2	3	2	3	2	2	3	4	3	3	2	3	3	4	3	4	3	4	3	3	3	3	3	3	2	3	2	4	3	4	3	1	3	4	3	4	2	4	2	3	3	3	3	3	3	3	5	2	4	4	2	4	3	3	2	3	2	5	4	1	3	2	2	3	4	4	4	2	2	1	4	2	3
10070038	5	1	1	4	5	4	5	1	3	2	5	2	5	2	4	1	5	1	4	1	3	1	3	1	5	5	3	5	3	5	5	4	2	4	4	3	1	5	1	4	1	5	2	4	1	5	5	4	3	3	2	5	3	5	3	3	5	5	4	3	3	4	3	4	2	5	1	5	3	4	2	2	2	4	1	5	2	5	1	3	1	1	5	4	3	2	5	2	5	5	1	5	1	4	3	5	2	5	4	3	5	1	5	2	4	3	2	1	5	2	3	4	3
10070040	2	3	5	4	3	3	4	2	3	3	4	3	4	3	2	2	4	3	2	3	3	2	3	3	3	3	3	3	2	4	3	3	3	3	3	2	2	3	2	3	4	3	3	4	3	4	1	3	3	3	1	3	1	5	3	3	3	2	5	3	5	3	1	4	3	2	2	4	4	4	3	1	5	3	2	4	3	4	3	4	2	2	3	2	2	3	3	3	3	3	3	4	5	3	3	3	3	4	3	2	3	3	3	3	3	3	5	3	4	4	2	2	3
10070043	4	2	4	1	3	1	4	1	2	1	4	1	4	1	3	1	5	2	4	1	5	1	3	1	5	3	3	4	1	5	2	5	2	5	1	5	1	5	2	5	4	5	1	3	2	4	1	5	1	2	1	5	2	4	4	5	5	5	5	4	1	3	2	5	3	4	2	5	2	5	1	3	3	5	1	5	1	5	2	5	1	1	4	5	3	5	4	2	5	5	1	4	1	5	2	5	2	5	5	1	5	4	4	3	5	4	5	1	4	2	5	4	5
10070044	3	2	5	4	3	3	3	2	1	3	3	3	4	4	3	3	3	3	3	4	3	3	4	4	4	3	4	4	1	4	3	3	3	4	2	3	2	2	2	4	3	4	3	2	2	3	3	3	3	4	1	3	3	3	2	3	3	3	4	2	4	2	3	2	4	3	3	3	2	4	3	3	4	3	2	2	2	3	3	4	3	4	4	3	3	3	3	3	5	4	3	3	3	3	2	3	3	3	3	3	2	3	3	3	3	3	3	3	3	3	3	3	3
10080002	3	2	5	3	3	3	3	1	2	3	3	4	5	3	3	2	5	1	4	2	3	2	4	2	4	4	4	3	3	4	3	4	3	4	2	3	1	4	1	4	1	3	3	3	2	4	1	4	3	3	4	2	2	3	3	3	3	4	4	3	3	3	2	3	2	3	2	4	2	5	2	1	4	4	2	5	4	4	2	3	2	2	4	2	1	5	4	2	5	4	2	4	2	3	2	5	4	4	4	2	3	2	3	5	2	3	4	1	3	2	3	2	3
10080003	4	2	1	5	2	5	3	5	5	5	3	5	1	5	1	1	3	4	3	5	5	3	3	5	3	3	1	5	5	2	5	2	5	1	3	3	5	1	1	1	1	1	5	5	5	5	5	5	2	5	4	3	2	1	2	1	2	4	3	1	5	2	2	2	1	3	4	3	5	2	5	5	5	1	5	2	5	1	5	1	4	1	2	3	1	3	3	1	2	2	4	5	5	4	3	4	2	2	2	4	2	3	2	5	2	5	5	5	2	4	5	1	5
10080007	3	3	3	5	2	2	3	3	3	3	3	3	3	2	2	4	3	3	2	3	2	4	4	3	3	3	3	3	3	3	3	3	3	3	3	4	3	3	5	3	3	3	3	4	3	3	3	3	3	3	3	4	4	3	3	3	3	2	3	3	3	1	3	4	3	3	2	3	3	3	3	3	3	3	3	3	3	3	3	3	3	3	3	3	3	3	3	3	3	3	3	3	3	3	3	4	4	4	3	3	3	3	3	3	3	3	3	3	3	3	3	3	3
10080008	5	3	5	3	4	2	5	2	4	1	4	2	4	1	5	1	5	2	4	4	3	3	3	2	5	5	5	5	1	5	1	5	2	4	3	2	1	3	2	5	1	5	1	5	3	4	1	3	1	2	2	5	3	4	5	4	5	5	4	2	2	5	4	5	4	5	3	1	2	4	2	3	3	5	1	4	1	4	5	2	2	2	5	5	2	5	4	4	5	5	4	5	3	5	3	5	3	5	3	1	5	3	5	1	4	3	3	1	5	3	4	2	5
10080012	5	2	3	3	5	5	4	2	3	3	4	2	5	2	5	1	5	2	5	2	5	2	5	2	5	4	4	2	1	5	3	5	3	5	1	5	2	3	1	5	3	5	2	3	3	5	1	5	3	3	3	4	1	5	3	5	5	5	5	5	3	4	2	5	3	4	3	5	5	5	2	3	3	5	3	5	2	5	3	3	2	2	3	5	3	5	5	5	5	5	2	5	2	4	3	4	3	4	5	1	4	1	3	4	5	5	3	2	3	3	3	1	4
10080013	3	3	5	4	4	3	5	2	3	2	4	3	1	2	3	2	2	2	3	1	5	1	3	1	4	3	3	3	2	4	1	4	3	3	2	3	1	3	2	4	3	3	1	3	1	3	2	5	3	2	1	3	3	4	3	5	5	4	4	3	1	3	2	3	2	3	2	5	2	5	2	2	3	4	3	5	2	4	2	3	2	2	4	4	2	3	3	2	4	4	2	4	4	3	3	4	1	3	4	1	5	2	2	2	3	4	5	2	3	3	3	3	3
10080015	3	2	2	5	3	4	4	2	4	4	4	2	2	1	5	4	4	1	3	2	4	2	3	2	5	4	3	4	4	3	2	4	4	4	1	3	2	4	2	3	2	5	3	4	3	3	2	4	4	5	3	3	3	4	2	3	4	5	5	3	4	3	2	2	2	4	2	4	2	4	2	2	4	2	2	4	5	3	3	4	3	2	4	3	5	4	3	4	4	4	3	5	2	4	2	3	3	4	4	2	4	5	2	4	4	4	5	4	2	3	2	3	3
10080019	3	4	3	5	3	4	4	1	3	4	3	3	4	2	4	1	3	1	3	4	3	4	3	5	4	4	3	3	4	3	2	3	3	3	1	3	3	3	2	3	1	3	4	3	5	5	1	5	3	3	4	4	4	3	3	2	2	4	5	2	5	3	3	3	2	3	4	5	4	4	3	1	3	2	1	4	1	4	3	3	4	4	4	4	2	3	5	5	4	5	5	5	5	2	3	4	1	5	4	4	3	3	5	5	4	5	5	5	1	2	1	1	3
10080023	3	1	5	5	3	2	3	1	5	5	4	1	4	3	4	2	5	2	1	5	5	5	5	3	5	3	1	3	5	4	4	4	4	3	1	2	4	3	1	2	2	5	5	3	5	3	3	2	4	5	3	4	4	3	1	5	5	3	4	1	4	2	4	2	5	3	3	3	1	5	4	2	5	2	4	5	5	3	3	5	5	5	2	2	3	5	3	3	2	5	3	4	5	5	2	5	4	4	3	5	3	4	1	4	2	4	2	5	2	3	5	1	4
10080026	3	4	3	5	3	5	1	4	3	3	3	3	3	5	2	3	3	2	3	4	3	3	3	3	2	2	3	3	4	3	1	4	5	3	3	1	5	3	1	3	4	3	4	2	3	3	3	4	4	4	3	3	4	4	3	3	3	3	2	1	5	3	3	3	4	3	3	1	4	4	4	1	5	2	5	3	5	2	4	2	4	4	3	3	1	2	3	5	3	1	4	3	4	3	3	4	4	3	1	4	3	5	1	5	3	3	5	5	3	3	1	4	4
10080028	4	3	4	2	4	4	4	2	4	2	4	4	4	2	4	2	4	3	4	2	4	2	4	3	5	4	3	4	2	5	2	3	2	5	2	4	2	2	1	3	4	4	3	4	2	4	2	4	2	2	3	4	2	4	4	4	4	4	3	4	3	4	3	4	2	3	2	5	4	4	1	3	3	3	2	4	2	4	3	3	2	2	4	4	4	4	5	3	5	5	2	4	2	3	4	4	2	4	4	3	4	2	4	3	4	4	4	2	4	3	4	4	4
10080029	5	2	4	3	5	4	4	2	4	2	5	4	5	1	4	1	5	1	4	1	5	1	5	3	5	5	5	5	2	5	3	5	3	5	1	4	3	4	4	3	1	3	2	5	2	5	2	5	2	2	2	4	2	5	4	5	5	5	5	2	3	4	3	5	3	5	1	5	4	5	2	1	4	4	3	5	2	5	2	3	1	1	5	4	3	5	3	3	5	5	3	5	3	5	3	5	1	5	5	3	5	4	5	3	3	5	5	4	4	3	5	3	4
10080031	4	2	4	5	4	3	3	2	3	3	4	3	5	3	4	2	3	2	4	5	5	4	4	4	5	4	3	3	2	4	1	4	3	5	3	2	2	3	2	3	1	4	4	4	2	3	3	4	3	3	2	3	1	4	2	4	3	4	4	3	4	3	3	3	2	3	3	4	3	5	3	4	4	3	2	4	3	4	3	4	3	2	5	3	3	3	3	4	4	4	3	3	3	4	3	4	4	3	3	2	3	3	3	3	3	4	4	3	3	1	3	3	3
10080033	3	2	4	2	5	3	5	2	1	2	5	3	5	1	4	2	5	1	3	1	5	5	2	5	5	5	5	3	1	5	3	5	1	3	1	2	3	1	1	5	1	5	1	5	3	4	1	5	3	4	1	2	1	1	2	5	5	5	5	5	3	4	4	5	2	2	3	5	1	4	1	2	3	5	4	5	3	4	2	2	3	4	3	3	4	5	4	3	5	2	2	5	4	5	5	5	3	4	5	2	4	3	2	3	4	5	2	2	4	2	1	1	3
10080037	5	2	3	4	4	3	4	3	5	3	4	1	4	2	4	2	5	4	2	4	5	5	4	3	4	4	3	3	1	5	2	5	3	2	3	3	2	3	1	3	3	5	2	5	2	3	2	3	3	3	3	4	3	4	3	5	5	3	4	3	3	4	2	4	4	3	4	5	3	2	3	3	4	3	3	3	3	4	2	4	2	2	4	3	2	3	3	2	3	5	2	4	4	4	5	5	4	4	2	2	5	3	2	3	3	3	4	2	3	2	2	5	5
10080038	4	5	3	2	4	2	5	2	1	2	5	3	4	2	2	1	5	2	4	2	5	3	1	2	5	5	1	5	3	5	3	5	2	4	2	3	2	4	1	4	2	4	4	1	3	4	1	5	4	2	2	5	4	5	2	4	5	5	5	1	3	4	2	5	4	3	2	2	4	5	3	1	5	5	1	5	3	5	5	3	2	2	1	4	3	5	3	3	5	5	2	5	5	3	3	4	4	5	4	5	5	2	5	3	4	5	5	3	4	3	5	3	5
10080041	5	3	5	5	5	2	5	2	5	2	4	1	4	1	5	4	5	5	4	4	5	4	4	4	5	5	2	5	5	5	3	4	5	5	1	1	1	4	3	1	5	5	1	5	5	5	4	5	5	5	3	4	2	4	1	5	5	5	5	3	5	3	1	5	1	3	1	5	5	4	4	5	5	2	3	3	1	4	4	5	4	4	4	4	5	4	4	4	5	5	4	4	3	5	5	4	1	4	4	4	3	4	2	5	1	5	5	4	5	2	3	4	5
10080042	5	2	5	4	4	4	5	2	4	2	4	2	5	3	4	4	4	1	3	5	2	2	3	2	4	4	3	5	4	5	2	5	4	5	1	4	2	4	2	5	2	5	2	5	2	1	1	4	2	2	1	4	2	5	4	5	4	5	5	2	2	5	2	5	3	4	3	5	2	5	1	4	2	5	1	4	2	4	2	5	2	2	4	5	4	5	5	2	5	5	1	5	2	5	1	5	4	5	5	1	5	2	5	3	5	4	2	2	5	2	3	4	4
10080043	5	2	4	3	5	2	4	2	4	2	5	2	5	1	4	2	5	1	4	3	3	2	4	2	5	5	2	4	1	5	2	4	2	4	2	3	2	4	2	4	2	4	2	4	3	2	1	3	2	2	2	3	2	5	4	3	3	4	3	3	2	4	3	4	5	4	2	4	3	4	2	1	2	3	2	4	2	5	3	5	2	3	4	4	4	4	4	3	4	5	2	5	3	3	2	5	3	4	4	2	4	2	3	2	4	3	4	2	4	4	4	3	5
10080044	4	4	5	3	4	2	4	2	4	2	4	3	4	1	4	2	4	2	3	4	4	2	4	2	4	4	2	4	3	4	3	4	3	4	2	2	2	3	2	4	3	5	2	4	4	4	2	2	3	2	1	4	2	4	4	4	4	2	3	4	3	4	2	4	5	3	3	4	2	4	2	4	3	4	2	4	2	4	3	4	2	2	4	4	3	4	4	3	5	5	1	5	2	4	4	4	5	4	4	3	5	2	4	3	5	3	2	3	4	2	3	4	4
10080045	5	5	4	4	4	1	5	2	5	2	5	3	5	1	4	1	5	1	5	2	5	1	4	5	5	5	3	4	2	5	2	4	4	5	1	5	3	2	1	3	1	5	2	5	3	2	1	5	2	2	3	4	3	4	5	5	4	5	2	3	3	5	2	3	1	3	2	4	3	4	2	5	3	1	2	4	1	4	5	2	2	1	5	3	2	5	3	3	5	5	2	5	2	3	3	5	2	5	5	1	3	2	4	2	2	5	3	3	4	1	3	3	4
10080046	5	4	1	5	2	3	2	5	5	5	3	1	4	2	5	3	5	2	1	3	5	5	2	5	4	2	4	3	5	4	1	3	3	3	3	1	5	3	5	4	4	5	4	5	4	2	1	5	5	5	4	4	2	4	2	3	5	4	3	2	5	1	4	2	2	2	5	5	4	2	5	4	5	2	5	3	5	2	5	5	5	5	4	2	5	3	3	4	4	4	4	4	3	4	2	5	3	1	2	2	1	3	5	5	5	5	2	3	1	1	1	5	4
10080047	3	2	5	4	3	4	3	2	3	3	3	2	4	2	2	3	5	2	3	3	4	3	4	3	4	4	3	3	2	4	4	4	3	3	3	2	3	4	2	4	3	4	2	2	2	4	2	4	4	4	2	4	4	4	3	2	4	4	5	3	3	3	4	4	3	3	2	3	3	4	3	3	3	3	3	3	3	4	3	4	3	3	5	4	3	2	3	4	4	4	2	4	2	3	2	4	3	4	3	2	5	4	4	4	3	3	4	3	2	4	3	3	3
10080051	5	2	4	4	4	1	3	2	3	2	3	3	5	3	2	2	4	1	2	4	4	5	2	4	3	3	1	5	4	4	3	4	4	2	2	3	4	4	2	3	4	3	4	4	4	4	2	3	4	3	3	2	4	2	2	4	4	1	5	1	2	2	4	3	4	4	4	4	4	4	2	2	4	3	2	4	4	4	3	4	2	4	3	3	3	3	3	4	2	4	3	4	3	2	3	4	5	3	3	4	2	2	2	3	2	1	4	3	3	4	2	4	2
10080052	3	2	3	3	3	3	4	3	3	2	3	3	3	2	3	2	3	2	3	2	3	2	3	3	3	3	3	3	3	3	3	3	3	3	3	3	2	3	3	3	2	3	2	3	2	3	3	4	3	4	2	4	3	2	2	3	3	4	3	3	2	3	2	3	3	3	2	4	3	5	3	3	4	3	3	5	2	4	2	3	3	2	3	3	3	3	3	3	4	4	3	3	3	3	3	2	2	3	4	3	3	3	3	3	3	3	3	2	3	3	3	2	2
10080053	2	2	3	5	3	4	5	2	2	4	3	3	4	4	2	3	3	1	2	3	3	3	2	2	3	3	3	5	4	3	3	3	3	4	3	2	2	3	2	4	2	3	2	2	2	4	2	2	3	4	3	4	2	4	2	2	2	2	4	2	4	3	2	2	5	3	2	3	3	3	3	4	4	2	2	4	3	2	2	4	2	4	3	2	1	4	2	3	3	3	2	3	2	2	2	2	3	3	2	3	2	4	2	4	4	2	4	3	2	4	2	3	2
10080054	3	2	5	5	4	4	5	1	5	3	4	1	2	2	5	2	5	1	3	5	3	5	4	2	5	5	5	5	4	4	3	4	3	5	1	1	1	3	5	2	4	3	4	4	4	4	2	1	3	3	5	4	1	4	2	2	5	5	5	1	5	3	2	4	5	4	2	5	5	1	2	3	5	2	1	4	5	4	2	4	4	5	4	4	2	4	3	5	4	5	3	4	2	3	5	2	5	5	4	3	5	2	4	4	3	3	2	5	4	1	3	5	4
10080055	5	5	5	5	4	3	5	2	5	3	3	3	5	1	3	1	4	1	3	5	5	4	3	3	4	4	3	4	3	4	2	3	2	4	2	2	2	3	3	3	3	4	2	5	4	4	1	3	3	3	3	5	4	4	2	4	5	5	3	2	4	3	2	4	4	4	4	5	3	4	4	4	3	4	3	4	4	4	4	4	5	5	4	5	3	3	5	5	4	4	4	3	4	3	5	3	5	5	3	3	5	2	2	4	3	4	4	4	4	4	3	5	5
10080056	4	2	4	2	4	4	5	4	5	1	4	2	4	2	4	1	4	4	3	4	4	2	2	3	4	4	4	4	2	4	2	4	3	4	2	4	2	4	2	4	4	4	2	4	2	4	2	1	4	2	4	4	5	4	4	4	4	2	2	2	4	4	2	4	4	4	2	4	2	5	2	2	4	4	2	4	2	4	3	4	2	2	4	4	4	4	3	2	4	4	2	4	5	4	2	5	2	5	4	3	3	2	3	2	4	4	4	2	4	2	3	4	4
10080060	2	2	4	2	4	3	4	2	3	2	4	1	4	1	4	1	4	3	4	2	4	2	4	2	5	5	4	4	1	4	2	4	2	5	2	4	2	4	1	4	2	4	2	3	1	4	1	4	2	1	2	4	3	4	3	5	4	4	3	4	2	4	4	4	2	4	2	3	3	4	2	2	2	5	2	4	2	4	2	5	1	2	4	3	5	4	4	1	4	4	2	5	1	4	3	4	3	4	5	1	4	5	5	2	5	4	4	1	4	2	4	2	4
10080063	4	4	4	4	4	3	4	3	4	2	5	3	4	2	3	2	4	1	3	3	3	3	2	3	4	4	3	3	2	4	2	4	4	3	3	3	2	3	3	3	2	3	1	3	3	1	2	4	3	3	2	3	4	4	3	3	3	3	3	3	3	3	2	3	3	3	2	3	3	3	2	3	3	3	3	3	2	4	2	2	3	3	3	3	2	4	4	3	3	3	3	4	4	4	3	3	2	4	3	2	4	5	3	3	3	4	4	4	4	3	3	3	3
10080067	3	5	4	3	5	1	5	2	4	2	3	2	5	1	4	1	5	1	5	1	4	1	4	2	5	5	3	5	5	5	1	5	3	5	1	3	3	2	1	3	2	4	3	5	1	5	1	4	3	2	3	4	2	4	3	5	4	5	5	2	2	3	3	3	3	4	2	4	2	5	2	2	3	3	3	5	2	3	3	3	3	2	3	3	2	4	3	2	4	4	2	4	3	4	2	4	3	3	4	2	3	3	3	3	3	4	3	3	3	3	3	2	3
10080070	3	3	3	3	4	2	4	4	4	4	5	5	4	3	3	4	4	1	4	3	3	3	5	4	5	4	5	5	5	5	5	5	5	5	5	5	5	5	5	5	5	5	5	5	5	5	5	5	5	5	5	5	3	3	3	4	4	1	3	2	3	2	4	4	4	1	4	4	3	5	2	1	2	2	1	4	4	3	3	5	4	4	5	4	5	4	3	5	3	4	4	1	5	3	5	1	3	5	1	5	5	5	5	5	5	5	5	1	4	4	3	3	4
10080072	3	3	2	3	4	4	4	3	4	2	4	4	4	2	3	2	5	3	3	2	3	4	3	3	4	3	3	4	2	5	2	4	3	4	2	4	2	3	1	3	3	3	3	3	2	2	1	3	4	3	4	4	4	3	3	3	4	3	2	2	2	3	1	3	3	3	3	5	3	4	2	2	3	3	2	3	2	5	3	3	3	3	4	3	2	4	4	3	5	5	2	4	2	5	2	4	3	5	3	2	5	3	3	3	4	4	3	2	5	3	3	2	4
10080078	5	4	4	4	5	5	5	2	4	3	3	2	4	2	3	1	5	2	3	3	4	2	2	4	5	4	2	5	3	5	3	4	2	5	2	3	1	3	3	3	2	5	2	5	4	5	2	5	5	3	3	4	3	5	2	3	5	5	5	2	4	2	2	5	4	5	2	5	3	4	3	4	4	5	2	4	4	4	3	4	2	2	3	5	4	3	4	3	4	5	3	5	4	5	3	4	5	5	4	3	4	2	4	5	2	4	4	1	4	2	5	3	5
10080079	5	3	3	5	3	3	5	2	5	2	3	1	5	2	4	2	5	2	2	5	5	5	3	5	5	5	2	2	4	4	2	4	2	2	2	5	3	3	2	3	5	4	3	4	4	3	2	3	4	3	2	3	5	3	3	4	4	5	3	4	5	5	2	4	5	3	5	2	3	4	2	1	4	3	2	4	2	4	4	5	2	4	4	4	3	4	3	4	4	4	3	4	3	4	3	4	4	4	4	2	4	2	3	2	3	4	4	4	4	3	3	2	2
10080080	4	4	4	4	4	3	5	2	4	3	3	2	4	2	4	1	4	2	4	1	4	2	4	3	5	5	4	4	3	3	1	3	3	5	1	3	1	3	2	4	1	4	1	5	3	3	2	5	3	3	2	4	1	3	2	5	5	5	3	1	2	3	4	4	1	4	1	5	4	4	2	2	3	5	1	3	2	4	2	3	2	1	3	4	5	4	4	5	4	5	3	5	3	4	2	3	2	4	4	2	4	2	2	3	4	4	3	3	2	1	3	5	5
10080082	3	2	5	3	3	5	5	1	4	2	3	3	5	2	5	2	3	1	3	3	3	2	5	2	4	3	3	5	2	3	3	3	2	4	3	3	1	3	2	3	3	3	2	5	2	4	2	3	3	2	1	3	2	3	3	3	4	2	3	2	3	4	2	3	3	3	2	4	3	3	1	1	3	2	1	4	2	4	2	2	2	1	5	2	4	3	3	3	4	5	3	4	1	3	2	3	3	5	2	3	4	2	3	2	5	2	2	1	5	3	3	3	5
10080086	5	2	4	1	5	4	5	5	4	2	5	5	5	1	4	4	5	1	5	1	5	2	5	2	5	5	5	4	1	5	1	5	2	5	5	5	1	4	1	5	2	5	5	5	3	3	1	5	5	5	2	5	5	5	4	5	5	5	5	3	2	5	2	3	1	5	1	3	3	4	1	2	1	5	1	5	1	5	2	5	5	5	3	5	5	5	5	1	5	5	1	5	1	5	4	5	3	5	4	2	5	2	5	3	2	5	4	5	5	3	5	3	5
10080087	3	2	3	3	3	3	3	2	2	2	3	2	4	2	2	4	3	2	2	2	2	2	3	2	4	3	3	4	2	3	2	3	3	2	3	2	2	3	2	3	4	3	2	3	2	3	1	3	2	3	2	3	4	4	3	3	3	3	4	3	3	3	2	3	2	5	2	4	1	4	2	3	2	3	3	3	2	3	2	2	2	2	4	3	3	3	2	2	4	3	2	4	2	3	2	3	2	4	3	2	3	2	4	2	3	4	3	2	3	2	4	3	3
10080093	3	3	4	3	4	3	3	2	3	2	3	2	4	1	3	2	4	5	4	2	4	2	3	3	4	4	3	3	2	4	2	4	3	5	3	4	3	3	2	4	4	3	1	3	4	1	2	4	3	3	3	4	3	4	3	3	4	4	4	3	2	3	3	3	1	3	3	4	3	4	2	2	3	3	2	4	2	3	3	3	3	3	3	3	3	3	4	3	3	4	2	3	3	4	2	3	4	4	3	1	3	3	3	4	4	3	3	3	3	3	4	3	3
10080094	5	5	4	4	2	4	4	4	4	2	5	3	5	1	4	2	4	3	3	3	5	2	5	5	5	4	4	4	1	4	3	4	4	4	3	3	4	4	1	4	5	3	1	5	3	2	2	5	2	3	5	3	5	3	4	3	4	4	5	5	3	5	4	5	1	4	3	4	4	5	1	2	3	3	2	3	1	4	3	3	3	2	5	5	3	3	3	1	5	5	1	4	1	4	1	4	3	5	4	1	2	2	5	5	3	5	1	1	2	4	5	3	2
10080095	5	1	5	1	5	5	5	1	5	1	5	5	5	1	5	1	5	1	5	1	5	5	5	5	5	5	5	5	1	5	5	5	5	5	5	5	1	5	1	5	1	5	5	5	1	5	1	5	1	1	1	5	5	5	5	5	5	5	5	5	1	5	1	5	1	1	5	5	5	5	1	1	1	5	1	5	1	5	1	5	1	1	5	5	1	5	5	5	5	5	1	1	1	5	1	5	1	5	5	5	5	1	1	1	5	5	5	5	5	1	1	5	5
10080096	5	5	5	5	5	5	5	5	5	1	5	5	5	2	5	5	3	2	5	5	5	5	5	5	3	3	3	5	1	5	3	5	2	5	1	4	2	5	1	5	2	4	1	3	2	5	1	4	2	1	1	4	5	5	5	5	5	5	4	4	3	4	2	4	3	3	2	5	3	5	1	2	2	5	1	5	1	5	1	3	1	1	5	5	3	5	4	2	4	5	2	4	2	4	1	5	1	5	4	1	5	2	3	3	5	4	5	3	5	2	5	1	4
10080097	4	3	4	4	4	2	4	1	5	2	4	3	3	2	4	1	5	1	4	2	4	1	3	4	4	4	3	5	3	5	2	4	3	4	1	3	2	2	2	1	1	5	3	4	4	5	1	3	3	3	4	3	3	5	3	3	4	3	3	2	3	3	2	5	3	4	2	5	5	3	3	5	3	2	2	3	3	4	3	5	2	3	3	4	4	3	4	4	3	4	3	3	3	4	4	5	3	4	3	3	4	3	2	3	5	3	4	5	5	3	3	5	5
10080100	3	2	4	3	4	4	3	2	3	2	3	3	3	2	5	2	4	2	3	3	4	2	4	2	4	4	5	3	1	4	2	4	2	4	2	2	2	2	2	3	3	5	2	4	3	2	1	4	3	3	4	2	2	4	3	4	4	4	4	2	4	2	3	5	2	3	2	3	4	4	2	2	3	5	1	4	2	4	3	3	4	2	4	3	3	3	4	5	4	4	3	4	2	4	3	4	4	4	4	1	4	2	4	4	3	4	3	3	5	3	3	3	3
10080102	3	3	3	3	3	4	2	2	4	3	4	4	4	4	1	1	4	3	3	1	2	1	3	3	4	2	5	3	1	5	1	3	4	5	2	2	1	3	1	3	5	2	2	4	2	4	1	4	2	4	1	3	1	3	1	3	4	5	3	3	3	4	2	3	1	3	1	4	3	4	2	3	2	4	3	4	3	3	3	2	1	1	3	3	2	3	3	5	4	4	1	4	3	2	3	4	1	5	2	4	5	4	1	3	4	4	5	2	4	2	1	1	5
10080105	4	3	3	5	3	3	4	2	4	3	4	5	3	3	2	4	3	3	3	3	4	3	3	3	4	3	3	3	3	4	2	4	3	3	3	3	4	4	4	2	5	3	4	3	4	2	3	5	4	3	4	4	4	4	2	2	3	4	4	3	4	3	2	3	3	3	2	3	4	3	4	3	4	2	4	4	3	3	4	3	3	3	3	3	3	3	3	5	4	4	3	2	4	3	3	3	2	3	3	3	4	4	3	3	3	3	4	4	2	2	3	3	3
10080108	5	2	5	2	5	2	1	1	1	1	5	4	5	1	5	5	5	1	5	1	3	1	5	1	5	5	5	5	2	5	4	5	3	5	1	5	1	2	2	5	3	5	1	4	3	5	1	4	1	1	2	3	1	5	5	5	5	5	5	3	1	3	4	5	3	5	1	5	3	4	1	5	2	5	1	3	1	5	2	3	1	1	5	5	1	5	5	3	5	5	2	5	3	5	2	5	2	5	3	1	5	1	5	1	5	3	5	1	5	5	4	4	5
10080112	4	2	4	2	4	3	4	2	3	2	3	2	4	2	4	1	4	2	4	1	3	1	4	2	4	4	3	4	3	5	2	5	2	5	1	4	2	4	1	3	3	5	3	4	3	1	1	5	2	2	4	4	3	3	4	4	4	5	4	2	1	3	2	4	1	5	1	5	4	4	1	1	2	4	1	4	2	4	2	2	1	3	4	4	3	5	5	2	5	5	2	5	3	4	2	5	1	5	4	1	5	1	5	2	3	3	3	2	5	2	3	3	5
10080116	2	5	2	5	2	5	3	3	5	5	2	3	1	4	3	2	2	1	3	4	5	4	2	4	4	3	1	3	3	1	3	1	3	3	4	2	2	1	5	1	3	3	4	4	5	2	3	4	5	5	5	4	1	3	1	1	3	4	4	1	4	2	3	4	3	2	3	1	5	1	4	1	5	2	3	2	4	3	5	3	3	4	4	2	3	3	3	5	1	3	5	5	4	2	5	1	4	3	3	5	2	4	1	5	1	1	5	5	2	3	1	3	4
10080117	3	1	4	3	3	3	4	2	3	3	2	3	4	2	2	2	4	3	2	2	3	5	2	3	5	4	2	3	3	3	3	3	2	4	2	2	2	3	3	5	2	5	3	3	4	4	3	3	3	3	3	3	4	3	3	3	3	3	4	3	4	3	3	2	3	3	2	5	4	4	3	2	4	4	3	3	3	3	3	3	3	2	2	3	4	2	4	2	2	4	2	2	3	2	2	2	2	3	2	3	2	2	3	3	4	3	4	3	4	3	4	4	4
10080118	4	3	3	5	4	4	4	2	2	2	4	2	4	2	4	2	2	2	2	4	4	3	4	3	4	4	2	4	1	4	1	5	5	4	3	1	2	3	3	4	2	4	2	3	4	4	3	3	3	3	4	4	3	4	2	3	4	3	4	4	5	2	2	4	4	4	3	5	3	4	3	2	3	3	3	4	4	4	3	3	2	3	4	3	4	4	4	5	4	5	3	3	3	4	3	3	5	4	3	3	4	4	3	3	3	3	5	3	3	3	3	4	3
10080119	3	3	3	3	1	3	3	2	1	3	4	1	2	1	5	2	3	1	5	2	3	1	2	2	5	4	2	4	1	3	2	3	3	5	2	5	4	3	2	2	1	5	1	1	3	4	2	5	4	4	4	2	1	3	3	3	3	5	2	3	2	4	3	3	3	3	1	3	5	2	1	1	5	4	2	5	5	2	3	4	4	2	2	3	2	4	3	3	3	4	3	3	4	1	5	2	2	5	5	3	2	2	2	5	2	3	5	3	5	1	2	3	1
10080120	4	4	4	4	3	4	4	2	3	4	3	2	4	2	3	2	4	3	4	4	4	3	3	3	4	4	3	3	5	3	3	4	3	4	1	2	4	4	3	3	3	4	3	1	4	2	2	4	4	4	4	4	4	3	4	4	4	3	4	4	4	4	4	4	5	3	2	5	4	4	2	2	4	4	3	4	3	4	4	4	3	3	4	4	2	4	4	4	3	4	3	4	5	3	3	4	4	4	3	3	4	4	4	4	3	4	4	3	4	3	3	4	4
10080121	4	5	4	3	4	3	4	3	2	2	4	2	4	1	4	1	4	1	4	2	3	1	4	3	5	4	2	4	3	4	4	3	4	4	1	3	5	2	3	2	2	3	2	2	5	2	2	3	5	4	3	3	5	4	3	3	4	4	4	2	3	2	1	3	3	4	2	5	4	5	4	2	5	3	5	4	3	3	5	4	3	3	3	3	4	3	4	5	4	4	4	4	4	3	3	4	2	4	4	3	3	2	2	5	3	4	5	3	2	2	3	3	2
10080124	5	1	4	4	3	3	4	1	2	2	3	1	3	1	5	2	5	1	4	3	5	1	3	1	5	5	5	3	3	5	1	4	2	5	2	3	2	4	1	5	1	5	1	3	2	1	1	4	3	3	2	3	3	5	5	3	4	4	5	3	3	3	1	5	3	4	1	4	2	3	2	1	2	4	1	4	1	5	2	4	1	1	4	3	4	3	5	3	5	5	2	5	3	2	3	3	2	5	2	2	4	2	4	2	5	5	3	2	5	2	2	2	3
10110001	5	2	5	3	3	2	5	1	5	2	3	1	5	2	5	2	4	4	3	2	4	3	4	2	4	3	4	4	4	4	3	3	2	2	2	5	2	4	4	3	3	5	4	4	2	4	2	2	2	4	2	3	2	4	3	4	4	4	4	4	3	2	2	3	2	4	2	5	2	4	2	3	3	3	2	3	3	4	3	5	2	2	4	4	5	3	4	4	4	4	3	5	2	4	3	3	3	3	4	2	5	3	3	2	4	4	3	2	4	2	3	3	4
10110002	4	2	2	2	4	3	3	2	3	2	4	3	4	2	3	2	3	2	3	2	4	2	3	3	4	3	3	3	2	4	4	4	3	4	2	3	2	3	1	3	3	3	2	3	2	3	2	4	2	2	2	3	4	3	3	3	3	5	3	3	2	3	2	3	2	3	2	3	2	4	2	1	3	4	2	4	2	4	3	3	2	2	4	3	3	4	4	2	5	5	2	4	2	4	2	4	2	4	3	2	3	3	3	2	2	4	3	2	3	2	3	2	3
10110003	4	1	5	1	5	2	5	1	3	2	4	2	5	1	4	1	5	2	5	1	5	1	3	2	5	5	3	3	1	4	3	5	3	5	1	4	2	4	1	3	3	4	1	3	2	4	1	3	2	2	2	4	5	4	4	4	4	5	5	4	2	4	2	4	3	3	1	4	1	5	2	3	4	4	2	4	2	4	1	3	2	2	5	3	1	5	3	2	4	5	2	3	2	5	2	5	1	5	5	1	4	2	4	2	3	5	4	2	1	1	3	3	4
10110004	5	3	5	1	5	1	5	1	3	1	5	1	5	1	5	1	5	1	5	1	5	3	5	1	5	5	5	3	1	5	1	5	3	5	1	5	1	4	3	4	1	5	1	5	1	5	1	5	1	2	5	5	1	5	5	5	5	5	5	3	3	3	2	5	1	5	1	5	5	3	1	1	4	5	1	3	1	5	2	5	1	1	4	5	5	5	5	3	5	5	1	5	3	3	4	5	1	5	5	3	5	1	5	5	5	5	5	1	5	1	5	4	5
10110006	3	3	3	3	3	4	3	3	3	4	4	4	4	3	3	3	3	3	2	2	3	3	3	3	3	3	3	3	3	4	2	4	4	4	3	2	2	2	3	4	4	3	4	3	3	3	3	3	3	3	2	3	4	4	2	3	4	2	4	2	3	3	3	4	3	2	2	5	2	4	2	3	3	3	2	3	3	3	2	3	3	3	3	3	2	2	4	4	4	4	2	2	3	4	2	4	2	4	2	3	3	3	3	4	4	3	3	2	3	3	2	3	3
10110007	3	2	3	3	3	3	3	2	2	3	3	3	4	2	2	2	3	2	3	2	3	2	3	3	4	3	3	2	2	3	2	4	3	4	2	2	2	4	2	4	3	2	1	3	2	4	2	4	2	2	2	3	3	3	3	3	4	3	3	2	3	4	3	3	3	3	2	3	2	4	2	2	3	3	3	4	2	4	2	2	2	2	3	3	2	3	3	2	3	4	2	3	2	3	2	3	3	3	2	2	3	3	2	2	4	3	5	1	3	3	3	2	3
10110008	2	2	3	2	3	4	4	3	2	3	3	3	4	3	2	2	4	2	3	2	3	2	2	4	4	4	2	3	2	4	4	4	3	4	2	2	2	4	3	3	3	4	2	3	2	4	2	3	4	4	2	2	4	3	2	3	4	3	4	3	2	1	4	4	3	3	2	2	4	4	3	1	3	4	3	4	4	4	3	3	3	2	3	2	2	3	3	2	3	5	3	5	4	4	2	4	3	4	3	5	2	2	3	4	4	3	5	2	2	2	4	2	3
10110009	5	2	4	5	4	5	5	2	4	2	4	4	5	3	3	1	5	3	3	3	5	2	5	1	4	4	4	3	3	5	4	5	4	5	1	2	2	2	2	3	5	4	1	3	4	2	2	2	4	3	2	5	4	4	3	5	4	2	5	3	3	3	3	3	4	5	3	5	2	4	2	1	4	4	2	3	3	4	3	4	3	3	4	4	3	5	3	3	5	4	3	3	2	5	3	4	3	4	4	2	3	4	3	2	3	5	4	1	3	4	3	2	3
10110010	4	1	4	1	5	2	5	2	3	1	3	2	4	2	4	1	5	3	4	1	4	1	4	2	5	3	3	3	2	4	3	4	2	5	2	5	1	4	2	3	4	4	2	3	2	4	2	5	2	2	4	3	4	4	5	4	4	4	2	3	2	5	3	4	2	4	2	4	4	4	1	4	2	5	1	4	1	4	1	3	2	2	5	4	3	5	5	1	5	5	1	4	2	4	1	5	1	5	3	1	5	1	5	2	4	4	3	2	4	4	5	3	4
10110013	3	2	5	3	5	4	5	1	4	1	1	1	5	1	5	1	5	1	5	2	1	1	1	1	5	5	4	3	1	3	1	2	1	5	3	4	1	4	3	4	5	5	2	4	5	5	1	4	2	1	3	5	1	5	5	3	5	4	5	2	1	5	1	4	1	5	1	4	5	3	1	1	1	5	1	5	1	5	2	3	1	1	5	4	3	3	5	4	5	5	2	5	1	4	2	4	1	5	4	3	5	1	5	1	4	2	5	1	4	4	5	1	1
10110016	3	2	3	3	4	2	3	2	2	3	4	3	4	2	4	2	4	3	3	2	4	2	3	2	3	3	3	3	2	4	2	4	4	4	2	3	2	3	2	4	2	3	2	3	2	4	2	4	2	3	2	4	4	4	3	4	3	2	4	4	3	2	3	4	2	3	2	4	2	4	2	2	4	4	2	4	2	4	2	4	3	2	4	3	3	4	3	3	2	5	2	3	4	4	2	4	3	3	4	2	4	1	3	4	4	5	5	3	3	1	4	3	3
10110018	3	2	3	3	3	3	3	3	1	3	4	1	5	2	4	3	2	3	3	2	3	2	3	2	4	4	4	1	1	4	2	3	2	4	2	3	3	4	1	4	3	5	1	1	2	2	2	3	3	3	1	2	4	4	2	3	3	3	4	3	2	3	3	2	2	3	2	4	1	5	2	2	2	3	2	4	2	4	2	5	3	2	4	4	5	3	5	2	4	3	2	3	2	3	1	3	3	3	3	1	2	2	2	2	1	3	3	1	3	2	3	1	3
10110022	3	4	3	4	3	4	4	2	3	2	2	3	4	2	3	2	3	2	3	4	4	4	3	4	5	4	2	4	4	3	4	3	3	3	2	2	4	4	2	2	4	4	3	4	3	2	3	4	4	3	4	4	5	4	4	3	3	3	4	2	4	4	2	3	5	4	3	4	4	5	3	4	4	2	2	3	4	4	3	4	4	3	3	2	3	3	3	4	2	4	3	5	3	3	1	4	4	4	2	4	3	3	3	3	3	5	4	3	4	3	4	4	5
10110024	5	2	4	1	4	2	4	2	1	1	4	3	5	1	2	1	5	1	4	5	5	2	4	1	4	4	4	5	1	4	2	4	2	5	1	5	4	4	1	5	1	4	1	4	1	5	1	5	2	1	2	4	4	4	4	4	4	5	5	3	2	2	5	4	5	4	2	3	1	5	1	2	3	5	2	5	1	5	2	5	2	1	4	4	5	4	5	2	5	5	1	5	2	5	1	5	1	5	4	1	5	1	5	2	5	5	2	1	4	1	5	1	4
10110025	4	1	5	2	5	2	5	1	2	2	4	1	5	1	5	1	4	1	5	1	5	2	4	1	5	5	2	5	3	5	1	5	2	5	1	5	2	5	1	4	2	5	2	2	2	5	5	5	2	2	2	4	4	4	4	5	5	5	5	4	2	3	3	4	2	5	2	5	2	5	2	3	3	4	2	4	1	4	1	5	1	1	3	5	5	5	5	2	5	5	2	4	2	4	1	5	2	4	4	1	3	1	4	3	4	5	3	2	4	1	5	2	2
10110028	3	3	3	2	3	2	3	2	4	2	3	2	3	2	4	2	4	4	3	4	4	2	3	2	4	4	3	4	2	4	3	4	3	3	4	4	2	4	2	3	4	4	2	4	4	2	2	3	3	2	2	3	3	4	4	4	4	4	4	2	2	4	2	4	2	4	2	4	3	4	3	3	3	4	3	4	2	4	4	4	3	2	2	4	4	4	4	3	3	3	3	4	2	4	4	4	3	4	3	2	4	4	3	3	4	3	3	3	4	3	4	3	4
10110031	5	1	4	3	5	1	5	1	3	1	5	1	5	5	5	1	5	2	5	1	5	5	3	5	4	4	5	4	1	5	4	5	3	5	1	4	5	5	1	4	1	5	5	3	3	5	1	5	5	2	4	4	5	5	4	5	5	5	5	5	5	4	3	4	3	5	4	5	1	5	2	4	4	4	3	5	5	5	3	5	5	3	4	5	1	4	5	5	5	5	1	5	5	5	1	5	4	5	5	5	5	3	5	4	4	5	5	4	3	1	3	3	4
10110032	4	5	3	3	3	3	4	2	4	2	2	2	4	2	4	2	4	2	3	3	3	2	3	2	5	4	3	5	2	4	2	5	3	5	2	2	2	5	2	4	3	5	2	5	2	3	2	3	3	3	2	4	4	4	2	3	5	4	4	2	2	3	2	4	4	3	2	5	2	5	3	4	3	5	3	5	2	5	3	3	3	3	3	4	3	4	4	5	5	5	3	5	4	4	1	3	1	5	4	1	5	2	2	2	4	4	5	2	2	3	5	3	5
10120001	2	3	4	4	3	4	4	2	4	3	4	2	4	4	3	2	3	2	3	3	4	3	3	3	4	4	4	4	3	4	3	4	3	4	3	2	4	3	2	5	4	3	2	4	3	3	1	2	3	4	2	4	4	4	3	2	4	2	4	4	4	3	2	4	3	3	2	4	3	4	2	1	4	4	3	4	4	4	2	4	2	2	3	2	2	3	4	4	3	4	2	3	3	3	2	3	3	4	3	3	3	3	2	4	4	3	3	2	4	3	2	3	3
10120003	4	2	5	4	5	2	5	2	4	3	2	1	5	1	1	2	4	3	4	2	5	2	3	1	5	5	3	5	2	5	2	5	2	4	2	4	1	5	2	4	3	5	1	4	2	4	2	4	2	3	2	4	2	4	2	4	5	5	5	4	2	5	4	4	2	5	1	5	2	4	1	2	5	2	1	1	2	4	2	5	2	3	4	4	3	3	5	2	5	5	1	4	3	4	2	4	2	5	3	2	3	2	3	4	4	5	4	2	4	3	2	3	2
10120005	2	1	4	5	4	4	5	2	1	4	4	5	4	1	3	1	5	5	3	2	4	1	4	2	4	5	4	4	1	5	4	5	4	2	3	2	2	5	3	5	5	3	1	2	4	3	4	4	4	4	1	5	5	5	2	2	5	2	4	5	4	5	2	3	4	4	1	4	2	5	3	2	4	5	2	4	4	5	3	2	2	2	5	3	2	2	4	5	5	4	2	2	4	3	2	2	4	5	2	3	5	1	2	2	5	4	4	2	3	5	3	3	1
10120006	3	2	4	4	3	3	4	2	2	3	4	2	4	2	4	2	4	2	3	4	4	4	3	2	4	4	3	3	2	4	3	3	2	4	2	3	2	4	2	4	2	4	2	4	2	3	2	4	4	2	2	4	1	3	3	3	3	5	4	3	4	3	2	2	1	4	3	4	4	3	3	1	4	2	4	4	3	4	2	3	3	2	3	4	2	3	3	5	2	4	2	4	4	3	3	4	4	4	2	3	2	3	5	5	3	3	5	1	4	4	3	4	4
10120008	4	3	3	2	3	2	4	3	4	4	4	2	3	2	3	3	3	2	2	2	3	3	3	4	3	4	4	4	2	4	3	3	3	3	4	3	2	2	2	4	3	4	2	4	3	3	2	3	3	3	3	2	4	3	4	3	3	3	2	4	5	3	3	3	3	3	3	4	3	4	4	2	3	2	3	2	2	2	3	4	3	3	2	3	3	3	3	3	4	4	2	3	4	3	2	3	2	3	2	4	3	3	4	4	3	2	2	4	4	3	4	3	3
10120009	5	1	4	2	5	4	5	2	4	2	5	1	5	1	3	1	5	2	5	3	5	3	4	1	5	5	4	4	1	5	1	5	2	5	2	3	2	5	1	4	2	5	1	4	1	4	2	2	2	2	2	4	5	4	4	4	5	5	4	4	2	4	2	5	4	4	2	5	2	5	2	3	2	4	2	4	2	5	1	4	1	2	4	4	3	5	3	2	4	5	2	4	2	5	2	5	3	4	4	1	4	1	3	2	4	3	3	1	4	3	3	3	4
10120012	4	1	3	2	4	4	4	2	3	2	5	2	5	2	4	1	5	4	4	1	5	1	4	1	5	4	4	4	2	5	2	4	2	5	1	4	2	5	1	4	4	3	2	4	2	5	1	4	3	2	3	3	4	3	4	4	4	5	4	5	1	4	1	4	3	3	2	2	3	5	1	3	4	4	2	5	2	5	3	3	1	1	4	4	2	4	4	4	5	5	3	4	3	4	2	5	2	4	4	1	5	2	4	4	4	3	3	1	4	3	3	2	3
10120013	3	4	4	5	3	4	3	3	2	5	4	1	4	2	3	3	2	1	2	4	3	4	3	3	3	3	4	3	3	3	4	3	3	4	2	1	4	3	4	3	2	4	4	2	5	2	4	3	4	4	4	3	2	3	2	3	3	2	3	2	4	3	3	3	3	3	2	3	4	2	4	2	4	3	4	2	4	2	3	4	3	2	4	3	4	3	4	4	2	3	4	3	2	3	4	3	4	3	3	4	2	4	2	4	3	3	5	4	3	3	3	3	2
10120015	4	2	3	2	4	2	4	3	4	3	2	2	4	2	3	3	3	2	3	2	4	3	2	3	3	3	3	4	2	3	2	4	3	3	3	3	4	3	4	3	2	3	2	4	3	3	2	4	4	4	2	5	4	4	2	2	3	5	2	3	4	3	3	4	2	3	2	4	2	4	2	4	3	3	3	4	3	3	2	4	3	3	3	3	2	3	4	4	4	4	3	2	4	3	3	3	2	3	2	3	3	3	3	4	3	3	4	3	2	2	2	4	3
10120019	5	2	4	4	4	4	4	2	4	3	3	2	4	2	3	2	3	2	3	4	4	4	3	3	4	4	3	4	2	4	2	3	2	3	3	2	3	3	3	3	3	5	2	3	3	3	2	3	4	3	3	3	2	3	2	3	4	4	3	2	4	2	2	4	4	3	3	4	3	4	2	2	3	5	2	4	3	4	3	4	3	2	3	3	3	4	4	3	5	5	2	5	3	4	3	4	4	3	3	2	3	3	3	4	4	3	4	2	4	3	3	3	4
10120020	4	2	4	3	3	2	4	2	3	3	3	3	4	2	4	2	4	1	3	3	3	3	3	3	4	4	3	5	1	5	3	4	2	4	5	2	4	4	2	4	3	2	3	3	4	4	2	3	4	3	2	4	3	4	3	3	4	4	4	4	4	3	2	4	4	3	2	5	3	5	3	4	3	5	3	4	4	4	3	3	3	3	4	4	2	3	4	2	4	5	2	2	4	3	2	4	2	4	4	2	3	2	5	3	4	2	4	5	4	3	4	3	3
10120021	4	2	3	3	5	4	4	2	5	2	5	1	4	1	5	1	4	2	4	3	4	4	3	2	5	5	4	5	1	5	2	5	1	5	3	3	2	4	2	5	3	5	1	4	2	4	1	3	2	2	1	5	4	4	3	5	5	4	4	3	4	4	4	4	3	4	3	3	2	4	2	2	3	5	4	4	2	4	2	5	2	2	4	4	5	4	4	3	5	4	2	4	2	4	3	4	2	4	4	2	4	2	5	2	4	5	4	2	4	2	4	4	4
10120022	5	1	4	2	4	3	4	2	3	1	5	3	5	1	3	1	5	2	4	1	4	1	4	2	5	4	4	4	1	5	2	5	2	5	1	3	1	4	1	5	2	3	1	3	1	4	1	5	3	2	3	3	4	5	3	5	5	5	5	4	1	2	3	4	2	4	1	5	2	5	1	1	5	5	2	5	3	5	1	4	2	1	4	4	3	5	5	2	5	5	1	4	2	4	1	5	2	5	5	1	4	1	3	2	5	5	5	1	3	4	4	2	3
10120023	4	3	3	4	3	2	3	3	4	3	3	3	3	3	3	3	4	1	4	3	4	2	3	3	3	3	1	4	5	3	3	2	3	4	2	3	3	3	3	3	2	3	4	3	4	2	3	4	3	3	4	3	4	4	2	3	3	4	3	3	3	2	3	3	3	3	2	4	5	3	3	3	3	3	3	3	4	4	3	4	3	3	3	3	3	3	3	3	3	3	3	4	2	4	4	3	3	4	3	5	3	4	3	4	2	3	3	5	3	2	2	4	3
10120024	5	5	1	5	3	4	1	5	3	5	3	2	3	5	2	4	1	5	1	5	5	5	3	3	2	3	1	4	2	2	1	3	4	3	1	3	5	3	4	1	2	4	4	4	5	4	5	2	3	5	4	5	5	5	1	3	1	3	4	4	5	1	1	2	5	2	5	1	2	4	4	1	4	1	5	4	4	3	5	5	4	5	2	1	5	3	1	3	3	2	4	1	2	4	4	4	5	2	2	5	1	4	1	4	1	4	3	5	3	2	1	1	3
10120025	3	2	3	4	4	2	4	2	3	3	3	2	5	2	4	2	3	3	3	2	5	2	2	2	4	4	4	3	2	4	2	3	2	4	2	3	2	3	1	3	2	3	2	4	4	3	1	5	3	3	3	3	2	3	2	3	3	4	5	4	3	3	3	3	2	3	1	5	3	4	3	3	3	3	2	4	3	4	3	3	2	2	4	3	2	4	4	4	4	4	3	3	2	3	3	4	3	4	4	1	3	2	3	3	3	4	4	1	4	3	3	2	3
10120026	3	3	5	4	4	4	4	2	4	3	3	1	4	2	5	2	3	3	3	3	4	3	4	3	5	4	2	4	2	5	1	4	3	5	4	3	2	3	2	4	5	5	3	4	4	5	2	3	3	2	5	4	3	4	4	3	5	3	4	2	4	3	2	4	4	4	3	5	5	4	2	3	3	3	2	4	3	4	4	4	2	2	4	3	5	3	5	3	4	5	3	5	3	4	3	4	4	4	3	3	4	3	4	3	3	3	5	2	5	4	4	5	4
10120027	3	4	3	4	4	3	4	3	3	3	2	4	4	3	3	3	3	4	3	4	3	3	2	3	3	3	3	3	3	3	3	3	4	4	3	4	2	3	3	2	2	4	3	3	4	3	3	2	4	3	4	3	3	3	3	3	3	2	3	2	3	2	3	2	4	3	2	3	2	3	3	3	4	2	2	3	4	3	4	4	4	3	4	3	3	2	3	3	2	3	3	3	2	2	3	3	4	3	3	4	2	4	4	4	2	3	3	4	3	4	3	4	3
10120028	4	4	5	5	4	3	5	1	4	2	3	1	5	1	4	5	3	3	4	2	3	1	3	1	5	5	3	5	3	3	2	3	2	5	2	4	1	5	3	3	1	5	3	4	3	4	2	4	4	2	4	3	1	4	4	3	4	2	2	4	2	5	3	3	2	5	1	4	5	3	2	2	3	3	1	3	2	3	3	5	2	1	4	4	5	4	4	5	4	4	3	5	2	3	3	4	1	5	3	4	3	1	3	3	3	3	5	3	4	2	4	4	4
10120030	4	1	4	2	4	3	5	2	2	1	4	2	5	1	4	2	4	2	4	2	4	3	4	2	5	4	4	5	3	5	1	5	2	5	2	3	4	3	1	4	3	4	1	4	1	3	2	5	2	1	1	5	5	4	4	5	5	3	3	2	1	4	2	4	3	4	3	5	2	5	2	3	3	4	1	5	3	4	2	5	2	2	4	4	4	3	5	2	5	5	1	5	1	4	1	4	3	5	4	2	4	1	3	2	4	4	3	3	5	3	4	1	3
10130001	3	4	3	4	3	3	3	3	2	5	4	5	3	4	3	4	2	2	2	3	2	3	2	4	4	3	2	2	5	4	4	4	3	3	3	2	5	2	2	3	4	3	3	2	3	3	2	4	4	4	3	4	4	1	3	2	2	2	3	2	4	3	2	3	4	3	2	1	2	3	3	1	5	2	3	3	4	3	4	2	4	3	3	2	3	3	2	4	2	3	3	2	4	3	2	3	4	3	2	4	2	4	3	4	3	1	4	3	4	4	2	1	2
10130003	2	4	3	4	3	4	4	2	4	4	2	4	4	4	4	4	2	2	2	3	2	4	2	4	4	3	2	4	4	2	2	2	3	3	4	2	2	3	4	2	4	4	4	4	5	4	4	3	1	4	3	3	3	3	2	2	3	3	4	1	3	3	5	5	1	3	3	2	3	1	2	3	2	1	1	4	5	4	3	1	4	3	1	2	2	4	1	4	2	3	2	4	4	5	1	4	3	3	4	4	2	4	3	5	3	1	4	3	5	5	1	4	5
10130004	3	3	4	4	4	4	3	1	4	3	3	4	4	3	3	2	3	2	3	3	2	2	3	3	4	3	2	2	4	3	2	4	4	4	2	2	2	3	3	2	2	4	4	2	2	2	3	4	2	3	4	2	3	4	3	3	4	4	4	2	4	3	3	3	3	4	2	4	4	3	3	2	4	2	2	4	4	4	3	3	2	4	3	4	4	3	3	4	3	4	3	5	4	5	2	4	3	4	2	3	4	4	1	4	4	3	4	2	4	2	2	4	4
10130005	5	3	5	2	5	3	5	1	5	1	4	4	5	2	5	1	5	2	4	2	4	2	4	2	5	5	5	5	3	5	2	3	1	4	2	3	2	4	1	2	5	4	4	4	3	4	1	4	1	3	1	5	1	5	4	4	5	5	3	3	1	5	1	5	2	5	1	5	5	5	1	4	2	5	2	5	2	5	1	2	2	1	4	5	1	5	5	4	5	5	2	4	2	3	5	4	4	5	5	3	5	2	4	2	3	4	2	3	5	4	4	4	4
10130006	4	2	4	3	4	4	4	2	2	3	3	3	5	2	3	2	4	1	4	2	4	2	4	2	4	4	4	4	2	3	2	4	3	4	2	4	3	4	1	4	1	3	1	3	4	3	2	4	2	2	3	3	4	3	4	4	4	4	3	3	2	4	2	3	2	2	2	3	2	5	2	2	3	3	2	5	1	4	2	3	2	2	5	4	2	4	5	4	4	5	3	4	2	5	1	3	2	5	3	1	4	2	3	5	4	3	5	2	5	3	4	2	4
10130007	4	2	4	3	4	3	5	2	3	2	2	3	3	2	3	1	4	1	4	2	3	1	3	2	4	4	2	4	2	4	2	3	2	5	2	2	2	4	2	3	2	3	2	4	2	4	2	2	3	3	2	3	3	4	2	3	3	3	5	3	2	4	2	4	3	5	2	4	3	4	2	2	3	4	2	4	2	4	2	3	2	2	4	4	4	3	4	4	4	5	3	4	2	4	3	3	2	4	3	2	5	2	4	2	4	3	4	3	3	3	3	3	4
10130009	3	1	3	5	3	5	3	3	3	4	3	3	2	4	3	3	2	3	3	5	3	4	2	2	3	2	1	3	2	3	3	4	3	2	2	1	3	3	2	3	4	3	3	2	1	4	2	1	4	4	3	3	3	5	2	3	2	1	4	2	3	2	3	3	4	3	4	4	2	4	3	2	4	3	3	3	3	3	3	4	2	3	3	2	2	2	3	4	2	3	3	3	3	3	2	2	4	3	3	2	2	4	2	4	3	3	4	3	2	3	2	2	2
10130012	4	3	3	3	3	3	3	3	2	4	4	3	3	3	3	2	3	2	3	3	3	3	3	3	3	3	3	4	3	3	3	4	3	4	3	3	3	3	3	3	3	3	3	3	4	3	3	4	4	3	3	3	3	4	3	3	3	4	4	2	3	3	3	3	3	3	3	4	3	5	3	3	4	3	2	3	4	3	3	4	3	3	3	3	3	3	3	2	4	4	2	5	3	2	2	4	4	3	5	4	3	4	3	3	4	4	4	3	3	2	3	3	3
10130013	2	2	4	5	4	5	5	2	4	3	3	4	2	4	3	2	3	2	2	4	3	5	1	4	5	5	1	3	4	5	3	2	3	4	3	1	2	3	2	5	4	3	2	3	4	5	2	4	2	3	3	4	3	4	1	1	2	3	5	1	1	3	1	4	5	2	4	3	3	3	3	1	3	2	3	3	3	3	4	4	3	5	1	1	1	2	4	5	3	5	5	5	3	2	4	1	5	4	3	3	2	3	5	5	5	2	5	5	5	4	3	1	3
10130014	3	3	3	2	3	3	3	3	3	3	3	3	3	3	2	3	3	3	3	2	3	2	3	3	3	3	3	3	2	3	3	3	3	3	2	2	3	3	2	3	3	2	2	3	2	3	2	3	2	2	2	3	2	3	2	3	3	3	3	3	3	3	3	3	3	3	3	3	2	3	2	2	3	3	3	3	3	3	2	3	3	2	3	2	3	2	4	3	4	3	2	3	2	3	2	4	2	3	3	2	3	3	2	3	2	2	3	3	3	3	2	2	3
10130015	4	2	4	3	4	3	4	2	3	2	3	3	4	2	3	2	4	2	4	2	4	2	2	2	4	4	2	4	3	4	2	3	3	4	3	2	2	3	2	3	2	4	3	3	3	4	2	4	2	4	4	3	4	3	2	4	4	5	4	2	2	3	3	3	1	3	2	3	4	4	2	2	4	3	3	4	3	4	3	4	2	2	3	3	3	3	4	4	4	4	3	4	2	3	2	4	2	4	3	2	4	3	2	3	3	3	3	2	4	2	3	2	3
10130016	5	1	3	4	3	4	3	2	2	3	5	2	3	2	2	2	2	2	3	2	3	2	4	3	3	3	4	4	2	4	3	5	2	3	3	4	2	3	4	2	2	4	3	3	4	3	3	3	2	3	4	4	3	4	2	1	2	3	4	2	4	2	3	3	2	3	3	5	3	3	3	3	2	2	3	3	3	2	2	4	3	2	4	4	2	2	3	2	5	4	2	3	2	4	4	4	2	3	2	4	3	4	2	4	3	3	5	4	2	2	3	2	3
10130017	3	4	4	4	3	3	4	3	5	5	4	5	2	4	2	2	2	2	2	4	4	4	1	3	3	2	1	3	4	2	1	3	4	4	2	2	3	2	2	2	1	2	2	3	4	3	3	4	3	5	2	3	3	2	2	1	3	3	2	2	4	2	4	3	3	3	3	3	4	2	3	2	4	4	3	3	3	2	3	3	3	4	3	3	2	2	3	4	2	4	4	3	3	2	3	2	4	3	2	1	2	4	2	5	2	2	4	4	2	2	2	2	2
10130020	3	3	3	4	2	3	2	3	4	3	3	2	3	3	3	3	3	3	3	2	2	2	4	3	4	3	3	4	2	4	2	2	4	4	2	3	2	2	3	2	2	4	3	4	4	4	3	4	3	3	3	3	2	4	2	4	4	4	4	3	3	4	2	3	3	3	2	5	4	4	3	3	3	2	4	3	4	4	4	3	3	3	4	4	3	4	3	4	2	4	3	4	5	4	2	4	4	4	4	2	4	4	3	4	3	3	4	4	3	3	2	4	4
10130021	3	4	3	3	5	3	5	2	3	1	2	1	3	1	3	1	5	1	4	4	5	2	3	3	5	5	3	5	5	5	1	2	3	4	1	5	5	3	3	1	2	5	5	5	5	5	1	5	2	1	5	3	3	5	4	5	5	5	5	1	2	2	2	5	5	3	1	5	5	4	1	1	5	3	1	5	1	4	5	5	2	3	5	5	1	5	5	3	3	5	5	1	5	5	5	5	5	5	5	3	4	1	5	3	1	5	3	3	5	3	5	3	5
10130027	5	5	5	4	5	3	4	1	4	5	5	3	4	2	3	2	3	3	4	5	4	5	2	3	5	4	2	4	2	4	3	3	2	2	1	1	4	4	4	2	5	4	4	2	5	4	2	2	5	5	5	4	3	3	1	3	5	3	4	1	3	2	2	3	4	3	2	5	3	4	2	4	4	2	2	4	5	2	5	3	2	5	3	3	2	3	4	5	2	5	4	4	4	4	4	4	5	5	3	2	4	3	2	5	2	3	4	5	3	2	1	5	4
10130029	4	5	4	3	3	4	4	2	3	3	5	2	4	2	5	1	4	2	5	1	3	2	2	2	4	4	3	2	3	5	1	5	3	5	1	3	2	4	1	5	1	4	5	1	5	1	3	5	4	4	4	4	4	3	2	3	3	5	4	5	2	3	1	4	1	3	1	1	5	3	3	1	5	5	2	4	3	3	3	3	3	3	3	4	2	5	5	3	4	5	4	5	3	3	2	4	2	3	4	4	3	3	3	4	5	4	5	3	5	2	2	1	3
10130030	3	1	3	3	4	3	4	2	2	2	3	4	4	2	3	3	4	1	3	2	3	1	2	1	4	3	3	3	2	5	2	4	2	4	2	3	1	2	1	3	2	2	3	1	3	3	1	3	2	3	3	2	1	3	3	3	3	3	3	3	3	3	2	4	1	3	2	4	4	4	2	1	4	3	2	4	2	4	2	2	2	2	4	3	2	3	4	2	3	5	2	3	2	4	2	4	2	3	3	4	2	3	4	3	4	3	3	2	4	4	3	2	3
10130035	3	1	5	2	3	3	3	2	3	3	4	2	5	2	5	1	5	1	3	2	4	2	5	4	3	5	5	2	5	5	4	5	4	5	2	1	3	3	1	4	3	5	3	3	5	3	2	3	3	2	4	3	3	5	3	2	5	5	5	2	3	2	3	4	3	3	4	4	2	4	1	4	4	4	5	5	1	4	4	5	3	4	5	5	4	5	5	3	4	5	2	5	2	4	2	4	4	5	5	4	4	2	5	3	5	4	3	2	5	2	4	4	4
10130036	2	3	3	4	3	4	4	2	4	4	4	3	4	4	2	5	2	1	2	5	4	4	3	5	4	4	3	4	2	4	4	4	4	4	5	1	4	4	5	2	2	5	5	4	2	2	4	4	5	4	2	5	4	5	2	2	3	5	4	2	5	5	2	3	3	2	4	4	4	2	2	2	5	2	3	2	4	3	4	4	2	2	4	2	2	2	3	5	2	3	4	4	2	3	4	2	3	4	4	3	4	4	1	4	2	4	5	5	5	2	2	4	4
10130037	3	2	3	4	4	4	4	2	4	3	3	4	4	2	3	1	3	1	4	3	3	2	4	3	4	4	4	4	5	4	2	4	2	5	2	3	3	4	3	4	4	3	4	3	2	4	2	3	3	3	4	4	4	4	2	3	4	3	4	2	3	3	2	4	4	3	2	4	3	4	2	2	4	4	2	4	4	4	1	3	2	2	4	4	2	4	4	4	4	4	2	3	2	4	3	4	4	4	4	2	4	2	2	4	4	2	4	4	3	3	4	2	4
10130039	1	5	3	5	3	4	3	2	3	5	2	3	4	4	3	3	4	1	1	4	2	3	2	2	3	3	4	4	3	3	1	3	3	3	2	2	2	2	2	3	3	3	3	3	3	3	1	4	2	2	4	3	2	2	2	2	3	4	3	1	3	4	2	3	3	3	3	3	3	3	2	2	4	2	3	4	3	3	3	3	3	3	2	2	3	2	3	3	3	4	3	3	3	4	3	2	3	3	2	2	2	2	3	4	1	2	4	2	3	2	2	2	3
10130040	3	2	3	4	3	2	3	3	2	4	4	3	2	4	4	2	2	4	3	2	3	2	4	4	3	3	4	5	2	3	2	3	3	4	4	2	4	4	4	5	3	4	2	2	2	3	3	3	4	4	2	4	2	4	2	3	3	4	4	2	4	3	4	3	4	4	2	3	3	4	2	3	4	2	2	3	4	2	2	4	3	3	4	3	3	3	3	2	2	3	3	3	4	4	2	4	2	4	4	4	3	4	2	3	4	3	4	3	4	4	4	3	3
10130042	3	4	4	3	4	3	4	2	3	3	4	2	4	3	3	2	4	2	3	2	4	2	4	3	4	4	4	4	2	4	2	4	3	3	2	4	2	3	1	3	2	3	2	3	4	3	2	4	3	2	2	3	3	4	4	4	4	4	3	3	3	4	2	4	2	4	2	4	3	5	2	4	4	3	2	3	2	3	2	3	2	2	4	4	2	4	4	2	4	4	2	4	2	4	1	4	3	4	4	2	4	3	2	3	4	4	4	2	3	3	3	3	3
10130044	5	4	3	4	4	2	4	2	2	3	5	1	3	2	5	2	4	3	3	3	5	2	4	3	5	5	2	4	5	5	2	3	2	3	1	2	4	4	2	4	2	5	2	2	5	2	2	5	5	3	3	2	4	3	3	5	5	5	3	2	4	4	2	4	4	4	3	5	1	3	1	5	4	4	2	3	3	3	3	5	2	4	3	5	5	5	4	1	4	4	1	3	2	3	2	5	3	4	4	2	3	2	3	3	3	4	3	4	5	3	3	1	3
10130046	3	3	4	4	3	3	3	3	2	2	2	1	3	1	4	2	4	1	3	3	3	3	3	3	4	4	3	3	5	5	3	4	3	5	3	3	3	3	2	2	3	5	3	3	3	2	2	3	3	3	5	3	2	4	3	3	3	3	4	1	4	3	3	4	3	3	1	3	5	3	3	2	4	4	2	4	2	4	4	4	3	1	4	3	3	3	4	3	5	5	4	3	3	5	3	3	5	5	5	5	5	3	5	3	1	2	5	4	3	3	4	2	3
10130050	3	2	3	4	3	3	3	3	2	3	3	2	3	2	3	2	4	2	3	4	3	4	3	2	4	4	3	3	5	4	2	4	4	3	2	2	4	2	1	2	3	4	3	2	5	3	2	3	3	4	5	3	2	3	2	3	3	3	3	1	5	3	3	3	5	2	5	4	3	5	5	1	5	3	3	5	2	4	4	5	3	5	3	2	2	3	3	5	4	5	4	3	3	3	3	3	3	3	4	4	4	2	3	4	2	2	3	4	3	3	3	3	3
10130054	3	2	4	3	3	3	3	3	3	3	3	5	5	3	3	3	4	3	4	3	3	3	4	4	4	4	3	5	3	4	3	3	4	4	1	1	2	3	1	4	2	4	4	3	3	3	3	3	3	3	3	3	4	3	3	3	3	5	4	1	5	3	3	4	5	3	4	2	5	5	3	1	3	3	3	4	4	5	3	5	3	5	5	5	2	5	3	5	3	4	4	2	3	4	2	5	3	4	4	2	4	3	3	5	1	3	3	5	3	5	3	1	4
10130055	4	2	5	1	4	2	4	1	3	2	4	3	4	1	4	1	5	2	4	3	4	2	4	3	5	5	3	4	2	5	1	4	2	5	1	5	2	2	1	4	2	5	2	4	3	4	2	5	3	3	2	2	3	4	4	4	5	5	3	3	3	4	2	5	1	4	2	3	3	4	2	2	3	4	2	4	1	3	3	4	2	2	3	4	3	5	5	2	3	5	2	5	2	5	2	5	2	5	5	1	5	2	4	4	2	5	3	2	4	1	4	2	3
10130056	3	2	3	3	4	4	4	2	2	3	3	3	3	3	3	2	3	2	3	4	3	4	3	3	4	3	2	2	4	5	3	3	3	4	3	3	2	2	2	3	4	3	4	2	3	3	2	4	3	3	4	3	2	4	3	3	3	3	3	1	4	3	4	3	4	3	2	3	3	3	3	1	4	3	2	4	2	4	2	3	2	4	3	3	2	2	3	4	4	4	3	2	3	4	2	3	3	3	3	3	3	3	4	3	4	3	5	2	3	4	3	3	2
10130058	3	3	4	3	3	4	4	2	2	3	4	2	4	3	4	2	4	2	3	3	4	2	4	3	5	3	2	4	2	3	2	3	3	4	2	2	2	4	2	3	3	4	3	4	3	3	2	4	3	2	3	3	2	3	3	4	4	4	4	2	3	3	2	3	3	3	2	4	4	4	2	2	3	3	2	4	3	4	3	3	3	4	4	3	3	5	4	2	4	5	2	3	2	4	2	3	4	4	4	3	3	2	4	3	3	4	4	2	4	3	3	2	3
10130062	3	2	3	3	4	4	4	2	3	3	4	4	3	2	4	3	4	3	3	2	4	2	4	3	4	4	5	4	1	4	3	4	3	4	2	2	2	4	2	2	2	4	2	3	2	3	3	3	4	3	2	3	2	4	2	4	3	3	2	4	3	4	2	3	4	4	2	3	2	4	3	4	3	3	3	4	3	3	3	4	2	2	4	3	4	5	3	4	3	3	3	4	3	4	4	4	3	5	5	4	4	3	2	3	3	5	4	2	4	2	3	3	4
10130063	5	2	4	1	5	1	5	2	5	3	5	3	5	3	5	1	5	1	5	2	5	5	5	1	4	5	3	4	4	5	1	5	3	5	1	2	5	5	1	5	1	5	1	5	5	5	1	5	5	4	1	4	4	5	2	5	5	5	5	3	5	5	1	5	1	5	2	5	3	4	1	5	5	5	2	5	5	5	5	5	1	1	5	5	5	5	4	2	5	5	2	4	2	5	4	5	3	5	5	1	5	4	1	5	5	5	5	1	4	4	2	5	5
10150002	2	3	3	5	2	5	4	3	3	2	2	4	3	3	2	3	2	2	2	4	3	5	3	4	3	3	2	3	4	3	2	2	4	4	4	3	3	5	4	2	2	3	2	3	4	3	3	1	4	4	4	2	2	4	2	2	2	1	4	1	5	2	1	3	5	3	4	2	5	2	4	2	5	2	2	2	4	2	4	4	3	3	4	3	3	2	3	5	2	3	4	4	2	2	4	2	5	4	3	3	2	4	2	5	3	2	5	3	3	4	3	3	3
10150005	4	3	5	3	4	2	3	1	3	2	3	3	5	2	4	2	5	2	3	2	4	2	3	3	4	4	3	3	2	4	3	4	3	4	2	2	2	4	2	4	4	3	2	4	3	2	2	3	2	3	2	3	2	3	3	4	5	3	3	3	3	3	2	3	3	3	2	4	2	4	2	3	3	3	3	4	2	4	2	3	2	2	4	3	3	3	4	2	4	4	2	4	2	4	3	4	2	3	3	2	4	3	2	2	4	2	3	3	3	3	4	3	3
10150007	3	5	2	2	5	3	2	3	4	1	1	4	4	4	2	2	5	3	5	1	3	2	5	2	3	3	2	3	1	5	5	2	3	5	2	4	2	4	4	2	2	1	3	4	2	2	2	4	2	2	4	3	1	3	4	3	4	3	3	3	1	4	1	4	2	3	2	5	4	3	2	1	3	4	3	3	4	3	4	2	3	2	3	2	1	3	2	2	3	3	2	3	2	3	4	3	1	3	3	3	3	3	2	3	2	2	4	3	4	4	4	3	3
10150015	5	1	4	2	3	2	1	2	5	1	1	3	5	2	2	3	3	1	5	1	5	1	1	2	4	1	3	3	1	4	2	4	3	5	2	4	2	2	3	2	2	5	1	1	3	2	1	1	2	2	1	1	1	3	4	4	3	4	4	2	2	2	2	3	2	5	2	4	2	4	1	3	2	5	2	5	3	5	2	5	3	3	3	4	5	5	4	3	4	3	2	4	2	4	5	4	1	4	2	2	4	2	3	2	3	3	3	2	2	2	2	2	3
10150019	4	5	4	3	3	3	3	3	3	3	5	5	4	3	3	3	5	2	5	2	3	3	4	4	5	4	3	3	2	5	3	5	3	3	3	3	1	3	4	1	1	4	2	3	1	1	2	5	5	5	5	5	3	5	3	5	4	5	5	3	3	3	3	4	3	3	2	3	3	3	3	3	3	4	3	3	4	3	4	4	1	1	3	3	2	2	4	4	3	5	4	5	4	4	3	4	5	5	3	4	3	3	4	3	4	4	4	3	4	4	4	4	3
10150023	2	3	4	4	5	3	4	2	4	2	2	3	1	2	3	3	4	1	3	3	3	3	2	2	3	3	2	4	3	5	4	3	3	3	1	3	3	2	3	1	3	3	2	2	2	2	3	2	2	2	1	1	2	2	2	3	3	3	3	3	2	3	3	2	1	2	2	2	1	1	2	3	2	2	1	2	3	2	2	1	2	1	1	2	3	3	2	2	1	2	2	2	2	3	1	2	3	3	1	2	2	2	2	1	2	2	2	3	2	2	2	4	3
10150025	4	3	3	2	4	2	4	3	4	3	4	5	5	2	3	2	4	3	4	5	4	4	3	3	5	4	3	5	1	4	2	4	5	3	3	3	3	3	3	4	2	4	4	3	3	3	2	3	4	3	3	3	5	5	3	4	5	3	4	3	3	3	4	4	3	3	3	4	2	4	3	4	3	5	3	5	2	4	3	4	2	3	3	3	4	3	3	3	3	4	3	4	3	3	3	4	2	3	3	1	4	4	4	2	3	3	4	3	3	3	3	3	5
10150026	4	1	5	2	5	4	4	1	4	1	4	4	5	1	4	1	5	2	4	2	2	3	4	4	5	5	2	4	1	4	3	4	4	5	4	4	1	4	1	5	4	4	3	4	1	1	3	4	1	1	5	3	3	4	4	3	5	3	4	1	3	4	2	4	3	3	1	5	4	4	1	1	3	4	1	5	2	4	2	5	1	1	5	1	4	3	5	3	4	5	3	2	2	4	1	4	1	4	1	1	3	1	3	4	5	2	5	2	5	3	4	4	4
10150035	1	5	3	5	2	5	2	3	5	5	1	3	4	4	1	4	2	5	1	5	5	5	2	5	3	2	1	5	5	3	2	1	3	1	3	1	5	3	5	1	4	3	5	3	5	1	4	1	5	5	5	3	2	3	1	1	3	1	5	1	5	2	5	2	5	2	5	5	4	3	5	4	5	4	5	2	5	2	5	5	5	5	1	2	1	1	1	5	3	3	5	2	5	1	5	1	5	1	3	5	2	4	1	5	1	1	5	5	3	1	1	5	1
10150046	4	3	3	4	3	2	4	3	3	3	3	2	4	2	4	1	3	2	3	4	3	4	2	4	5	4	3	3	2	4	3	4	2	4	2	4	3	4	2	4	4	4	4	3	5	4	1	4	3	2	3	4	3	4	4	4	5	5	4	2	4	5	3	4	4	4	2	4	3	5	3	2	3	3	2	4	3	4	4	4	2	4	3	4	3	3	5	2	4	5	3	4	3	4	3	4	3	5	4	2	3	2	4	3	3	3	3	2	4	2	4	3	4
10150048	3	3	4	3	3	3	3	2	3	2	3	3	4	2	3	5	4	3	4	3	4	3	3	3	4	4	4	3	3	4	1	3	3	4	3	3	3	4	3	3	2	4	2	2	3	3	2	2	3	3	3	4	3	3	4	4	4	5	5	3	3	4	2	5	1	4	3	4	2	5	1	2	3	4	2	4	1	4	4	4	2	2	4	4	4	4	5	3	5	4	4	5	3	4	4	5	4	4	2	2	4	3	4	2	3	3	3	1	3	5	4	3	3
10150049	5	1	4	5	4	4	1	2	4	1	5	1	5	1	1	1	3	1	4	2	4	3	2	1	5	4	3	5	2	5	2	4	3	4	1	3	2	4	1	4	3	4	1	4	3	1	1	2	1	1	2	4	2	3	5	3	4	4	3	3	3	4	3	4	3	4	2	4	3	5	1	2	1	4	1	4	1	4	2	3	3	2	4	3	3	3	1	4	3	5	4	5	3	3	2	4	4	5	2	1	4	1	1	2	4	3	4	1	4	1	5	1	4
10150051	4	3	3	3	3	2	4	3	4	2	4	2	5	3	1	3	3	1	5	1	5	2	4	4	5	5	2	5	4	3	2	4	3	5	2	1	2	3	2	3	1	3	1	3	3	2	2	3	3	3	2	3	4	4	3	3	2	5	4	2	5	4	4	2	3	3	4	3	2	5	3	3	4	3	3	4	3	4	2	4	4	3	3	3	4	4	3	3	3	3	3	3	4	4	1	3	3	4	3	1	3	3	2	3	3	4	3	3	3	2	3	1	3
10150060	3	4	5	5	4	4	4	2	3	5	3	4	4	3	3	3	4	3	3	5	4	3	4	3	3	4	3	3	1	4	4	4	3	4	5	4	2	3	3	4	2	4	4	4	3	4	2	3	3	4	4	4	3	4	3	3	3	3	4	2	5	5	2	4	4	3	1	3	5	2	2	1	2	4	3	3	1	4	3	3	3	3	4	3	3	3	3	2	4	4	2	4	2	3	5	5	1	3	1	5	4	3	3	5	4	2	4	4	4	5	4	4	4
10150071	4	4	4	4	4	3	5	2	4	2	4	4	4	4	4	3	4	3	4	1	4	1	4	3	4	4	3	3	2	4	3	4	4	4	2	4	3	4	3	3	5	4	2	4	4	4	2	5	4	4	3	3	2	4	4	4	4	5	4	4	2	4	3	3	5	4	1	4	4	4	2	3	4	4	3	4	2	4	2	3	2	1	4	4	2	4	3	3	4	4	3	3	2	4	4	4	2	4	4	4	4	3	3	2	2	4	4	4	4	3	4	3	3
10150073	4	2	4	5	3	3	4	2	3	3	3	2	4	3	3	2	3	4	2	4	3	4	3	2	4	3	3	5	2	4	3	4	3	4	2	1	2	1	3	4	3	4	3	3	3	4	2	3	5	4	3	4	2	4	2	3	3	3	4	4	4	3	3	3	4	4	3	3	3	3	3	3	3	4	2	3	3	5	3	4	2	3	4	4	3	3	3	4	4	4	3	3	3	3	3	3	4	3	3	4	3	3	3	4	4	4	4	2	3	4	2	4	3
10150074	3	3	5	2	4	4	5	1	3	2	5	1	5	1	2	1	5	1	4	2	4	2	5	2	5	5	3	3	4	4	2	4	3	5	2	3	1	3	2	3	3	5	2	3	2	3	2	4	3	2	5	4	4	3	2	4	5	3	3	2	2	4	2	5	1	5	2	5	3	3	3	2	3	3	2	4	2	4	2	4	2	2	4	4	3	4	4	2	4	5	2	3	3	4	3	5	2	4	4	2	4	3	2	2	4	3	3	3	3	1	4	2	3
10150077	5	1	4	5	3	2	5	2	5	2	4	1	5	2	3	1	5	1	5	5	5	3	3	2	5	5	4	4	1	5	3	5	2	3	2	2	2	4	2	5	2	4	3	5	2	3	2	4	5	4	2	5	3	5	2	4	5	5	4	4	2	4	1	4	5	5	2	4	2	4	4	3	4	5	2	4	3	5	2	4	2	2	3	5	4	3	5	3	5	5	2	5	1	4	3	4	5	4	4	1	4	2	4	2	4	3	3	4	5	3	2	4	4
10160077	4	2	5	3	4	3	3	1	4	2	5	1	5	1	4	1	5	2	4	4	4	3	4	1	4	5	3	3	1	4	3	4	2	4	2	2	4	4	2	4	3	4	3	4	3	4	2	3	3	2	1	4	2	4	3	4	4	4	3	5	3	3	4	3	3	3	2	4	3	5	2	2	3	3	2	4	2	4	2	4	2	2	4	4	4	4	4	3	3	4	2	4	3	4	2	4	3	4	4	3	3	2	2	3	2	3	3	2	4	4	4	2	3
10160078	3	4	3	4	3	3	4	3	3	3	3	3	4	3	3	3	3	3	3	3	3	1	2	3	3	3	3	2	2	3	2	3	4	5	2	4	2	3	2	3	1	3	5	3	3	3	3	4	3	3	4	3	1	3	3	3	3	4	3	3	1	4	1	4	2	3	2	4	3	4	2	2	3	4	2	4	2	4	3	3	4	2	5	4	3	3	4	2	4	5	3	5	2	5	2	4	5	5	4	1	3	1	4	4	5	4	3	2	5	3	4	2	4
10160081	3	4	4	4	5	4	3	2	2	3	3	2	3	1	4	2	2	3	2	2	4	3	2	2	5	4	4	2	3	3	2	4	3	4	3	2	3	3	4	3	4	4	3	4	2	4	3	3	4	3	3	4	2	3	2	4	4	3	3	2	3	2	2	3	4	3	2	4	4	4	2	2	2	2	2	4	2	4	3	4	2	4	4	3	3	3	4	4	4	4	3	3	3	3	3	3	2	4	4	4	3	3	3	2	2	2	4	4	4	3	3	2	4
10160085	3	4	5	5	4	5	5	2	3	4	3	3	4	3	4	2	5	2	3	2	5	3	2	3	4	4	2	3	3	3	3	3	3	4	2	2	2	3	3	2	4	3	4	3	3	2	2	3	4	3	5	3	2	3	2	3	5	3	3	3	4	3	3	2	5	2	3	3	3	3	3	2	4	3	3	3	3	3	3	3	3	3	2	2	2	3	4	3	3	4	3	3	4	3	3	2	2	3	3	3	3	3	3	4	2	2	3	3	2	3	2	2	4
10160086	4	3	4	3	4	3	4	1	2	1	3	3	4	2	3	2	4	2	3	1	4	1	4	3	4	4	4	2	3	4	2	3	3	5	2	4	2	4	1	3	2	4	2	3	2	4	2	5	3	3	4	3	2	4	3	4	3	5	4	2	3	3	2	4	1	4	1	4	3	3	1	2	4	2	2	3	3	3	3	3	2	1	4	4	3	4	3	3	4	4	3	4	1	3	2	4	1	4	3	1	3	4	3	2	3	3	4	1	4	4	4	1	3
10160089	2	4	5	3	4	4	4	1	3	1	2	3	5	2	5	1	4	1	4	1	4	2	4	3	5	3	3	3	1	5	1	3	3	5	3	3	2	4	2	4	1	4	2	4	2	2	2	5	4	1	4	4	1	2	4	4	5	3	4	3	2	3	1	3	1	3	1	5	5	4	2	3	4	3	1	4	1	3	1	3	2	1	3	3	1	4	3	3	3	4	3	5	4	4	3	3	4	4	4	3	4	1	4	1	4	3	3	2	3	4	1	4	5
10160093	2	3	4	4	5	2	4	2	3	3	4	2	5	2	3	1	3	2	3	5	3	4	3	5	4	3	4	3	1	4	3	3	2	4	4	3	2	3	1	3	2	5	2	3	2	3	2	3	2	3	3	4	1	4	2	3	5	3	3	5	4	1	3	4	3	3	3	5	4	4	2	2	3	3	1	3	3	3	2	2	2	2	4	3	3	2	3	3	4	4	2	4	2	5	3	3	3	4	2	2	4	2	2	4	3	2	3	2	3	3	2	4	3
10160094	5	5	4	3	4	3	4	2	3	3	2	1	4	4	4	3	3	4	3	2	2	3	3	4	5	3	3	4	2	5	2	5	3	5	2	4	3	5	5	5	4	4	3	4	3	3	3	4	3	4	4	4	3	5	3	3	4	5	5	3	3	4	2	4	4	3	2	4	4	4	3	2	4	4	2	5	3	4	4	3	2	2	3	2	2	4	4	2	3	5	2	2	2	3	2	4	2	4	5	3	4	3	4	4	2	3	5	4	5	3	3	3	5
10160099	3	2	5	3	4	3	4	2	3	4	3	1	4	2	4	3	5	3	3	2	4	2	3	2	4	4	2	3	1	3	2	3	2	4	2	3	2	3	2	3	3	3	2	3	3	4	2	3	2	2	2	2	2	3	2	4	4	3	4	4	4	3	3	4	3	3	2	4	3	4	2	3	4	3	2	4	2	3	3	4	2	3	4	3	4	3	4	4	4	4	2	3	2	4	3	4	2	3	3	2	4	3	3	3	3	2	3	2	3	3	2	3	3
10160109	4	4	4	3	5	3	4	2	3	2	4	3	4	2	3	3	4	5	3	3	4	2	3	2	4	3	3	3	1	4	2	3	4	5	2	2	3	4	2	3	5	4	1	3	3	3	3	3	3	2	3	3	3	3	3	3	3	4	4	3	2	3	4	3	2	3	3	3	3	3	3	3	3	3	3	3	2	3	3	3	4	4	3	3	2	4	4	4	4	4	3	3	3	3	3	4	3	3	2	4	3	4	3	4	3	3	3	2	4	3	2	3	3
10160111	2	2	3	4	3	5	3	2	3	3	2	5	3	4	1	3	2	3	2	5	3	5	3	4	2	2	1	2	2	2	4	2	5	3	3	2	1	3	2	2	5	2	5	3	1	3	2	1	3	5	5	2	2	3	2	2	2	1	4	1	4	2	4	3	5	1	3	3	4	2	4	3	4	2	3	2	5	2	4	2	3	4	4	2	1	2	2	3	2	3	2	2	1	3	3	2	4	2	2	4	3	4	4	5	5	2	5	4	2	4	1	3	2
10160116	3	2	4	1	4	3	4	1	4	2	2	4	5	1	4	2	4	2	3	2	2	1	3	2	5	4	5	4	2	4	2	4	2	4	4	4	2	3	3	3	4	4	2	4	3	4	2	4	2	2	3	4	4	4	3	1	5	4	4	3	3	4	2	3	2	3	2	5	4	3	2	2	3	3	2	5	2	5	2	2	2	3	3	3	2	2	4	3	4	3	3	3	2	3	2	3	3	5	2	2	3	2	3	2	4	2	3	2	4	3	3	3	3
10160119	3	2	1	3	4	3	4	1	2	1	3	3	4	3	4	2	3	2	3	3	4	3	3	2	4	3	4	4	2	4	2	4	3	5	2	2	2	3	2	4	2	3	2	3	3	4	2	2	2	2	2	3	4	3	2	4	4	3	4	2	3	3	2	3	2	3	2	4	2	3	2	2	2	3	2	4	2	4	2	2	2	2	3	3	2	3	3	3	4	3	3	2	2	3	2	3	2	3	2	2	3	3	2	2	3	2	3	2	2	2	2	2	3
10160121	3	2	4	4	3	4	3	2	3	3	2	2	4	3	3	4	3	2	3	2	4	2	3	3	5	3	3	3	2	3	2	3	4	4	2	2	2	3	5	3	2	4	3	3	2	3	4	4	3	3	4	4	2	2	2	3	2	4	3	4	3	3	3	4	2	3	2	2	5	2	2	2	4	4	3	3	4	3	4	4	3	2	3	3	3	3	4	4	4	4	3	2	4	3	4	3	2	3	3	4	3	4	2	4	2	3	4	3	4	3	2	4	3
10160122	3	3	3	2	4	4	4	2	3	2	3	4	2	3	3	2	3	3	4	3	3	3	2	2	3	4	3	3	3	2	3	3	4	4	3	4	2	3	3	3	4	3	3	3	3	4	2	2	2	3	4	4	2	2	4	4	4	3	3	3	2	2	3	2	2	3	4	3	3	3	3	2	3	3	2	3	4	2	4	3	2	2	3	3	3	3	3	4	3	2	2	3	3	2	3	3	3	4	4	4	4	4	2	4	4	3	3	2	3	3	4	3	2
10160123	5	4	4	4	3	3	3	2	4	3	3	3	3	3	3	3	3	3	2	2	3	3	3	3	3	3	3	3	2	3	3	4	4	3	2	2	3	3	3	3	4	3	4	3	3	3	3	3	3	3	3	3	3	2	3	3	3	4	3	3	4	3	2	3	2	4	3	4	4	4	3	4	3	3	2	4	3	4	3	3	3	3	3	3	4	4	3	4	4	3	3	3	3	4	3	4	4	4	2	3	4	3	3	3	3	2	4	5	4	3	3	4	3
10160125	5	1	5	5	5	5	5	5	5	5	5	5	5	5	5	5	5	5	5	5	5	5	5	5	5	5	5	5	5	5	5	5	5	5	5	5	5	5	5	5	5	5	5	5	5	5	5	5	5	5	5	5	5	5	5	5	5	5	4	5	2	4	1	4	5	5	1	5	2	5	2	2	3	5	3	5	2	1	1	5	3	3	5	5	4	3	5	4	5	3	4	4	3	4	3	5	3	3	5	3	4	3	4	5	4	3	3	4	3	4	3	3	4
10160127	3	4	5	4	4	4	4	1	1	2	2	4	5	5	2	2	3	4	3	2	3	1	3	2	4	3	4	4	5	4	3	5	3	5	2	2	2	4	2	4	2	3	1	2	2	3	2	5	3	3	2	2	2	3	2	3	3	2	3	2	2	2	3	2	4	3	3	5	3	3	1	3	1	3	3	3	2	3	2	1	3	2	1	2	1	3	3	4	2	4	2	2	1	3	3	3	1	4	3	2	2	3	2	2	2	3	2	2	3	2	2	1	4
10160132	3	4	4	3	4	3	4	4	4	1	3	3	3	3	3	3	3	4	3	3	3	3	3	3	5	5	5	3	3	3	3	4	4	4	3	3	4	3	4	3	3	4	3	3	3	1	1	3	3	3	3	3	3	3	3	3	3	4	3	1	4	4	3	3	1	3	4	4	4	4	3	3	3	4	2	3	3	3	3	3	3	3	3	3	3	4	3	4	3	3	3	1	4	4	3	4	4	4	4	4	4	4	4	1	1	3	3	3	3	4	5	5	5
10160133	1	4	3	5	4	4	3	3	4	4	3	2	4	4	2	3	4	1	3	3	4	2	3	3	1	3	2	5	4	5	4	4	4	5	2	2	3	4	3	5	3	3	4	3	1	3	3	3	5	4	3	2	4	4	3	2	2	2	3	3	3	3	2	2	4	4	4	4	2	1	3	2	2	1	5	2	3	3	3	4	3	3	1	2	3	4	3	2	3	3	4	3	3	2	3	3	3	4	3	3	2	3	2	3	4	3	3	2	4	2	3	2	3
10160134	5	4	3	3	4	3	3	4	3	2	3	2	4	4	3	3	3	2	3	4	3	2	4	4	3	3	3	5	5	4	3	1	2	2	3	3	2	3	3	5	3	3	2	2	3	3	2	4	3	2	4	5	3	3	3	3	3	3	5	3	3	4	3	4	3	3	3	5	3	2	4	2	5	4	1	4	4	2	4	3	2	3	5	4	3	3	3	4	4	4	2	3	5	3	4	2	1	4	3	3	4	4	4	3	1	4	2	3	5	5	3	4	3
10160139	3	3	4	3	3	3	3	1	3	2	3	3	4	2	3	2	4	1	3	3	2	2	3	2	4	3	3	3	3	3	2	3	3	4	2	2	2	3	3	3	2	4	2	3	2	3	2	3	3	2	3	3	2	4	3	3	3	3	3	2	3	3	2	3	3	3	2	3	3	3	2	2	3	3	2	3	2	3	3	3	3	2	3	3	3	3	3	3	3	3	3	3	3	3	3	3	3	3	3	2	3	2	2	3	3	3	3	2	3	3	2	2	3
10160141	5	5	5	4	5	4	5	1	5	1	5	1	5	1	5	1	5	3	5	5	5	5	5	1	5	5	5	5	1	5	1	5	1	5	2	3	1	5	1	5	5	5	4	5	1	5	1	2	3	2	1	5	3	2	3	5	5	5	5	3	3	4	2	4	5	5	3	5	1	5	1	4	5	5	1	5	1	5	3	5	1	3	5	5	3	4	5	3	5	5	3	3	1	5	5	5	3	5	5	3	5	1	5	3	4	4	5	5	5	5	5	5	4
10160143	4	4	5	3	5	4	5	1	2	2	4	1	5	1	2	1	5	1	4	4	5	4	3	3	5	5	3	3	1	5	2	5	4	5	1	3	2	4	2	4	2	5	2	3	3	5	2	5	3	3	3	3	1	4	3	5	5	5	5	3	5	3	3	4	4	3	3	4	3	5	2	3	3	4	1	4	3	4	3	5	3	3	5	3	3	5	5	3	5	5	3	5	3	4	2	4	2	5	4	2	4	3	3	3	4	3	5	3	4	3	3	5	3
10160144	4	2	5	1	5	4	5	1	2	2	4	3	5	2	5	1	5	4	4	3	4	2	4	1	5	3	5	3	1	5	3	5	2	4	3	5	2	5	1	3	3	5	2	3	3	5	1	3	3	2	2	4	1	3	4	3	5	5	5	5	2	1	3	5	2	4	2	5	2	5	1	3	3	5	1	5	2	5	3	2	1	1	4	4	4	4	5	3	5	5	3	5	1	4	2	5	1	5	5	2	5	1	5	2	2	4	3	1	2	3	5	5	5
10160145	3	5	5	4	3	5	5	1	3	3	3	1	3	1	5	3	5	1	4	3	2	3	5	3	5	3	3	3	1	4	1	3	3	5	2	2	1	5	3	3	4	5	3	4	3	4	1	2	3	3	1	4	1	1	3	4	5	3	5	3	4	3	2	4	4	5	3	5	4	3	3	2	2	3	2	4	3	4	3	4	5	3	4	3	4	3	4	5	4	5	5	3	3	3	3	3	5	3	5	2	4	3	3	3	5	1	4	3	4	5	2	1	3
10160147	2	3	5	4	3	4	3	1	3	3	2	4	4	3	4	3	4	1	3	2	3	2	3	3	4	3	3	3	3	3	2	4	4	3	3	3	3	3	3	3	2	4	3	4	4	3	2	4	4	3	2	4	1	2	3	3	3	4	3	3	4	3	3	3	3	3	2	4	3	4	3	3	4	2	3	3	4	3	4	3	3	3	3	3	3	3	3	4	3	4	3	4	3	3	3	3	3	3	3	3	3	4	2	4	2	3	3	3	3	3	2	4	3
10160152	3	3	4	3	3	3	4	3	3	3	3	3	3	3	5	3	3	3	3	3	3	3	3	4	4	4	3	3	3	3	4	4	3	5	2	3	4	2	3	4	4	3	3	2	2	3	3	4	4	4	3	3	3	3	4	3	3	4	4	3	3	3	3	3	1	3	3	2	4	4	2	3	4	5	3	2	2	3	3	3	2	2	3	3	3	4	3	3	3	1	2	3	3	5	3	4	2	3	3	3	5	1	2	4	2	4	3	3	3	3	5	3	3
10169004	3	3	3	3	3	3	3	3	3	3	3	3	3	3	3	3	3	3	3	3	3	3	3	3	3	3	3	3	3	3	3	3	3	3	3	3	3	3	3	3	3	5	3	3	3	4	1	3	3	3	3	3	3	3	3	3	3	4	1	3	4	5	2	3	3	3	3	5	1	5	3	3	3	3	3	3	2	3	3	3	3	3	3	3	3	5	3	4	3	4	3	4	4	3	3	4	5	5	5	2	1	4	4	3	4	3	3	3	3	3	3	3	3
10169006	2	4	3	3	2	3	3	2	3	2	2	3	2	2	4	3	4	3	2	3	3	3	2	4	4	3	2	3	3	3	3	2	3	3	2	2	2	3	3	2	3	3	3	3	3	2	3	2	4	2	4	3	1	3	3	2	3	2	2	2	4	3	2	3	3	4	2	4	5	2	2	2	2	3	1	3	3	3	4	2	2	3	2	2	3	2	3	5	3	5	5	5	2	2	3	2	3	5	1	3	3	2	4	3	2	2	5	4	4	3	3	4	3
10180001	4	2	1	3	4	3	4	3	2	3	2	2	5	5	2	1	3	3	5	3	4	2	4	2	5	4	5	2	1	4	1	4	2	5	1	4	4	3	2	4	3	5	3	3	2	4	1	3	2	2	2	2	5	4	3	4	5	5	5	4	5	4	4	3	4	3	2	3	1	4	3	3	4	4	3	3	1	5	2	5	3	2	4	3	5	4	4	3	4	4	2	4	2	4	1	3	3	3	4	3	3	3	3	3	3	3	2	2	3	3	5	1	2
10180002	2	4	2	5	5	5	3	4	2	4	2	3	3	3	1	3	2	2	2	5	2	5	2	2	3	3	4	2	5	3	4	3	4	5	3	2	2	3	2	3	4	2	2	2	3	4	3	4	5	3	4	2	5	4	4	2	2	3	3	5	5	1	2	2	3	3	2	3	5	3	3	1	2	3	4	2	1	3	2	2	3	2	3	3	2	3	3	3	3	4	3	3	5	3	3	3	5	3	3	3	3	4	2	3	1	2	5	4	5	5	1	1	3
10180003	4	3	5	3	5	4	4	1	4	2	4	3	3	2	3	2	5	3	3	2	4	1	4	3	5	4	4	4	5	5	3	4	4	5	2	4	3	2	1	3	4	3	3	4	3	3	2	3	2	2	3	3	2	3	4	3	5	4	4	3	5	4	3	3	4	4	2	4	4	5	2	2	2	3	2	4	3	4	3	4	2	3	4	3	3	4	3	2	4	4	3	5	3	3	4	3	2	4	3	3	5	3	3	3	2	3	3	3	3	2	4	2	3
10180004	4	2	2	4	2	4	2	4	2	4	2	2	4	4	2	4	2	3	2	2	3	2	2	3	2	2	2	2	4	2	3	2	3	3	3	2	4	2	2	2	2	3	3	2	2	2	3	3	4	4	3	2	3	2	2	2	2	1	2	3	4	1	4	1	2	2	4	2	3	4	3	2	4	1	4	3	5	2	3	3	4	2	1	1	1	2	1	3	2	2	2	3	3	2	1	2	3	2	3	3	1	3	1	4	2	2	4	3	1	3	3	1	1
10180006	-99	-99	-99	-99	-99	-99	-99	-99	-99	-99	-99	-99	-99	-99	-99	-99	-99	-99	-99	-99	-99	-99	-99	-99	-99	-99	-99	-99	-99	-99	-99	-99	-99	-99	-99	-99	-99	-99	-99	-99	-99	-99	-99	-99	-99	-99	-99	-99	-99	-99	-99	-99	-99	-99	-99	-99	-99	-99	-99	-99	-99	-99	-99	-99	-99	-99	-99	-99	-99	-99	-99	-99	-99	-99	-99	-99	-99	-99	-99	-99	-99	-99	-99	-99	-99	-99	-99	-99	-99	-99	-99	-99	-99	-99	-99	-99	-99	-99	-99	-99	-99	-99	-99	-99	-99	-99	-99	-99	-99	-99	-99	0	1	
10180011	3	4	3	4	3	3	4	4	2	4	3	3	5	2	3	3	4	3	3	5	4	4	3	3	3	4	4	3	4	5	3	3	4	2	3	3	4	3	2	3	3	3	3	2	3	2	4	1	3	4	2	2	5	3	3	3	2	3	3	3	4	2	3	2	4	2	4	3	3	3	4	2	5	2	3	3	3	4	3	4	3	4	3	2	2	3	2	3	2	3	3	2	2	2	3	4	4	3	3	3	3	5	2	4	3	2	4	3	3	4	3	2	2
10180012	-99	-99	-99	-99	-99	-99	-99	-99	-99	-99	-99	-99	-99	-99	-99	-99	-99	-99	-99	-99	-99	-99	-99	-99	-99	-99	-99	-99	-99	-99	-99	-99	-99	-99	-99	-99	-99	-99	-99	-99	-99	-99	-99	-99	-99	-99	-99	-99	-99	-99	-99	-99	-99	-99	-99	-99	-99	-99	-99	-99	-99	-99	-99	-99	-99	-99	-99	-99	-99	-99	-99	-99	-99	-99	-99	-99	-99	-99	-99	-99	-99	-99	-99	-99	-99	-99	-99	-99	-99	-99	-99	-99	-99	-99	-99	-99	-99	-99	-99	-99	-99	-99	-99	-99	-99	-99	-99	-99	-99	-99	-99	0	1																																																																																																																
10180015	5	2	4	4	5	3	5	1	4	3	5	1	4	2	5	1	5	1	3	2	5	4	3	2	5	5	3	5	3	5	1	5	3	5	3	4	2	3	1	3	2	5	2	3	5	3	1	5	4	3	4	3	4	5	3	4	5	5	4	3	5	4	2	4	3	4	1	4	3	5	3	4	5	4	4	5	3	4	2	5	1	4	5	5	5	5	5	4	5	5	2	4	2	5	4	5	4	5	4	2	4	2	4	4	3	4	3	4	5	4	4	5	4
10180017	3	2	4	5	3	3	5	2	5	2	4	4	4	4	5	5	2	3	3	1	5	2	5	1	5	4	4	3	2	5	3	4	2	5	3	3	3	3	2	3	3	3	4	3	3	3	2	3	2	3	3	3	3	5	3	3	3	4	4	2	4	4	2	3	3	4	3	5	4	3	2	2	3	3	2	3	3	3	2	2	1	1	4	3	1	3	3	2	4	4	3	4	2	3	3	3	3	4	2	4	2	3	3	4	2	2	3	3	4	3	4	2	3
10180018	5	4	5	5	3	5	4	2	2	4	4	3	4	1	3	1	4	2	4	1	3	3	3	4	5	5	2	1	5	2	1	4	2	5	2	4	3	2	3	2	4	4	2	4	4	2	3	5	3	4	5	3	3	2	2	3	4	5	1	5	5	5	2	5	3	4	1	4	5	5	1	4	2	5	1	5	3	3	5	3	1	3	2	5	4	3	5	5	4	5	5	5	2	4	1	2	2	5	4	1	4	1	5	3	2	4	1	4	5	1	4	1	5
10180019	4	2	2	3	5	3	5	2	3	3	4	3	5	2	2	2	1	1	3	3	3	2	4	3	5	5	5	4	4	4	3	4	2	4	1	2	3	4	2	3	3	3	2	4	1	5	1	3	2	2	2	3	4	4	3	4	4	4	5	2	2	4	2	4	5	4	2	5	4	3	2	2	3	3	2	4	4	4	2	3	2	2	4	4	3	3	4	4	5	4	2	4	3	4	2	4	5	5	3	1	4	3	3	3	3	3	4	2	5	3	3	2	3
10180021	5	1	5	1	5	1	5	1	1	1	5	1	5	1	5	1	5	1	5	1	5	1	5	1	5	5	5	3	1	5	1	5	1	5	1	5	1	5	1	5	3	5	1	1	1	5	1	5	1	1	1	5	1	5	5	5	5	5	5	1	1	3	1	5	1	3	1	5	1	5	1	1	1	5	1	5	1	5	1	5	1	1	5	5	5	5	5	1	5	5	1	5	1	5	1	5	1	5	5	1	5	1	5	1	5	5	4	1	1	5	5	1	5
10180023	2	3	1	1	5	3	3	1	3	3	1	3	3	3	3	3	5	3	3	1	3	3	3	1	3	1	3	2	1	3	1	3	3	2	3	3	1	3	3	3	3	3	1	3	1	1	1	1	1	1	1	3	5	5	3	3	5	3	3	1	1	3	1	5	3	3	3	3	1	1	1	1	1	5	3	3	1	3	1	1	1	3	3	3	5	3	5	3	5	5	1	5	1	3	1	5	1	5	3	1	5	3	5	1	5	5	3	3	1	1	5	1	5
10180026	3	3	3	3	3	3	3	3	5	3	3	3	3	3	3	3	3	1	3	3	3	3	3	3	3	3	3	2	2	2	3	5	4	4	2	3	2	3	3	2	3	3	3	3	3	3	3	3	3	3	5	3	3	3	3	3	3	3	4	3	5	2	2	2	3	2	3	3	5	3	3	2	5	3	4	3	3	4	3	2	2	2	3	3	1	2	3	3	2	5	5	5	5	3	5	3	5	3	1	3	3	5	1	5	1	1	5	2	2	3	2	2	1
10180028	3	4	3	3	3	3	2	3	3	3	2	3	3	3	1	3	3	3	3	3	2	3	3	3	3	3	3	3	4	1	4	3	3	3	3	3	4	3	2	3	3	3	4	2	5	4	2	1	3	3	3	3	5	3	2	3	3	1	3	4	4	3	1	3	5	3	5	5	4	3	3	1	5	5	1	3	3	3	4	3	3	3	3	3	3	3	5	1	4	5	5	3	3	2	1	2	4	4	2	1	1	1	2	2	1	3	4	2	3	4	5	2	3
10180029	3	2	5	3	5	4	5	1	4	4	4	3	4	2	4	2	4	3	4	1	4	2	2	1	4	5	2	4	3	4	3	4	5	4	4	3	1	4	1	3	4	4	4	3	2	5	2	4	2	2	2	4	4	4	3	3	5	5	3	3	3	5	1	4	3	4	2	4	3	3	3	1	3	3	2	4	3	4	3	4	2	2	4	3	3	4	4	4	4	5	3	5	5	4	3	4	2	5	3	4	4	3	5	5	4	2	5	3	5	4	3	2	3
10180030	3	2	5	1	5	3	4	2	3	1	4	2	4	2	5	2	4	3	4	2	4	2	4	1	5	4	5	3	2	4	2	5	2	5	2	4	1	4	1	4	4	5	1	4	2	4	1	3	2	2	2	5	3	5	4	4	4	3	4	3	1	3	1	4	2	4	2	4	3	4	1	1	1	5	2	5	1	4	2	2	1	1	4	3	3	4	5	1	5	5	2	5	3	4	2	4	3	5	4	1	4	2	4	1	5	5	4	1	3	2	5	1	3
10180031	3	3	3	3	3	3	3	2	3	2	3	2	3	1	3	2	4	2	3	2	3	3	3	1	4	4	2	4	2	4	2	3	2	4	3	1	1	3	4	3	3	5	2	2	3	1	1	3	3	2	4	2	3	5	4	4	3	3	4	3	3	4	3	4	4	3	2	5	3	4	3	1	3	5	2	4	4	5	4	4	3	2	4	3	4	2	4	4	4	5	2	1	2	3	3	4	5	4	2	3	4	3	3	3	3	2	4	3	3	4	3	3	2
10180037	4	3	5	3	5	3	5	1	4	1	4	2	4	2	4	1	5	1	4	2	5	1	4	2	4	5	3	3	2	4	3	3	1	4	2	3	1	3	2	4	4	4	2	4	3	4	1	3	2	2	3	2	1	4	4	4	5	4	5	2	3	4	2	4	2	4	2	5	3	4	2	4	2	5	1	4	2	4	2	2	2	1	4	4	2	5	4	2	4	4	3	5	2	4	2	4	2	4	4	2	4	1	5	2	3	4	4	2	4	2	3	1	4
10180042	4	2	4	3	4	2	4	2	3	2	4	2	3	2	4	2	4	1	4	2	4	3	4	2	3	3	3	4	3	4	2	5	3	5	1	4	2	5	2	5	2	4	2	3	3	5	2	4	2	3	2	4	3	3	3	4	3	5	4	3	3	3	3	4	2	3	2	5	3	4	1	4	4	5	2	3	3	3	2	3	2	2	5	4	2	5	3	2	5	4	2	5	2	5	3	4	2	5	4	2	4	4	4	5	2	5	4	3	3	1	3	4	4
10180045	3	2	3	3	3	3	3	1	3	3	3	1	4	1	5	1	3	5	3	2	3	1	2	1	5	5	3	3	5	3	2	3	2	4	2	4	1	2	1	3	2	4	1	3	2	2	2	4	2	2	2	2	2	3	3	3	4	4	3	2	3	3	2	3	2	3	2	3	3	3	3	3	3	3	2	3	3	3	3	4	2	1	3	3	4	3	3	3	3	3	3	3	3	3	3	3	2	3	3	2	3	3	3	4	3	3	3	3	4	3	3	3	3
10180046	5	4	4	3	4	3	4	2	4	1	4	2	4	2	4	1	5	1	4	2	2	2	4	2	5	5	4	3	5	4	1	4	2	4	2	2	1	2	1	4	1	5	2	4	1	4	2	5	2	2	4	5	1	5	4	3	4	5	4	2	2	5	1	5	4	3	1	4	5	4	1	2	2	4	1	5	1	4	3	3	2	1	4	4	4	4	4	4	4	5	2	5	2	4	1	4	5	5	5	1	3	2	4	4	3	4	5	4	5	2	5	2	4
10180050	3	3	3	4	3	3	3	3	3	3	3	2	3	2	3	2	2	3	2	3	3	3	2	3	3	3	3	3	3	3	2	3	3	3	3	2	3	3	2	3	3	3	2	3	3	3	2	2	3	3	3	4	3	3	3	3	3	3	3	3	4	3	3	2	3	3	3	2	3	3	3	3	4	3	2	3	3	3	3	3	2	2	3	3	3	2	4	4	4	4	3	4	3	2	2	3	3	4	3	2	2	3	2	3	3	3	3	3	3	3	3	3	3
10180051	5	2	4	1	4	2	4	2	3	2	3	2	5	2	4	1	4	1	5	3	4	1	3	3	4	4	3	4	3	5	3	4	3	4	2	3	2	3	1	4	4	3	3	3	3	4	1	4	2	2	2	1	5	4	3	4	5	5	4	3	5	3	2	4	3	4	2	5	3	5	4	3	3	4	2	5	2	4	3	3	2	2	4	4	2	4	4	4	4	5	3	5	2	4	2	5	3	4	5	1	4	2	4	3	3	4	2	2	4	3	4	3	4
10180054	2	2	4	1	4	1	5	1	1	1	4	2	4	1	4	1	5	1	4	3	3	1	3	2	5	4	3	2	2	5	2	5	1	5	1	4	2	4	2	5	1	5	1	2	2	3	1	5	1	1	2	3	4	5	4	4	5	5	5	3	2	3	1	3	1	3	2	5	2	5	1	1	2	5	1	5	1	5	2	2	1	2	3	3	1	5	3	2	4	5	2	5	3	3	1	3	2	4	4	2	4	1	4	3	4	4	4	3	3	2	4	2	3
10180055	3	4	3	5	3	4	3	4	2	3	2	4	3	4	1	5	2	1	1	5	4	5	1	3	2	2	3	3	4	3	3	2	4	4	3	2	3	2	4	2	2	2	3	1	4	2	4	3	4	4	4	3	4	3	2	3	2	2	2	3	4	2	2	2	2	3	2	3	1	2	4	4	4	2	4	3	4	2	4	4	4	3	2	3	1	2	2	4	4	4	4	4	4	2	2	2	2	3	2	2	2	4	2	4	2	3	4	3	2	2	2	1	2
10180057	4	3	4	3	4	5	5	1	4	2	2	1	4	1	4	2	5	1	3	2	3	3	3	2	5	3	4	3	2	3	2	3	2	4	3	3	2	2	2	3	2	5	1	4	2	4	1	4	2	3	3	3	1	4	3	3	5	5	3	2	3	4	2	5	2	3	3	5	4	4	1	2	3	4	2	4	1	4	3	4	2	2	4	4	4	4	4	3	4	4	3	5	3	4	3	4	4	3	4	1	4	2	3	3	3	5	4	3	4	2	3	2	5
