1	-0.173	0.087	0.734	-0.091	-0.282	0.481	-0.403	0.087	1.507	-0.075	-0.113	0.743	0.779	0.187	-0.575	0.149	0.265	-0.62	0.295	-0.53	0.306	0.658	0.233	0.525	0.636	0.453	-0.133	-0.142	-0.626	0.735	-0.093	-0.697	0.31	0.112	0.058	0.229	-0.148	-0.469	0.08	-0.308	0.607	0.213
2	0.04	-0.67	-0.271	-0.18	-0.38	0.07	-0.429	-0.138	0.702	-1.264	-0.928	0.534	0.625	0.187	-0.462	0.094	0.69	-0.086	-1.247	-0.113	0.757	0.09	-0.978	-0.497	0.119	0.581	-1.431	-1.173	-0.027	0.507	-0.732	-0.033	-0.272	-0.324	0.07	0.471	0.454	0.334	0.1	1.184	0.042	0.213
3	-0.526	0.547	-0.202	-0.162	-0.791	-0.694	0.112	-0.245	-0.171	0.246	0.555	-1.039	-0.267	0.187	0.699	0.59	0.121	0.797	-0.043	0.437	-0.098	-0.169	-1.752	-0.738	-1.375	-0.999	-0.365	0.332	-0.64	0.675	0.304	-0.772	0.119	0.158	-0.09	0.023	-1.393	0.156	0.52	0.439	-1.254	0.213
4	-0.241	-0.397	0.582	-0.357	-0.906	-0.466	1.043	0.518	1.397	-1.264	0.122	-0.881	0.662	-0.303	1.24	0.083	0.089	-0.023	1.975	0.585	0.769	0.51	0.269	0.6	0.941	0.453	0.126	-0.801	0.121	1.352	0.114	-0.497	0.219	0.572	0.594	0.64	-1.133	0.861	0.743	0.511	-0.744	1.016
5	-0.164	-0.06	-0.595	-0.172	0.112	-1.072	-0.268	-0.291	-0.027	1.413	-0.407	1.362	0.237	0.273	-0.095	0.447	0.221	-0.575	-0.865	-0.077	-1.19	0.067	-0.517	-0.022	-0.001	-1.097	-0.365	0.618	0.169	0.232	0.171	-0.319	0.067	-0.336	0.314	0.096	0.297	0.248	0.144	-0.183	-0.61	0.213
6	-0.164	-0.041	-0.34	-0.244	-0.282	0.171	-0.507	0.277	-0.133	-0.075	-0.407	0.383	-0.028	0.187	-0.229	-0.193	0.221	0.056	-0.15	0.054	0.231	-0.663	-0.632	-0.497	0.119	0.453	-0.912	-0.601	-0.671	0.349	-0.408	0.056	-0.016	-0.559	-0.09	-0.005	0.309	-0.347	-0.191	0.007	-0.063	0.213
7	-0.339	-0.789	-0.482	0.06	0.208	0.11	-0.822	0.31	0.461	0.166	-0.516	0.556	0.423	0.627	-0.334	0.834	0.213	-0.023	-0.555	0.089	-0.143	0.479	0.101	-0.304	0.118	-0.069	-1.065	-0.117	-0.1	0.38	-0.093	-0.745	-0.016	-0.376	0.649	0.423	0.23	0.484	0.743	0.759	-0.078	1.277
8	0.664	-0.428	0.125	0.334	0.116	1.245	-0.364	0.615	-0.133	0.072	-0.19	-1.029	0.316	0.048	0.264	0.008	1.012	-0.359	0.628	0.714	1.243	0.437	1.607	1.323	0.421	0.89	-0.429	-0.616	-0.775	-0.118	-0.126	0.618	0.015	0.617	1.128	1.048	1.652	1.47	1.279	1.184	0.841	0.397
9	0.991	-0.565	-0.099	0.406	-0.17	1.28	0.32	0.286	-0.565	-0.83	0.13	1.567	0.662	0.658	-0.267	1.067	0.351	-0.232	-0.18	0.19	0.847	0.692	-0.614	-0.447	0.394	-0.284	0.631	-0.616	0.049	0.698	-0.122	0	0.368	0.238	1.128	0.675	-1.836	-0.594	0.636	0.659	-0.846	-0.356
10	0.04	-0.789	-0.897	0.15	-0.282	0.505	-0.734	0.282	-1.103	-0.075	-0.487	1.289	0.19	0.187	-0.229	0.301	0.415	0.056	-0.383	-0.131	0.231	-0.802	-0.526	-0.795	-0.574	-0.393	-0.966	-0.801	-0.624	0.232	0.174	0.048	-0.669	-0.319	0.808	0.061	-1.154	0.527	0.743	0.308	0.042	0.213
11	-0.164	0.087	-0.477	0.142	-0.012	0.481	-0.268	0.282	-0.734	0.056	-0.573	0.769	0.024	0.386	-0.462	0.307	0.247	0.392	-0.832	0.054	-0.666	-0.198	-0.69	-0.642	-0.802	-0.284	0.042	-0.142	0.007	0.391	0.055	-0.131	0.31	-0.541	-0.964	0.229	-0.049	-0.726	0.1	-0.487	-0.111	0.213
12	0.151	-0.378	0.103	0.305	0.061	0.359	-0.403	0.021	0.079	-0.839	0.258	-0.132	0.742	-0.045	0.011	1.271	0.198	-0.485	-0.319	0.298	0.549	0.057	1.244	0.31	0.162	0.343	-0.646	-0.146	0.104	0.216	-0.374	0.27	-0.016	-0.079	0.633	-0.134	0.492	-0.469	-0.003	-0.308	0.293	-0.533
13	-0.368	0.604	0.982	0.316	0.396	0.14	0.669	-0.657	0.645	0.752	0.198	0.386	0.024	-0.331	-0.686	0.705	0.265	-0.62	0.85	-0.884	0.231	0.379	0.264	0.337	0.81	0.453	-0.071	0.178	0.254	0.349	0.35	-0.222	0.628	0.366	0.633	-0.356	-1.836	0.65	-0.208	-0.413	0.607	-0.221
14	-0.267	0.259	-0.321	-0.129	0.133	-0.809	-0.268	0.479	1.186	0.346	0.394	-0.646	-0.756	0.241	-0.381	0.444	-0.402	0.201	-0.339	0.135	-0.328	0.237	-0.347	-0.038	-0.371	-0.284	0.796	0.064	0.232	-0.312	0.552	-0.054	-0.016	-0.112	-0.493	0.229	0.188	0.333	0.158	-1.064	0.607	-0.552
15	0.02	0.604	0.477	0.386	0.545	0.543	0.502	-0.138	-0.058	0.408	-0.109	0.556	0.662	-0.171	-0.341	0.068	0.338	0.263	-0.568	0.353	-0.196	-0.395	0.176	-0.166	-0.245	-0.069	0.672	0.377	0.442	-1.159	0.234	0.861	0.319	-0.238	0.217	-0.667	1.43	-0.11	0.526	-0.295	0.08	-1.17
16	0.322	0.132	-0.425	-0.667	0.01	0.05	-0.548	0.217	-0.844	1.637	0.503	-0.283	-0.676	-0.065	0.563	-0.31	0.162	0.17	0.444	0.764	-0.349	0.066	-0.517	0.552	-0.816	-1.184	0.732	0.878	0.464	-0.269	0.653	0.981	-0.016	0.231	-0.41	0.224	0.659	-0.726	0.274	0.308	-0.76	0.655
17	-0.431	0.38	0.405	-0.741	0.163	-0.712	0.292	-0.055	0.756	-0.006	0.203	0.247	-0.268	0.088	-0.334	-0.002	-0.056	0.549	-0.31	1.192	-0.328	0.379	-0.209	-0.266	-0.139	-0.393	0.304	-0.173	-0.597	-0.485	0.137	-0.222	-0.015	0.131	-0.839	-0.072	-0.652	0.278	-0.269	-0.569	0.433	0.213
18	0.451	0.202	0.311	0.926	0.746	0.674	0.414	-0.138	0.081	0.497	0.37	-0.21	0.743	0.38	0.413	0.715	0.678	-0.332	-0.283	0.917	0.399	0.333	0.266	0.474	0.561	-0.591	-0.619	0.061	0.496	-0.131	0.972	0.294	1.247	0.2	-0.384	0.379	1.652	0.602	0.892	0.541	-0.111	1.277
19	0.142	-0.937	-0.635	-0.218	-0.672	0.397	-0.548	0.313	-1.103	-0.231	-0.081	-0.142	0.637	0.077	-0.095	-0.988	0.151	-0.607	-0.338	-1.918	0.04	-0.27	0.239	0.264	0.593	0.453	-1.25	-0.358	0.08	0.142	-0.688	-0.756	-0.016	-0.33	0.825	-0.304	-0.46	0.182	-0.481	-0.37	0.403	-0.385
20	0.151	0.513	1.162	0.636	0.217	0.546	0.113	-0.295	0.702	1.594	0.348	0.809	0.3	0.135	-0.888	0.002	-0.076	0.5	0.154	-1.253	0.167	-0.193	0.312	-0.585	0.369	0.248	-0.14	0.158	0.781	0.064	0.482	-0.293	0.306	-0.949	1.128	-0.529	-1.063	-0.602	0.1	0.236	0.522	-0.422
21	-0.311	0.087	1.059	0.187	-0.085	0.028	0.667	0.282	1.006	0.024	0.585	-0.85	-0.655	-0.335	1.479	0.379	-0.388	-0.38	1.884	-0.697	-0.287	0.775	-0.353	0.534	0.365	0.275	0.349	0.196	-0.061	0.595	0.191	-0.409	0.458	0.497	0.459	-0.187	-0.652	0.034	0.1	-1.064	0.427	0.213
22	-0.041	-0.378	0.769	0.332	-0.282	-0.314	0.292	-0.138	0.724	-0.276	0.239	0.392	0.742	0.029	-0.618	0.724	0.53	-0.516	-0.06	-0.992	1.063	0.779	1.38	0.633	0.633	0.749	-1.04	-1.173	-0.775	0.391	-0.602	-0.035	0.201	1.25	1.128	0.433	1.323	1.288	0.509	1.184	0.034	0.74
23	-0.164	-0.58	0.15	-0.433	-0.497	0.066	-0.616	0.432	0.318	-0.008	-0.303	-1.37	0.024	-0.186	0.704	-0.419	0.315	-0.516	0.419	0.01	0.231	0.594	0.151	-0.109	-0.23	1.027	-0.518	-0.601	-0.901	0.682	-0.321	-0.344	-1.062	0.028	0.137	0.199	-0.276	1.059	0.326	0.439	-0.326	1.016
24	-0.978	0.744	0.804	-0.193	0.097	0.282	0.766	-0.435	-0.805	0.052	1.317	-1.404	-0.999	-0.692	0.234	0.63	-0.234	-0.38	1.434	0.135	-0.212	-0.274	0.645	0.781	-0.22	-0.393	-0.341	-0.18	-0.674	1.134	0.425	-0.311	0.067	1.023	-0.212	0.64	0.659	-0.783	0.21	0.278	-0.332	0.213
25	0.991	-0.937	0.097	-0.944	-1.324	-0.544	-0.923	0.9	0.662	-1.521	-0.319	-1.24	-0.103	-0.593	0.218	0.351	-0.023	-0.608	0.71	-1.061	1.243	0.779	0.984	1.323	1.51	1.411	-1.338	-1.173	-1.75	1.146	-1.011	-1.743	-1.178	0.677	0.881	1.315	-0.873	0.543	-0.27	0.05	-1.794	-1.056
26	0.322	0.018	0.348	0.216	-0.177	0.428	-0.876	-0.102	-0.214	0.056	-0.37	1.362	1.269	0.714	-0.462	0.724	0.171	0.238	-0.61	-0.139	-0.555	0.237	-0.618	0.127	-0.255	-0.284	-0.201	0.204	0.049	0.232	-0.433	0.035	-0.016	-0.562	0.521	-0.087	0.832	-0.117	1.079	0.759	-0.111	0.213
27	-0.047	0.008	0.426	0.052	0.282	1.167	0.253	-0.291	-0.408	0.947	-0.37	-0.113	-0.775	-0.256	-0.153	-0.626	-0.292	-0.118	-0.059	-0.893	0.144	-0.248	0.101	-0.853	-0.203	0.145	-0.126	-0.446	-0.356	-0.785	-0.171	0.239	-0.326	-0.97	-1.13	-0.953	-0.135	0.126	-0.967	-0.772	0.08	0.044
28	0.469	-0.688	0.142	0.515	-0.045	-0.366	-0.254	0.313	0.702	-0.101	-0.071	0.708	0.041	0.542	0.311	0.161	-0.192	-0.485	0.28	-0.184	-0.328	0.378	-0.102	0.03	1.105	-0.393	-0.684	-0.334	-0.304	0.003	-0.688	-0.407	0.219	-0.319	0.314	0.306	-1.328	-0.505	0.657	0.007	-1.001	-0.385
29	0.371	-0.688	-1.139	0.097	-0.331	0.052	-0.505	0.478	-1.821	0.257	-0.109	-0.466	-0.125	-0.098	-0.095	-0.048	0.025	-0.214	-0.916	-0.131	0.616	-0.513	0.179	-0.057	0.017	-0.284	-0.698	-1.173	0.08	-0.321	-0.07	-0.134	-0.424	-0.82	-0.363	-0.579	0.079	-0.249	-1.271	-0.183	0.667	-0.385
30	0.168	0.259	-0.629	0.135	0.246	-0.001	-0.76	0.297	-1.149	-0.069	-0.36	0.148	-0.349	-0.045	0.456	-0.064	-0.258	-0.664	-0.264	0.679	-0.557	-0.258	-0.109	0.3	0.4	-0.157	0.45	-0.093	-0.299	-0.323	0.331	-0.294	-0.669	-0.33	-0.751	0.306	-0.516	-0.163	-0.629	-0.648	-0.017	-0.703
31	-0.562	0.087	0.103	-0.334	-0.282	-0.343	0.042	0.021	0.461	-0.982	-0.044	-0.331	0.407	-0.003	-0.334	0.271	0.124	0.595	-0.039	0.353	-0.473	-0.032	-0.863	-1.217	-0.705	-0.999	-0.201	0.019	-0.626	-0.001	-0.238	0.096	-0.272	-0.231	-0.447	-0.124	0.659	-0.325	-0.106	-1.224	-0.193	0.551
32	0.991	-0.452	-0.138	-0.244	-0.115	0.887	-0.262	0.517	-0.325	-0.075	-0.143	-0.512	-0.653	0.168	-0.553	-0.595	0.121	-0.252	0.424	0.165	0.306	0.333	0.031	0.77	-0.114	0.145	-0.162	-0.149	-0.307	0.391	-0.093	-0.044	-0.016	-0.002	0.058	-0.005	0.387	-0.671	-0.527	-0.02	0.511	0.213
33	-0.164	0.552	-0.409	0.316	0.914	0.567	0.335	0.056	-0.894	1.675	0.48	-0.283	-0.957	-0.071	0.991	-0.222	0.144	-0.199	-1.542	0.785	-1.058	-0.964	0.37	0.03	0.365	-1.879	1.396	0.961	1.089	-1.639	0.579	0.964	0.766	-0.792	0.459	-0.609	0.952	-0.665	-0.908	0.439	0.607	-1.17
34	-1.707	0.516	1.192	0.262	-0.26	-0.658	1.33	-0.998	1.674	-1.127	0.601	1.828	1.269	0.52	-1.397	1.271	0.313	0.322	1.702	0.493	0.616	0.912	0.124	0.346	-1.009	-0.393	-0.377	1.49	1.307	1.136	0.07	-0.078	1.089	0.712	1.128	-0.915	-0.989	0.56	0.759	1.184	-1.542	1.277
35	-0.311	0.087	0.427	0.097	-0.282	0	0.246	-0.217	0.01	-0.034	-0.032	-0.711	0.024	-0.574	-0.095	-0.144	0.153	0.263	0.112	-0.599	-0.367	-0.236	-0.281	-0.795	0.012	0.145	-0.201	-0.173	-0.376	0.507	0.007	-0.487	-0.354	-0.467	-0.747	-0.355	-0.286	-1.016	-0.583	-0.826	-0.425	0.213
36	-0.131	-0.132	0.466	0.142	0.061	0.505	0.498	-0.293	0.038	-0.008	0.244	0.035	0.024	-0.213	-0.194	-0.701	0.221	-0.38	0.809	0.005	0.144	0.437	0.431	0.127	0.365	0.453	0.327	-0.358	-0.523	0.544	0.055	-0.319	0.137	0.176	0.808	0.061	0.23	-0.691	-0.208	0.029	0.607	0.213
37	-0.164	0.087	-0.91	0.06	0.005	-0.149	0.105	0.056	-0.219	0.14	0.468	-1.378	-0.668	-0.045	0.658	-0.89	-0.289	0.146	-0.013	0.696	0.144	-0.307	-1.217	-0.176	-0.115	-0.713	-0.429	-0.173	-0.626	0.507	0.007	-0.803	-0.095	0.157	0.365	-0.14	0.044	-0.616	0.1	-0.487	-0.574	0.213
38	0.542	-0.688	-0.761	0.57	-0.09	1.566	-0.171	1.079	-0.871	0.248	0.509	0.074	0.084	-0.045	-0.334	0.776	0.221	-0.069	0.14	0.28	0.112	-0.574	-0.419	0.058	0.045	0.275	-1.04	0.687	0.458	-0.683	0.502	0.559	0.319	-0.184	0.735	0.892	1.001	0.239	0.934	1.184	-0.239	0.213
39	0.221	-0.635	-0.834	-0.927	-0.035	0.017	-0.734	-0.035	-1.524	-1.041	-0.43	-0.142	1.269	0.264	-0.952	0.851	-0.028	0.759	-1.322	0.097	0.537	-0.243	-0.913	0.271	0.392	-0.305	-0.476	0.586	-0.627	-0.379	-0.411	-1.518	-0.82	0.467	0.174	0.123	0.516	-0.358	-0.158	0.511	0.945	-0.874
40	0.046	0.05	-0.132	0.454	0.762	0.633	-0.857	0.953	0.71	1.135	-0.032	-1.99	-1.108	0.016	1.436	-1.33	-1.212	0.784	-0.83	0.028	-0.831	0.174	1.12	-1.578	-1.236	-1.374	-0.01	0.925	1.854	-0.133	0.848	0.198	1.476	0.275	0.416	0.457	0.62	0.967	0.73	1.184	1.308	-1.868
41	-0.686	0.018	-0.06	-0.1	-0.177	-0.343	-0.091	0.127	-0.986	0.752	-0.044	-0.362	-0.522	-0.335	-0.117	-0.337	-0.06	0.031	0.186	-0.406	-0.328	-0.248	-0.192	-0.458	-0.246	-0.393	-0.429	-0.385	-0.376	-0.485	0.137	0.226	-0.016	-0.33	-0.27	-0.667	0.202	-0.625	-0.765	-1.047	0.271	-0.703
42	-0.082	0.087	0.325	0.052	0.545	-0.247	-0.171	0.11	0.654	-0.94	-0.448	0.769	0.901	0.035	-0.459	0.409	-0.056	0.109	-0.179	-0.113	0.616	0.063	1.253	1.099	0.38	0.145	-0.201	-0.358	0.44	-0.195	-0.573	0.89	-0.111	-0.231	-0.228	-0.134	-0.251	-0.549	0.215	0.32	0.868	-0.533
43	-0.052	1.584	1.352	0.899	0.857	1.097	0.879	0.565	1.258	2.238	0.462	0.129	-0.094	0.102	1.214	0.055	-0.052	-0.091	0.291	0.249	-0.504	0.907	1.531	0.64	0.4	0.155	0.866	1.426	1.171	-0.47	1.266	1.05	1.006	0.079	-1.797	0.503	0.286	0.082	-0.112	0.11	0.483	0.74
44	-0.041	0.572	1.28	-0.096	0.272	-0.415	0.428	-0.258	1.44	-0.13	0.268	-1.056	0.024	-0.345	0.822	-1.058	-0.044	-0.655	0.622	-0.353	0.116	0.587	0.363	-0.01	0.517	0.145	0.753	-0.567	-0.42	0.507	-0.547	-1.184	0.458	0.283	0.464	0.046	0.429	-1.034	0.707	0.228	0.947	0.213
45	0.991	-0.688	-0.158	-0.014	-0.23	1.595	-0.822	0.11	-0.073	-1.326	-0.341	0.155	0.901	0.052	0.343	-0.242	0.176	-0.471	-0.349	0.061	1.243	-0.258	0.428	0.091	1.3	1.411	-0.919	-1.173	-1.036	1.473	-0.484	-0.693	-0.326	0.469	1.128	0.982	1.652	1.47	-0.391	1.184	0.307	0.74
46	-0.903	0.747	0.194	0.06	-0.29	-0.343	0.862	-0.501	-0.078	0.947	0.125	-0.512	-0.841	-0.291	0.112	-0.249	-0.06	0.109	0.382	-0.051	-0.666	-0.095	-0.098	0.785	-0.139	-0.284	0.494	0.39	0.049	-0.485	0.251	-0.368	-0.015	-0.204	-1.058	-0.44	-0.495	-0.356	-0.765	-1.329	-0.574	-0.703
47	-0.311	-0.247	-0.311	0.164	0.04	-0.201	0.196	0.607	-0.963	0.905	0.034	-0.688	-0.88	-0.463	-0.487	-0.633	-0.307	-0.3	-0.283	-0.388	0.345	-0.568	-0.084	-0.262	0.256	-0.713	-0.018	0.15	0.247	-0.485	0.391	0.151	0.067	0.035	-0.051	-0.072	-0.327	0.967	-0.805	-0.648	-0.239	-0.422
48	0.415	-0.266	-0.048	0.297	-0.279	0.524	-0.171	0.55	-0.108	-0.006	-0.221	0.556	0.3	0.035	-0.578	-0.06	0.042	0.223	-0.761	0.571	-0.058	-0.169	-0.632	0.058	0.506	-0.284	-1.118	-0.146	-0.521	0.232	-0.146	-0.593	0.693	-0.491	-0.355	0.379	1.104	-0.343	1.079	0.476	0.042	0.837
49	-0.026	0.217	1.739	1.116	0.366	1.514	0.686	0.186	1.511	-0.917	0.876	-1.696	-1.382	-0.7	0.75	1.214	-0.057	-0.5	1.975	-0.066	0.769	1.053	1.523	0.546	0.834	1.096	-0.17	0.191	0.55	0.544	-0.378	0.411	1.074	0.918	1.128	-0.41	0.442	0.561	1.079	0.85	0.789	0.497
50	-0.267	-0.035	-0.642	-0.354	-0.393	0.359	-0.403	-0.057	-0.073	-0.982	-0.448	0.031	0.625	-0.144	-0.712	-0.153	0.042	0.185	-0.464	-0.505	-0.139	-0.165	-0.052	-0.873	0.271	-0.284	-0.263	-0.581	-0.626	-0.277	-0.556	0.179	-0.354	-0.599	-0.367	-0.44	0.454	-0.252	-0.765	-0.34	-0.017	0.213
51	-0.719	0.54	0.783	-0.079	0.6	-0.428	0.105	-0.293	0.756	0.401	0.245	-0.29	-0.841	-0.291	1.386	-0.436	0.089	0.533	0.014	0.135	-1.081	0.211	0.029	0.089	-0.013	-0.61	0.672	0.337	0.049	-0.407	0.347	0.975	0.693	-0.927	-0.114	0.046	0.173	0.059	-0.405	-0.88	0.607	-0.385
52	0.509	-0.789	-0.929	-0.249	0.789	-0.325	-1.035	0.9	-0.086	-0.13	-0.573	-0.661	-0.96	0.538	-0.832	-0.255	-0.557	-1.196	-0.076	-1.675	0.467	0.267	-0.151	-0.668	0.516	0.033	-1.149	-0.199	-1.166	0.415	-0.412	0.298	-0.449	0.257	0.6	0.211	0.073	1.147	0.196	0.541	1.284	-1.323
53	0.04	-0.789	-0.382	0.216	0.231	0.24	-0.156	0.479	0.01	-0.982	-0.135	0.035	-0.064	0.278	0.112	-0.174	-0.028	-0.365	-0.179	-0.051	0.206	0.378	0.309	-0.412	0.507	0.453	-0.564	0.326	0.049	-0.336	0.159	0.362	-0.016	0.348	0.051	0.061	-0.69	0.203	0.359	0.85	0.511	-0.874
54	-0.131	-0.499	-0.266	0.081	-0.115	-0.001	-0.684	-0.057	-0.398	0.056	-0.235	0.627	-0.125	0.439	-0.095	-0.281	0.042	0.883	-0.476	0.735	-0.52	-0.483	-0.894	-0.795	-0.803	-0.284	-0.201	0.538	0.435	-0.585	-0.046	0.286	0.541	-0.97	-0.389	-0.187	-0.67	-0.783	0.648	-0.168	-0.61	-0.221
55	0.179	1.688	0.151	0.551	0.283	-0.062	0.584	0.343	1.05	1.942	-0.118	-0.266	-0.28	-0.065	1.005	-0.126	-0.589	-0.288	0.717	-0.302	-0.124	-0.107	0.998	-1.68	0.537	-1.205	1.715	1.068	0.864	-0.63	0.968	0.924	-0.106	-0.519	-0.686	-0.752	0.758	-0.284	-1.368	-0.17	0.819	-0.048
56	0.027	-0.451	1.274	0.598	-0.386	-0.555	-1.035	-0.083	1.512	-0.065	-0.235	1.828	1.269	0.615	-1.178	0.867	0.073	-0.031	-0.407	1.593	-1.888	0.534	-0.293	-1.282	-0.713	-0.594	-0.847	-0.385	1.204	0.203	-0.274	0.195	1.074	-0.231	-0.518	-0.614	-0.814	-1.4	0.892	-0.396	-0.644	-0.048
57	0.991	-0.635	0.05	0.57	0.208	1.245	0.063	1.035	-0.132	0.125	-0.281	-0.063	-0.371	-0.086	-1.178	-0.381	-0.675	-0.054	-0.06	-0.369	0.651	0.471	0.963	0.896	0.776	-0.813	-0.187	-0.825	0.195	-0.513	0.055	0.8	0.015	0.392	0.093	0.306	-0.53	0.351	0.178	0.226	1.027	0.213
58	-1.11	0.911	0.419	-0.159	-0.012	-0.574	0.383	-0.176	1.059	1.188	0.164	-0.106	-0.511	-0.659	-0.069	-0.537	-0.076	1.145	0.59	0.158	-0.557	-0.419	-0.249	-0.412	-0.84	-0.204	0.436	0.358	-0.087	-0.691	0.037	0.072	0.368	-0.404	-1.284	-0.085	0.719	-0.861	-1.296	-1.981	-0.641	-1.056
59	-0.431	0.469	0.641	-0.092	0.558	-0.215	0.135	0.247	0.645	-0.034	0.245	-1.075	0.024	-0.155	0.668	0.409	-0.176	-0.493	1.626	0.328	-0.196	0.026	0.164	-0.35	0.012	0.033	-0.126	0.156	0.081	-0.016	0.234	0.565	0.541	0.139	0.461	0.229	0.249	-0.208	0.518	0.278	0.792	0.213
60	0.168	-0.266	-0.288	0.331	0.665	-0.291	-1.285	0.239	-1.876	0.222	-0.248	-0.713	-0.983	0.187	-0.334	-1.027	-0.675	-0.008	-0.998	-0.454	-0.664	-0.984	0.082	0.663	-0.197	-0.813	0.047	0.327	-0.42	0.299	0.43	-0.222	0.678	-0.363	0.174	-0.304	-0.463	0.107	-0.776	-0.867	0.175	0.213
61	0.664	-0.937	-0.803	-0.015	-0.479	0.071	-1.039	0.479	-1.086	-0.982	-0.487	0.743	0.901	0.588	-0.385	-0.049	0.074	-0.471	-1.322	-0.675	0.927	-0.552	0.121	0.505	0.982	0.453	-1.073	-1.173	-0.719	-0.177	-0.861	-0.299	-0.769	-1.056	0.825	-0.386	-1.48	-0.831	-0.873	-0.756	0.607	-0.703
62	-0.164	0.087	-0.761	-0.505	-0.393	-0.149	-0.703	-0.057	-0.325	-0.034	-0.016	-0.362	0.024	-0.237	-0.229	0.125	0.089	-0.38	0.058	-0.624	0.231	0.089	0.338	-0.038	0.234	0.581	-0.263	-0.536	-0.747	0.507	-0.11	-0.697	-0.669	-0.079	-0.296	-0.124	-0.451	-0.018	-0.784	-0.12	0.235	-0.703
63	0.206	-0.334	-0.635	-0.019	0.108	0.505	-0.731	-0.224	-0.425	0.747	-0.13	-1.108	-0.059	-0.331	-0.152	-0.436	-0.446	0.263	-0.164	0.388	-0.239	-0.206	-0.578	-1.262	-0.232	-0.393	-1.207	-0.006	-0.939	-0.323	-0.11	-0.016	-0.241	-0.816	0.212	-0.485	0.559	0.165	-0.422	-0.779	0.158	0.213
64	0.2	0.758	-0.083	0.645	0.768	-0.481	0.822	-0.227	-0.103	1.011	0.433	0.556	-0.069	0.486	-0.357	-0.656	-0.017	0.676	0.23	1.405	0.501	0.086	-0.137	1.323	-0.474	-0.393	0.96	0.373	0.355	0.732	0.773	0.979	0.883	0.734	-0.627	1.034	1.104	-0.7	1.279	0.308	0.08	1.277
65	0.722	-0.688	-0.635	-0.193	-0.533	1.595	0.479	-0.187	0.195	-1.326	0.01	-0.661	0.531	0.227	0.876	1.386	-0.056	0.317	0.725	0.211	0.117	-0.261	-0.787	-0.282	0.793	-0.489	-1	-0.376	0.643	0.534	-0.337	0.325	0.83	0.237	0.881	0.192	0.492	1.47	1.079	0.759	-0.437	0.213
66	-0.872	0.262	0.325	-0.092	0.118	-0.343	-0.076	-0.255	-0.189	0.853	-0.243	-0.002	-0.841	-0.098	0.216	-0.249	0.054	-0.109	0.382	0.028	0.209	0.202	0.301	-0.041	0.147	-0.284	0.525	-0.346	0.049	-0.365	0.552	-0.323	0.067	-0.33	-0.398	-0.304	-0.135	-0.23	-0.765	-1.149	0.482	-0.703
67	-0.267	-0.368	-0.289	-0.71	0.106	-0.658	-0.507	-0.491	-0.133	-0.101	-0.873	0.584	0.662	0.308	-1.178	0.161	0.418	-0.31	-0.396	1.388	0.159	-0.074	0.468	0.3	0.276	0.033	-0.018	0.02	-0.409	0.063	-0.834	0.54	-1.062	0.33	0.521	-0.215	-0.111	1.031	0.413	-0.297	0.412	-0.269
68	0.991	-0.258	-0.041	1.203	-0.858	1.566	0.09	-0.455	-0.588	0.922	-0.044	1.828	1.269	0.699	-0.601	-0.022	0.662	-0.084	-0.47	-0.382	-0.22	-0.724	-1.309	0.365	0.656	0.638	-0.319	1.59	1.417	-1.28	0.122	0.099	0.846	-0.645	0.513	0.85	0.291	0.501	0.174	0.759	-1.229	0.837
69	-0.176	0.487	0.724	-0.1	0.375	0.142	0.857	0.092	0.778	0.233	0.335	-0.512	-0.178	-0.209	-0.114	0.265	-0.154	-0.429	-0.172	0.197	-0.212	0.587	-0.009	0.2	0.502	-0.064	0.737	0.266	0.539	0.586	0.037	0.532	-0.272	0.608	-0.09	0.85	0.139	0.865	0.052	0.541	0.08	0.213
70	-0.282	-0.186	-0.03	-0.743	-0.104	-0.765	0.375	-0.814	-0.189	0.14	-0.109	-0.931	-0.645	0.052	-0.131	-0.837	-0.42	0.287	-0.123	-0.169	-0.996	-0.084	-0.718	-0.727	-0.574	-1.184	-0.174	0.204	-0.265	-0.485	-0.124	-1.023	-0.016	0.249	-0.46	-0.124	0.503	0.175	0	0.308	-0.286	-0.703
71	0.991	0.136	0.798	0.653	-0.902	0.927	0.283	0.664	0.824	-1.197	0.521	0.568	0.74	0.658	0.688	1.271	0.794	0.337	-0.063	-0.053	0.652	0.4	-0.437	-0.233	0.417	0.453	0.335	0.348	0.932	1.019	-0.549	-0.846	-0.424	0.918	-0.324	0.065	0.035	0.463	0.406	-0.07	0.036	1.016
72	0.509	-0.937	-0.131	0.052	0.116	-1.145	-0.731	-0.138	-0.093	-0.997	-0.017	-0.002	0.19	0.245	-0.468	0.715	0.427	-0.38	-0.233	0.85	0.399	-0.533	-1.31	0.513	0.517	0.145	-0.278	0.052	-0.523	0.88	-0.339	1.305	-0.272	-0.221	0.345	0.64	0.074	0.23	-0.153	0.476	-0.078	0.213
73	-0.549	0.548	-0.306	0.279	0.302	0.179	0.398	-0.445	0.457	1.52	-0.13	0.383	-1.499	-0.283	-0.008	-0.748	0.52	0.056	0.57	-0.18	-0.632	-0.103	-1.038	-0.613	-0.604	-0.713	-0.816	-0.313	-0.015	-0.877	0.626	0.077	-0.111	-0.143	-0.737	-0.03	-0.751	-0.861	-1.289	-1.237	-0.992	-0.552
74	0.451	0.261	0.141	0.871	-0.716	-0.072	0.017	0.057	1.149	-0.982	0.088	1.362	1.269	0.486	-0.514	1.326	0.438	-0.12	0.762	-0.648	0.651	0.594	0.591	0.896	0.5	0.581	0.47	-0.26	-0.525	1.019	-0.538	-0.378	-0.449	0.113	1.128	0.379	-0.161	0.648	0.806	1.184	-0.655	1.277
75	-0.713	0.695	0.69	-0.491	0.021	-1.578	0.626	0.179	0.046	0.718	0.709	-0.573	-0.841	-0.291	0.188	-0.664	0.054	0.89	0.896	0.231	-0.16	0.181	0.388	-0.339	-1.016	-0.393	1.241	0.4	-0.061	-0.278	0.041	-0.65	-0.015	-0.33	-0.607	-0.788	0.141	-0.23	-0.556	-1.329	-0.574	-0.048
76	0.168	-0.937	-0.642	-0.334	0.171	0.231	-0.364	0.148	-0.325	0.024	-0.286	-0.356	0.092	-0.019	0.595	-0.436	-0.091	-0.008	0.85	0.646	0.054	0.156	-0.391	0.418	0.239	0.033	-0.684	-0.358	-0.51	0.1	-0.32	0.313	-0.354	0.33	0.808	0.046	1.323	1.263	0.574	0.05	0.607	0.381
77	-0.713	0.747	0.023	0.142	0.021	-0.001	0.058	-0.255	0.114	0.992	0.548	-0.646	-0.841	-0.209	0.211	0.121	-0.064	0.023	1.255	0.679	-0.404	-0.095	-0.263	-0.109	-0.214	1.027	0.78	-0.011	0.081	-0.323	0.866	-0.263	-0.272	-0.204	-1.058	0.059	-0.006	-0.23	-1.03	-1.196	0.168	-1.016
78	0.02	-0.271	-0.704	0.237	0.593	0.299	-0.255	0.008	-0.92	-0.581	-0.126	0.89	0.938	0.219	-0.459	0.814	-0.367	0.702	-1.322	1.062	0.467	-1.184	0.966	0.018	0.147	-0.49	-0.308	0.355	0.779	-1.159	0.325	1.843	-0.016	-0.237	1.128	-0.537	1.303	-0.049	-0.352	1.184	-0.437	-1.016
79	0.991	-0.339	-0.954	-1.045	-0.15	-1.819	1.006	0.9	1.353	-1.521	0.518	1.261	1.269	-0.159	1.48	0.478	0.583	-1.012	1.975	1.32	0.927	1.474	0.709	1.323	0.35	1.411	1.039	-0.238	1.271	1.754	-0.087	1.095	-1.178	1.25	1.128	1.315	0.83	1.47	1.279	1.184	-0.292	1.277
80	-0.234	-0.041	0.275	-0.557	-0.55	-1.022	-0.489	-0.138	-0.877	0.023	-0.016	-0.539	-0.125	-0.098	-0.553	0.03	0.551	0.47	0.304	0.789	-0.144	0.05	-0.425	0.547	-0.816	0.275	-0.14	-0.183	-0.775	0.391	-0.126	-0.331	-0.669	0.25	-0.027	-0.268	0.795	0.113	-0.208	-0.482	-0.61	-0.385
81	-0.828	0.423	0.976	0.608	-0.016	-0.721	0.481	-0.45	-0.871	0.081	-0.269	0.351	-0.528	-0.029	-0.487	-0.604	-0.007	0.449	0.486	0.304	-0.579	-0.235	-1.012	-0.48	-0.22	-1.274	0.192	-0.341	0.241	-0.266	0.382	-0.706	0.319	-0.258	-0.296	-0.812	-0.603	0.092	-0.264	-1.272	-0.701	0.213
82	-0.041	0.202	-0.547	-0.173	0.049	-0.62	0.132	-0.419	-0.554	-0.796	-0.248	-0.711	-0.475	-0.209	-0.199	0.151	-0.064	0.093	0.649	-0.429	0.188	0.22	-0.698	-0.497	-0.589	-0.284	0.11	-0.404	-0.14	0.893	-0.103	-1.023	-0.095	0.272	-0.3	0.061	0.587	0.156	-0.208	0.278	-0.746	-0.533
83	-0.221	-0.023	0.144	-0.215	-0.363	-1.293	-0.325	-0.651	-0.159	-1.046	-0.516	0.969	0.903	0.287	-0.578	0.834	0.355	0.585	-0.392	1.711	0.537	-0.566	-0.755	-0.42	-1.483	1.027	0.012	-0.351	0.625	1.418	-0.732	0.326	0.238	0.333	0.649	-0.429	0.202	0.36	0.673	0.511	-0.052	1.016
84	0.991	-0.147	-0.182	0.146	0.279	1.53	0.631	0.694	-0.061	-0.83	0.201	-0.127	0.662	-0.105	-0.793	0.379	0.176	0.146	-0.814	-0.165	0.616	-0.169	-1.063	0.657	-0.443	0.492	1.192	-0.199	1.271	0.618	-0.124	0.119	0.146	-0.06	0.138	-0.029	-1.089	-0.781	0.952	0.755	-0.553	0.044
85	0.04	0.087	0.095	0.584	0.55	0.505	0.105	0.247	0.571	0.125	0.601	0.243	0.024	0.146	-0.32	0.66	0.551	0.146	-0.15	-0.429	0.144	0.057	0.512	-0.661	0.365	0.248	0.84	0.271	0.634	0.027	0.002	0.89	0.628	0.035	0.157	0.267	-0.205	-0.39	-0.208	-0.464	-0.187	0.551
86	0.151	0.145	0.325	0.019	0.222	0.505	0.418	0.133	0.73	-0.982	-0.267	0.351	0.435	0.134	-0.96	-1.061	-0.188	-0.8	-0.315	0.414	0.442	0.437	0.617	0.925	0.291	1.23	-0.071	0.2	-1.161	0.495	-0.093	-0.124	-0.016	0.33	-0.503	-0.31	-1.221	-0.249	-0.057	-0.482	0.841	0.044
87	-0.888	-0.017	-0.477	-0.105	0.12	0.427	0.207	-0.903	-0.219	0.957	0.278	-0.688	0.141	-0.463	-0.487	-0.466	-0.192	-0.022	0.744	-0.893	-0.557	-0.378	-0.135	0.586	-0.574	0.145	-0.133	-0.333	-0.064	-0.407	-0.375	-0.219	-0.111	-0.754	-0.889	-0.839	-1.298	-1.925	-1.251	-0.931	-0.251	-0.874
88	-0.591	0.642	0.769	-0.029	0.645	-0.215	0.699	-0.022	0.201	0.79	0.28	-0.362	-0.911	-0.129	0.627	-0.259	0.005	-0.042	0.23	0.162	0.182	0.176	0.81	0.147	0.251	0.343	0.755	0.888	0.653	-0.323	0.923	0.637	1.176	-0.061	-0.609	-0.085	0.223	-0.163	-0.368	-1.281	0.235	0.044
89	-0.376	0.569	-0.138	-0.575	-0.765	-1.297	-0.39	-0.183	0.081	-1.264	-0.504	1.35	0.742	0.089	0.067	0.027	1.168	0.422	0.442	1.524	0.298	0.432	-1.58	0.741	-1.023	0.581	0.619	-0.646	-1.173	1.754	-0.861	-1.327	-0.706	0.861	0.278	0.23	1.323	0.821	-0.21	0.278	-0.851	1.016
90	0.206	-0.937	-0.642	0.582	-0.105	0.535	-1.039	0.785	-0.436	-1.326	-0.339	0.595	0.625	-0.237	-1.047	-0.313	0.639	-0.534	-0.936	-0.855	1.063	-0.325	0.48	-0.498	0.239	0.145	-1.237	-0.355	-1.119	1.274	-0.396	-0.472	-0.424	-0.018	0.157	0.68	0.518	0.162	0.029	0.755	1.284	0.551
91	0.022	0.36	0.495	-0.083	-0.29	-0.685	0.551	-0.06	0.636	-0.101	-0.033	0.743	0.382	0.516	-0.45	-0.466	0.438	0.95	0.26	0.613	-0.882	0.353	-0.863	-0.732	-1.025	-0.157	0.042	0.737	-0.403	0.507	0.022	-0.706	0.067	0.249	-0.426	0.02	0.23	0.034	0.323	0.228	-1.246	0.397
92	-0.274	0.056	-0.129	0.208	0.112	-0.291	0.234	-0.138	-1.015	0.084	-0.125	-0.533	0.024	-0.377	-0.733	-0.436	-0.023	-0.022	-0.101	-1.008	-0.532	-0.552	-0.244	-0.355	0.262	0.145	-0.472	0.04	0.011	-0.638	0.115	-0.497	0.853	-0.367	0.345	-0.2	-0.614	-0.968	-1.074	-0.826	-0.437	0.044
93	-0.635	0.699	0.912	0.217	0.557	-0.02	0.793	-0.17	-0.837	0.93	0.503	-0.162	-0.798	-0.049	0.607	-0.281	0.438	0.383	0.659	0.094	-0.684	0.381	0.473	0.04	-0.601	-0.591	0.382	0.654	0.483	0.037	0.602	0.808	0.541	0.019	-0.75	-0.187	-0.036	-0.27	-0.569	-1.253	-0.004	-0.385
94	-0.339	0.087	-0.246	-0.162	-0.192	0.359	0.546	-0.504	-1.099	0.081	0.417	-1.229	-0.743	-0.542	0.789	0.184	-0.469	0.554	1.049	0.01	-0.476	-0.825	0.256	0.077	-0.473	0.453	-0.071	0.377	-0.159	0.245	0.272	-0.319	0.39	-0.203	-0.532	-0.614	-0.133	-0.673	-1.3	-1.329	-0.286	-0.552
95	-0.164	-0.193	0.126	-0.457	0.56	0.195	-0.07	0.432	0.537	-0.816	-0.269	0.182	0.19	0.048	-0.016	-0.988	-0.192	0.266	-0.482	0.589	0.463	-0.127	-0.067	-0.176	0.288	0.749	-0.313	0.328	-0.007	-0.894	-0.339	-0.131	-0.354	-0.367	0.459	-0.474	0.338	0.96	0.526	-0.12	0.607	0.213
96	-1.069	0.55	0.035	0.273	0.55	-0.215	0.014	-0.055	-0.137	0.802	-0.048	-0.29	-1.023	-0.727	0.531	-0.95	-0.13	0.238	0.557	-0.963	-0.718	-0.095	-0.732	-0.727	-0.651	-0.305	0.753	1.068	0.011	-0.131	0.734	0.1	0.319	-0.641	-1.284	-0.4	-0.108	-0.346	-1.326	-1.76	-0.603	-0.269
97	-0.232	0.087	-0.477	0.216	0.45	0.013	0.025	-0.573	-1.031	0.151	-0.364	0.247	-0.325	-0.194	-0.117	-0.718	-0.289	0.851	-0.179	-0.346	-0.805	-0.825	0.031	-0.282	-0.22	-0.713	-0.01	0.618	0.727	-0.691	0.316	0.861	0.238	-1.075	-0.46	-0.537	-0.274	0.278	-0.374	-0.666	0.607	0.044
98	0.554	1.124	0.802	0.37	0.629	0.161	-0.471	-0.037	0.795	1.382	0.102	-0.552	0.454	-0.248	0.719	0.443	0.143	-0.171	0.816	-0.002	0.43	0.57	0.723	-0.041	0.391	0.541	0.641	0.399	-0.403	0.698	1.337	-0.387	-1.062	0.38	-1.491	0.105	-0.056	0.877	0.434	0.214	-0.423	0.397
99	0.754	-0.271	-0.642	-0.517	0.288	0.732	-0.268	0.319	-1.734	-1.01	0.034	-0.384	0.489	0.202	0.19	0.684	0.138	-0.909	-1.11	-0.325	0.305	-0.318	1.128	-0.935	1.3	-0.393	0.168	-0.404	-0.187	-0.497	-0.093	0.276	-0.016	-0.687	-0.167	0.211	-0.3	-0.249	-0.418	0.476	0.607	0.213
100	-0.267	0.38	0.194	-0.173	0.061	-0.001	0.052	-0.057	-0.133	0.325	-0.126	-0.512	-0.841	-0.291	0.115	-0.212	-0.06	0.109	-0.013	-0.051	-0.666	0.063	-0.009	-0.205	-0.246	0.145	0.018	0.448	-0.159	-0.485	0.375	0.372	-0.272	-0.33	-1.058	-0.314	-0.135	-0.23	-0.55	-0.993	0.271	-0.703
101	-0.668	-0.397	-0.283	-0.656	-0.592	-0.247	-0.002	0.072	-0.223	-0.587	-0.758	0.449	-0.323	-0.065	-0.44	-0.436	-0.607	0.11	-0.17	-0.077	0.185	0.103	-0.19	-0.795	-0.343	-0.49	-1.338	0.185	-1.053	-0.578	-1.011	-0.572	-0.584	-0.37	-1.058	-0.434	-0.132	-1.107	-0.765	0.288	-0.894	-0.385
102	-0.219	1.103	0.235	0.114	-0.236	-0.564	-0.564	-0.893	-0.172	0.951	0.376	-0.467	-1.315	-0.896	0.45	-0.225	0.313	0.258	-0.56	-0.131	-1.099	-0.429	-0.55	-1.325	-1.161	-1.108	-0.081	-0.114	-0.117	-1.323	0.408	0.757	-0.186	-1.276	-2.082	-0.729	-0.449	-0.576	-1.219	-2.36	-0.897	-1.018
103	0.469	-0.565	-0.356	0.095	-0.16	0.195	-0.171	-0.368	-0.891	0.099	-0.506	-0.374	-0.559	0.187	0.015	0.18	-0.188	0.031	-1.143	-0.156	0.054	-0.358	-0.917	-0.022	0.365	-0.284	-0.278	-0.801	-1.019	-0.44	-0.354	-0.907	-0.449	-0.363	0.181	0.379	1.303	-1.172	-0.318	0.85	0.175	-0.385
104	-0.848	0.632	0.281	-0.199	0.203	-0.215	0.167	0.282	-0.079	0.986	0.178	-0.473	-0.976	-0.096	0.636	-0.457	-0.275	-0.12	0.904	0.191	-0.529	0.311	-0.192	-0.776	-0.474	-0.204	0.54	0.761	0.347	0.362	0.715	0.61	0.119	-0.467	-0.966	-0.702	0.182	-0.095	-0.583	-0.569	-0.61	-0.113
105	0.309	0.129	-0.014	-0.649	0.163	-0.233	0.042	-0.608	0.686	0.024	-0.093	-0.177	-0.268	-0.155	-0.686	0.301	0.346	-0.022	-0.111	-0.653	-0.168	0.463	-0.664	-0.619	0.656	-0.393	1.013	-0.142	0.244	0.037	0.122	-0.803	0.067	-0.191	-0.061	-0.128	-0.676	0.794	0.125	1.184	-0.61	-0.113
106	-0.736	-0.114	-0.025	0.097	0.061	-0.291	0.508	-0.814	-0.219	0.14	-0.048	-0.132	0.159	-0.092	0.607	0.814	0.422	0.538	0.424	-0.116	0.083	0.474	-0.655	-0.497	-0.343	0.151	0.122	-0.26	0.06	0.024	-0.547	-0.173	-0.015	-0.06	0.365	-0.48	-0.399	-0.724	-0.264	-0.022	0.08	0.044
107	-0.164	0.273	0.426	0.269	0.001	0.437	-0.29	0.383	0.494	0.736	0.244	-0.362	-0.653	0.044	0.481	0.318	0.025	0.44	0.272	-0.346	-1.14	0.25	-0.263	-0.498	0.257	0.453	0.122	0.597	0.341	0.024	0.289	-0.975	0.067	-0.237	-0.102	-0.184	-0.273	-0.336	-0.527	-0.413	-0.655	0.213
108	-1.375	-0.001	0.66	-0.162	-1.013	-1.804	0.01	-1.081	1.351	-0.814	-0.492	0.809	0.903	0.48	-1.148	1.082	0.594	1.239	0.609	0.425	-0.314	0.275	-1.86	-1.937	-0.466	0.581	-0.018	-0.682	-0.624	1.754	-1.011	-1.41	-0.584	0.184	0.413	0.211	-1.551	-1.459	0.417	0.439	-1.681	1.277
109	-0.272	0.063	-0.007	0.369	0.444	-0.001	-0.116	-0.102	-0.539	1.005	0.244	0.006	-1.023	-0.335	0.564	0.318	-0.157	0.009	-0.558	0.596	0.094	-0.246	0.736	0.104	0.666	-0.713	-0.685	0.499	0.054	-0.516	0.451	0.48	-0.241	-0.32	0.135	-0.435	-0.394	-0.155	-0.488	0.001	0.042	0.381
110	0.405	-0.105	-0.812	-0.418	-1.324	-0.363	0.147	-0.037	-0.153	-0.971	-0.13	-0.711	-0.631	0.231	0.185	-0.643	-0.192	0.514	1.218	1.745	-0.64	-0.08	-1.752	0.567	-1.116	-0.902	-0.646	0.873	-1.022	0.332	-0.352	-0.92	-0.511	1.023	0.15	1.081	0.165	0.949	1.279	1.184	-1.238	0.213
111	0.022	0.422	0.12	0.216	0.418	-1.935	0.234	-0.893	0.652	2.206	0.448	0.818	0.266	0.255	0.002	0.874	-0.502	0.185	-0.631	0.226	-1.19	0.08	-0.517	-0.873	-0.681	-0.804	1.013	1.009	0.988	-0.845	0.48	1.225	0.541	-0.754	-0.321	-0.31	-1.159	-0.691	-0.057	-0.994	-0.639	-1.177
112	0.509	-0.266	-1.746	0.831	-0.902	0.47	-0.49	0.148	-2.168	1.461	0.441	-1.851	-0.26	-0.385	1.126	-0.764	-0.692	0.191	-0.05	-0.229	-1.426	-1.05	0.595	1.323	-0.169	0.638	-1.543	0.185	0.235	-0.864	0.412	0.039	-0.424	1.25	-0.381	0.27	0.82	1.47	-0.428	0.755	0.583	-0.269
113	-0.594	0.087	0.103	0.187	-0.444	-0.001	0.006	-0.657	-1.188	0.056	0.033	-0.661	-1.38	-0.291	0.213	-0.68	-0.544	0.825	0.149	-0.049	-0.612	-0.652	-0.425	-0.54	-0.584	-0.393	0.801	-0.385	0.147	-0.844	0.037	-1.184	0.319	-0.347	-0.68	-0.99	-0.57	-0.888	-0.875	-0.984	-0.877	-1.436
114	-0.996	0.942	0.592	0.142	0.396	-0.357	0.754	-0.255	0.645	1.171	0.258	-0.713	-0.54	0.149	0.386	0.032	-0.143	0.316	0.447	-0.369	-0.782	0.211	0.093	-0.543	0.012	-0.284	0.616	0.618	0.347	-0.044	0.822	0.543	-0.015	-0.33	-0.966	-0.835	0.106	-0.068	-0.967	-1.329	0.129	-0.703
115	0.022	-0.397	-0.853	-0.942	-0.161	-0.741	-0.331	-0.138	-0.027	-0.022	-0.758	0.556	0.208	-0.055	-1.397	-0.31	0.265	-0.149	-1.542	-0.244	-0.058	-0.258	-0.333	-0.166	-0.227	0.151	-0.912	-0.385	-0.852	-0.181	-0.713	-0.424	-0.967	0.112	0.365	-0.31	0.65	0.295	-0.208	1.184	-0.442	0.213
116	0.022	0.202	-0.734	0.108	-0.618	-0.481	0.285	-0.419	-0.528	0.947	-0.221	-0.752	-1.035	-0.291	-0.117	0.318	-0.176	0.554	0.304	-1.083	-0.863	-1.152	-0.578	-1.156	-0.645	0.145	-0.079	0.204	0.329	-1.223	0.347	0.138	0.067	-0.127	-0.617	-0.485	0.079	-0.653	-0.866	-0.487	-0.61	-0.703
117	0.445	-0.356	0.222	-0.413	0.162	1.158	-0.822	0.085	0.034	-0.513	-0.369	1.412	1.269	0.382	0.602	0.139	0.135	0.196	-1.022	0.743	0.79	0.099	0.04	0.506	1.157	-0.393	0.15	-0.312	-1.173	-0.472	0.11	0.457	0.45	-0.303	0.825	0.281	1.652	1.47	0.374	0.511	-0.442	0.058
118	0.102	-0.688	-1.397	-0.492	-0.367	-0.408	-0.902	0.432	-0.433	-1.38	-0.983	-1.075	-0.216	-0.019	-0.738	-1.14	0.123	-0.541	-0.222	0.488	0.79	-0.461	-0.019	0.058	0.033	0.145	-1.431	-1.173	-1.429	0.093	-0.765	-1.557	-0.769	-0.02	0.594	-0.128	-0.8	0.967	0.123	0.759	0.158	0.101
119	-0.949	-0.076	-0.292	-0.261	-1.037	-0.527	-0.212	-0.338	0.594	-0.105	-0.649	-0.902	0.139	-0.188	0.065	-0.899	0.282	0.017	0.703	0.165	-0.52	-0.514	0.289	-0.777	-0.876	0.148	1.215	-0.591	-0.171	-0.924	0.787	-1.408	-1.178	-0.339	-0.951	-0.382	-0.515	-0.373	-1.018	-0.378	-1.619	0.048
120	0.542	0.46	0.258	0.142	-0.177	0.992	-0.137	-0.057	-1.607	0.04	0.358	-0.362	0.048	-0.045	0.087	-0.027	-0.456	0.617	-0.352	0.608	0.182	-1.33	-0.751	-1.089	-0.214	-0.813	-0.545	0.479	0.464	-0.321	0.552	0.355	0.458	-0.037	-0.907	0.003	0.444	0.126	-0.597	0.191	-0.499	-0.533
121	0.232	-0.238	-0.018	-0.23	-0.437	0.397	-0.156	-0.39	0.568	-0.146	-0.399	0.556	-0.592	-0.232	-0.418	0.032	0.573	-0.62	-0.363	-1.112	0.399	0.495	-0.081	0.567	0.502	1.027	0.518	-0.801	-0.552	-0.06	-0.093	-0.92	-0.326	-0.415	0.314	0.229	0.365	-0.266	-0.161	0.659	0.727	-0.123
122	0.991	-0.105	-0.095	0.495	-0.924	0.405	0.483	0.166	0.048	-0.3	-0.38	0.118	0.176	0.302	-0.242	-0.57	0.313	-0.663	0.268	-0.243	0.211	1.088	0.154	1.099	0.78	-0.157	-0.991	-0.212	-0.627	1.754	-0.074	-1.557	-1.178	1.25	1.128	1.315	1.652	1.47	1.279	1.184	-0.408	1.277
123	0.009	-0.511	0.757	0.403	-0.058	0.195	-0.07	-0.15	1.189	-0.84	-0.125	0.743	0.903	0.438	-0.619	-0.332	0.221	-1.122	-0.338	-0.53	0.399	0.211	0.5	0.418	-0.105	0.033	-0.066	-0.801	0.016	-0.497	-0.411	0.782	1.089	-0.146	0.649	-0.206	1.001	0.366	0.621	0.701	0.56	1.277
124	-0.339	1.005	1.568	-0.008	0.324	-0.694	0.482	0.024	1.851	-0.867	0.556	0.861	1.269	0.426	0.22	0.917	0.656	0.201	0.85	0.679	0.428	1.219	0.572	0.089	-0.786	0.598	0.63	-0.358	0.498	0.246	-0.677	-0.409	0.067	0.745	1.128	0.675	0.737	1.195	0.952	1.184	0.412	0.74
125	0.469	-0.635	1.074	-0.295	-0.157	1.12	0.736	0.478	0.906	-0.83	0.484	-0.512	0.493	-0.335	-0.016	-0.436	-0.325	-1.027	1.266	-1.097	1.243	0.725	0.093	0.785	1.308	0.581	-0.582	-0.358	-0.523	1.188	-0.408	-0.114	0.39	1.049	1.128	0.471	0.492	1.47	0.205	0.759	0.353	1.277
126	0.991	-0.688	-0.25	0.05	1.469	1.367	-0.364	1.079	1.531	1.05	1.128	-0.342	0.622	0.632	1.838	1.214	0.318	0.948	0.653	1.364	1.243	0.621	1.366	0.804	-0.245	1.096	-0.211	0.7	1.566	-0.669	1.173	1.937	0.368	1.25	1.128	1.315	1.652	1.195	1.279	1.184	1.591	1.277
127	-0.267	0.087	-0.885	-0.001	-0.108	-0.809	-0.07	-0.026	-1.099	0.888	-0.323	0.141	-0.374	0.187	-0.592	-0.116	0.042	0.903	-0.891	0.305	-1.11	-0.984	-1.195	-1.005	-1.013	-1.463	-0.014	1.317	0.84	-1.389	0.296	1.511	0.846	-0.794	-0.518	-1.138	1.03	-0.06	-0.07	-0.464	-0.752	-0.703
128	-0.1	0.028	0.044	-0.346	-0.891	-0.951	-0.378	0.343	1.442	-1.111	-0.438	1.261	1.269	0.138	-0.459	0.292	0.687	-0.157	0.628	-0.947	0.549	0.204	0.82	-1.084	-0.455	1.411	-0.384	-0.601	-0.1	1.352	-1.011	-0.803	-0.584	0.201	-0.257	-0.26	-0.135	-0.143	0.526	-0.286	-1.229	-0.356
129	-0.812	-0.06	-1.057	-0.393	-0.102	-1.085	-1.023	-0.687	-1.315	0.099	-0.361	-0.881	-0.697	-0.03	-0.229	-0.436	-0.279	0.289	-0.986	-0.077	-1.11	-0.697	-0.664	0.67	-0.689	-0.284	-0.365	0.534	-0.733	-0.647	-0.102	-0.92	-0.272	-0.184	-1.276	-0.692	-0.722	-0.452	0.07	-0.648	-0.111	-0.703
130	-0.642	0.578	1.02	-0.096	0.001	-0.811	0.527	0.313	0.967	1.422	0.335	1.138	0.743	0.527	0.025	0.707	-0.293	0.447	0.116	1.146	0.757	0.22	-0.959	0.184	-0.203	0.453	0.304	0.348	-0.277	0.027	-0.39	-0.323	0.137	0.349	-0.061	-0.513	0.763	0.638	0.191	1.184	-0.61	-0.565
131	-0.05	-0.106	-0.373	-0.044	-0.438	-0.982	0.242	-0.893	-0.397	0.947	-0.109	-0.48	-0.636	-0.182	0.213	0.241	-0.06	-0.655	0.628	-0.045	-0.213	-0.299	-0.008	1.323	-0.907	-0.712	0.494	0.817	-0.111	-0.611	0.84	-0.291	-1.062	0.169	-1	0.322	0.725	0.414	-0.923	0.002	-0.618	0.381
132	-0.928	0.205	0.348	0.432	0.751	0.491	0.246	-0.095	-0.189	0.346	0.201	0.042	-0.796	-0.252	0.01	-0.646	-0.124	0.135	-0.179	0.142	-0.687	0.026	0.029	-0.317	-0.099	-0.064	-0.303	0.745	0.232	0.349	0.642	-0.131	0.388	0.113	-0.389	-0.652	0.518	0.062	-0.208	-0.464	-0.017	-0.533
133	0.991	-0.635	0.472	0.173	0.18	0.862	-0.156	-0.491	0.592	-0.89	0.394	0.536	0.306	-0.237	0.266	0.553	0.573	-1.196	0.59	-1.324	0.616	0.479	1.387	0.714	0.949	1.027	1.047	0.673	0.388	0.507	-0.98	1.022	1.247	-0.225	0.537	0.4	-0.379	0.174	-0.218	1.184	1.162	-0.221
134	-0.697	1.015	0.308	0.422	0.375	0.171	0.672	-0.455	0.481	1.543	0.412	-0.638	-0.611	-0.382	0.946	0.173	-0.759	-0.474	0.622	-0.53	-0.664	0.181	0.56	0.314	0.058	-1.463	0.855	0.593	1.241	-1.332	0.687	0.741	0.846	-0.139	0.022	-0.704	-1.658	-1.068	-0.264	-0.308	0.175	-1.592
135	0.168	-0.688	-0.507	0.097	-0.166	-0.861	-0.403	0.072	1.126	-1.01	-0.551	1.155	1.269	0.267	1.349	0.481	-0.319	-0.148	-0.998	0.226	0.399	0.201	0.124	0.376	-0.246	-0.713	0.246	0.026	0.595	-0.427	0.066	0.829	-0.449	-0.6	0.515	-0.257	0.63	-1.773	0.215	0.755	-0.655	1.277
136	-0.537	0.192	0.274	0.06	0.397	-0.343	0.307	0.056	-0.103	0.303	0.356	-0.736	-0.841	-0.291	0.525	-0.436	-0.076	-0.373	0.058	0.252	-0.557	0.063	0.468	0.34	-0.246	-0.902	0.34	0.044	0.284	-0.485	0.236	0.185	0.549	-0.079	-0.498	-0.667	-0.049	-0.568	-0.55	-0.569	0.365	-0.703
137	-0.468	1.24	0.488	0.431	0.281	-0.201	0.927	-0.745	0.541	0.947	0.648	-0.553	-0.841	0.117	0.618	-0.436	-0.302	0.109	0.736	-0.051	-0.593	0.351	-0.014	0.262	0.372	-0.284	1.13	0.648	-0.045	-0.066	0.137	0.456	0.319	0.143	-0.372	-0.184	-0.53	-0.068	-0.269	-0.744	-0.648	-1.323
138	0.754	0.487	0.841	0.334	-0.498	-0.149	1.031	0.496	0.047	0.125	0.2	0.383	0.229	0.231	-0.095	-0.31	-0.076	-0.134	0.323	1.113	0.616	0.591	0.206	0.948	0.365	0.453	-1.338	1.504	0.679	1.274	0.316	-0.102	0.39	1.25	0.265	0.628	1.081	1.47	1.279	1.184	-1.176	0.655
139	0.189	-0.06	0.339	-0.433	-1.164	0.586	0.576	0.447	0.68	-1.521	-0.701	1.311	0.56	0.545	-0.111	0.765	0.553	-0.845	-0.223	0.508	0.501	0.306	0.098	1.323	0.636	0.453	-1.25	-0.825	-1.75	1.754	-0.861	-1.356	-0.584	0.638	-0.043	1.315	1.216	-0.06	1.279	1.184	0.26	1.277
140	-0.164	0.487	0.251	0.415	-0.678	0.397	0.441	-0.291	-1.016	0.281	0.188	-0.512	-0.653	0.107	0.327	-0.448	-0.481	0.89	-0.01	0.689	-0.075	-0.064	-1.078	0.441	-0.923	-0.393	-0.681	-0.358	-0.444	0.362	0.375	-0.697	-0.272	0.392	-0.62	-0.124	0.823	-0.959	0	0.087	-0.701	1.277
141	-0.041	-0.186	0.281	-0.08	-0.444	0.305	0.487	0.431	-0.108	0.802	-0.364	0.386	-0.125	-0.113	-0.334	-0.244	0.025	0.839	0.027	0.6	-0.769	-0.235	-0.725	0.194	-0.574	0.145	0.45	1.189	0.542	-0.013	0.101	-0.575	0.096	0.467	-0.555	0.286	0.284	0.044	0.158	-0.07	-0.648	1.016
142	0.991	-0.193	0.439	-0.424	0.281	-0.343	-0.385	0.127	0.619	-0.006	-0.093	0.351	0.262	0.219	0.288	0.444	-0.289	-0.157	-0.021	0.226	0.399	0.648	0.029	0.513	-0.139	0.145	0.305	-0.146	0.026	-0.277	-0.304	0.137	-0.016	0.608	0.633	0.675	0.117	-0.749	1.079	1.184	0.789	0.655
143	-0.164	-0.378	-0.477	0.256	0.179	0.213	-0.171	-0.057	0.01	-0.101	-0.694	1.362	0.423	0.305	-0.334	-0.144	-0.056	0.056	-0.906	-0.204	0.306	-0.382	0.093	-0.282	0.234	-0.069	0.228	-0.358	0.29	-0.365	0.037	0.372	-0.016	-0.843	-0.367	-0.537	-0.194	-0.302	-0.629	-0.487	-0.239	0.213
144	0.151	0.915	0.556	-0.324	0.785	-0.559	0.482	0.143	1.048	-0.788	0.968	0.011	0.266	-0.186	0.988	-0.011	-0.58	-0.784	1.434	0.332	0.231	0.9	1.269	0.652	0.866	1.23	1.44	0.2	0.679	0.468	0.092	0.527	0.535	1.036	0.66	-0.072	-0.186	0.36	1.279	1.184	0.607	0.213
145	-0.479	0.54	0.641	0.305	0.442	-0.137	0.459	-0.255	-0.058	1.054	0.125	0.211	-0.176	-0.28	-0.221	-0.634	-0.176	0.152	0.027	0.71	-0.718	-0.549	-0.014	-0.873	-0.474	-0.713	0.415	0.327	0.443	-0.6	0.538	0.867	0.628	-0.733	-0.46	-0.667	-0.595	-0.861	-0.542	-1.167	-0.111	-1.016
146	0.232	-0.789	-0.883	-0.254	0.005	0.505	-0.612	0.239	0.407	-0.154	-0.448	0.206	0.526	-0.133	-0.45	-0.273	0.265	-0.485	0.149	-0.02	0.054	-0.226	-0.151	-0.479	-0.334	0.453	-0.472	-0.173	-0.403	0.507	-0.238	-0.27	-0.016	0.298	-0.228	0.588	0.678	-0.335	1.079	1.184	0.293	-0.221
147	-0.164	-0.193	-0.381	-0.269	-0.003	0.437	-0.616	0.313	0.386	0.14	0.033	-0.108	0.024	-0.249	0.015	-0.459	-0.176	-0.173	-0.22	-0.53	0.082	-0.095	0.37	0.127	-0.365	0.145	-0.263	-0.567	-0.353	-0.122	0.168	-0.319	-0.449	-0.106	-0.389	0.229	0.518	0.334	-0.083	-0.308	-0.017	0.397
148	0.04	0.49	0.838	0.157	0.491	-0.38	0.717	0.087	0.69	1.412	-0.304	0.556	-0.143	-0.237	0.376	0.113	-0.157	0.009	0.382	0.252	-1.018	0.495	-0.44	0.147	-0.239	0.145	0.208	0.818	0.454	0.154	0.695	0.216	0.912	0.366	-1.086	0.468	-0.295	-0.046	-0.161	-0.227	-1.152	-0.221
149	0.991	-0.272	-0.717	-0.066	-0.031	1.497	-0.035	0.266	-0.531	0.166	-0.262	-1.74	-0.267	-0.22	0.757	0.195	-0.17	-0.447	0.143	-1.675	0.651	-0.213	0.774	-0.497	0.792	-0.204	-0.263	-0.536	0.054	0.184	-0.602	-0.219	0.628	-0.203	1.128	0.513	1.652	1.47	1.279	1.184	1.591	0.213
150	0.644	-0.58	-0.299	-0.156	-0.153	1.039	-1.131	0.371	-1.106	-0.255	0.145	0.415	-0.015	0.699	-0.592	1.271	0.077	0.6	-1.073	-0.286	-0.666	-0.452	-0.607	0.593	-0.698	-0.61	-0.217	-0.173	0.358	0.697	-0.325	-0.947	-0.016	0.33	-1.224	0.623	0.114	0.468	1.279	0.228	0.475	1.016
151	-0.958	-0.25	0.008	0.421	0.072	-0.653	0.313	-0.022	-1.135	0.905	-0.049	-0.835	-0.841	-0.291	0.587	-1.265	-0.08	0.234	-0.191	0.917	-0.571	-0.678	-0.39	-0.926	-1.116	-0.9	-1.04	0.799	1.133	-0.832	0.837	-0.009	0.238	-0.678	-0.947	-0.835	-0.013	-1.534	-0.43	-0.117	-0.82	-0.703
152	0.246	-0.132	-0.233	-0.34	0.34	-0.149	-0.616	0.247	-0.325	-0.075	-0.065	-0.132	-0.323	0.146	1	-0.012	0.042	-0.38	-0.22	-0.242	-0.328	0.026	0.42	0.477	0.365	0.033	-0.047	-0.146	0.144	0.024	0.154	0.23	-0.016	-0.139	-0.104	0.379	1.016	0.501	0.526	0.439	0.589	0.213
153	0.991	-0.565	-0.242	0.297	-0.891	0.491	-0.403	0.615	0.702	-1.38	-0.262	0.386	1.269	0.053	-0.758	0.386	0.794	0.17	-0.464	1.095	0.769	0.566	-0.091	0.418	-0.56	0.145	-0.348	-0.825	0.232	0.507	-0.595	-0.222	-0.326	-0.143	0.735	0.624	1.435	1.47	0.934	1.184	-0.134	0.551
154	-0.208	-0.231	-0.761	-0.212	-0.644	-0.325	-0.345	0.072	-0.325	-1.38	-0.786	0.351	0.423	0.077	-1.047	-0.853	0.074	0.316	-0.389	-0.286	-0.914	-0.331	-1.809	-0.358	-1.137	0.145	-1.073	-0.601	-0.299	0.472	-0.688	-1.203	-1.062	0.25	0.365	0.267	0.902	0.631	-0.384	0.229	-0.904	1.016
155	0.991	0.158	0.926	0.335	1.045	-0.389	-0.548	0.277	1.358	-0.806	0.731	0.245	0.662	0.297	-1.178	-0.064	-0.158	0.16	0.473	0.208	0.927	0.351	0.603	-0.262	0.012	0.209	0.464	-0.568	0.144	0.232	-0.522	0.954	0.45	0.479	0.521	0.379	-1.041	-0.853	0.1	0.759	0.917	-0.269
156	0.451	0.304	0.017	0.142	0.475	-0.645	0.604	-0.131	-0.093	0.294	0.074	-0.272	-1.01	0.11	-0.334	-0.734	-0.06	0.839	-0.633	0.305	-0.661	-0.461	-1.171	0.194	-0.012	0.343	0.259	0.768	0.858	-0.855	-0.094	0.699	0.693	0.025	0.16	-0.356	-0.776	-0.724	-0.111	-0.115	-0.296	-0.703
157	-0.644	0.469	-0.233	0.128	-0.602	-0.291	-0.541	-0.491	-0.906	0.441	0.048	-0.387	-0.821	-0.28	-0.107	-0.337	0.069	-0.485	0.271	-1.346	-0.058	-0.426	0.625	-0.262	-0.105	0.778	-0.748	-0.903	-0.376	-1.159	0.055	-0.745	0.137	-0.103	0.135	-0.133	-0.655	-0.724	-0.799	-0.404	0.042	-0.552
158	-0.594	0.742	0.275	0.349	0.375	-0.633	0.404	-0.102	-0.163	1.022	0.072	-0.29	-1.114	-0.293	0.448	-0.249	-0.145	0.538	0.06	-0.196	-0.684	-0.095	-0.098	-0.638	0.119	-0.712	0.494	1.088	0.401	-0.835	0.375	0.254	0.319	-0.33	-1.067	-0.667	0.189	-0.284	-1.074	-1.525	0.052	-0.703
159	-0.041	0.706	0.017	-0.32	0.589	0.751	-0.037	0.479	1.1	-0.13	0.167	0.743	0.526	0.134	-1.397	-0.17	0.617	-0.38	-0.916	0.105	0.78	0.776	0.646	0.396	0.5	0.89	0.283	-0.903	-0.417	1.08	-0.204	-0.086	-0.669	1.049	-0.69	0.393	-0.286	-0.113	0.359	0.701	0.966	0.655
160	0.722	-0.464	0.736	-0.262	-0.672	0.305	-0.254	0.239	0.274	-1.319	-1.231	1.312	1.269	0.382	-1.397	-1.237	0.074	-1.122	-1.042	0.226	-0.268	0.598	-1.323	-1.605	0.154	1.411	-1.338	-0.446	-0.414	1.215	-1.09	-1.14	-0.769	0.909	0.609	0.378	0.685	-0.876	1.279	1.184	0.289	0.837
161	-0.562	0.087	-0.131	-0.019	0.163	-0.053	0.104	-0.664	-0.927	0.965	0.276	-0.688	-0.755	-0.382	0.216	-0.436	-0.273	0.889	-0.111	-0.028	-0.914	-0.825	-0.832	-0.795	-1.016	-0.393	0.724	0.212	0.263	-1.118	0.203	0.522	0.628	-0.781	-0.508	-1.155	-0.866	-0.728	-0.922	-1.394	-0.746	-1.436
162	-0.313	0.185	0.427	0.342	0.222	0.305	-0.403	-0.542	0.006	1.678	0.111	-1.191	-1.118	-0.129	0.208	-0.679	-0.22	0.251	0.149	-0.917	-0.965	0.026	-0.698	0.247	-1.002	-0.804	0.11	1.223	0.571	-0.673	0.888	0.278	0.319	-0.008	-0.127	-0.128	-0.087	-0.908	-0.55	-1.224	-0.017	-0.269
163	0.469	-0.937	0.437	-0.05	0.22	0.767	0.657	0.664	1.267	-1.046	0.544	0.809	-0.125	-0.123	-0.945	0.168	0.851	-0.257	-0.876	1.449	0.122	0.911	1.075	0.362	-0.901	-0.019	0.4	0.087	0.542	0.967	-0.301	1.343	0.912	-0.43	0.345	0.167	0.466	-1.085	0.41	-0.835	-1.305	1.277
164	-0.164	-0.937	0.06	0.23	-0.213	0.013	-0.731	-0.102	-0.11	-0.101	-0.304	0.556	0.526	0.234	-0.121	0.558	-0.06	-0.694	-0.669	-0.831	0.231	0.329	1.063	0.3	0.631	0.453	-0.133	-0.801	0.007	0.232	-0.321	0.347	0.067	-0.461	0.051	0.133	-0.383	0.865	-0.161	0.007	0.792	0.551
165	0.722	-0.937	1.625	0.479	0.857	1.038	0.174	0.057	0	0.149	0.6	-0.002	-0.069	0.014	0.084	1.018	0.003	0.334	0.959	1.005	0.586	1.219	-0.559	0.54	0.92	-1.67	0.558	0.032	0.612	1.412	0.652	0.456	-0.326	0.439	0.633	0.895	-1.095	0.027	0.404	0.541	0.715	0.551
166	0.991	-0.937	-0.955	-0.091	0.112	1.158	-0.731	0.953	-1.103	-1.326	-0.484	0.327	0.625	0.393	-0.381	0.368	0.637	0.185	-1.467	0.328	1.243	-0.193	1.323	0.147	0.656	-0.064	-0.825	-0.536	-1.342	0.29	0.027	0.449	-0.111	-0.053	0.881	0.263	0.918	1.47	0.61	1.184	0.522	0.655
167	-0.022	-0.077	0.641	0.137	0.613	-0.444	-0.215	0.247	0.52	0.818	0.111	-0.108	-0.325	0.044	0.112	-0.158	0.089	-0.173	-0.386	0.732	0.082	0.097	-0.292	-0.295	0.234	0.683	0.245	-0.222	0.559	0.544	0.219	0.582	0.693	0.299	-0.127	0.199	-0.726	-0.807	-0.368	0.476	1.215	0.213
168	-0.44	0.087	-0.274	-0.595	-0.393	-1.035	-0.109	-0.291	0.672	-1.01	-0.448	0.689	1.049	0.502	-0.334	-0.816	0.438	0.238	-0.269	0.844	0.188	-0.084	-0.917	0.441	-0.651	0.453	0.122	0.019	-0.597	0.682	-0.026	-0.803	-0.272	0.284	-0.25	0.379	1.108	0.044	0.518	0.25	-0.701	1.016
169	0.644	0.056	-0.263	0.076	0.281	-0.478	-0.426	0.664	0.046	0.87	-0.033	-0.466	-0.697	0.022	0.862	-0.896	0.099	0.587	-0.533	0.252	0.323	-0.223	0.233	-0.038	-0.151	-0.657	1.091	0.33	0.56	-0.485	0.317	0.72	-0.347	0.018	-0.472	-0.005	0.876	0.901	0.296	-0.422	0.789	0.213
170	-0.468	-0.171	-0.192	-0.16	-0.275	-0.633	0.105	0.024	-0.073	-0.915	-0.362	-0.108	0.56	0.131	-0.758	0.834	0.071	0.056	-0.641	-0.454	-0.245	-0.163	-0.192	-0.346	-0.474	0.145	-0.01	-0.358	-0.266	-0.365	-0.321	-0.094	-0.272	-0.203	0.649	0.229	0.23	0.821	0.05	0.158	0.139	0.101
171	0.664	-0.67	0.481	-0.113	-0.027	0.662	-0.548	0.42	1.321	-0.61	-0.604	1.086	0.711	0.121	-0.553	-0.043	0.522	-1.079	-1.073	-1.391	1.063	0.878	1.323	0.754	1.51	0.598	-0.554	-0.242	-0.766	1.754	-0.011	0.217	0.522	0.972	0.609	0.753	0.068	-0.182	0.652	1.184	1.236	0.837
172	-0.339	0.487	0.523	-0.091	-0.047	0.491	-0.116	0.247	1.232	-0.254	-0.19	0.569	-0.108	0.346	-0.334	0.461	-0.176	0.174	-0.264	0.328	0.927	0.411	-0.387	0.3	-0.236	0.453	-0.01	-0.358	-0.42	0.362	0.101	-0.004	0.137	-0.008	0.28	0.229	-0.652	0.573	0.743	0.85	0.607	0.551
173	-0.996	0.192	-0.477	-0.243	0.018	-0.052	0.203	-0.291	-0.219	0.166	0.044	-0.512	-1.045	-0.291	-0.221	-0.337	-0.341	0.316	0.14	0.275	-0.914	-0.375	-0.778	-1.064	-0.369	-0.393	0.261	0.653	-0.045	-0.485	0.331	0.1	-0.272	-0.467	-0.738	-0.835	-0.783	0.009	-0.765	-1.224	-0.332	-0.703
174	0.151	0.369	0.841	-0.193	0.171	0.352	0.709	0.479	1.232	-0.61	0.486	0.556	0.135	-0.157	0.953	-0.144	0.22	-0.775	0.415	0.255	1.063	0.627	1.168	0.34	0.771	0.453	0.455	-0.536	0.4	1.412	-0.456	0.439	-0.511	0.366	0.808	0.192	0.902	0.706	0.892	0.85	1.029	0.74
175	0.991	-0.491	-0.522	-0.374	-0.051	0.063	-0.507	-0.055	0.577	-0.83	-0.04	-0.203	0.665	0.381	0.266	0.257	0.176	-0.998	-0.965	-1.34	0.927	0.838	1.34	0.357	1.099	-0.999	0.111	0.079	-0.184	-0.365	-0.279	1.11	0.238	0.26	0.135	-0.355	-0.583	-0.644	-0.191	0.265	1.06	0.397
176	-0.321	0.248	0.274	0.663	-0.493	-0.671	0.202	-0.064	0.678	0.179	0.207	0.416	0.084	-0.182	-0.229	-0.31	0.165	-0.447	0.486	0.815	0.306	0.199	-0.061	0.266	-0.349	-0.393	0.256	-0.903	-0.056	0.391	-0.291	0.372	-0.511	-0.268	-0.678	-0.255	-0.638	-0.908	-0.07	-0.487	-0.333	0.655
177	-1.208	-0.623	-1.506	0.056	-0.442	-1.438	-0.58	-0.056	-0.8	-0.484	-0.501	-1.497	0.423	-0.29	-1.129	-1.314	-0.514	0.968	-1.11	-0.051	-1.324	-1.71	-1.553	-2.299	-1.251	-1.274	0.677	0.534	0.845	-2.093	-0.332	0.864	-0.524	-1.037	-1.432	-2.1	-0.56	-1.35	-1.671	-0.703	0.467	-0.385
178	-0.47	-0.051	-0.156	0.743	0.068	-0.544	1.213	1.079	1.215	2.04	0.253	1.828	0.711	0.787	-0.256	0.824	0.325	-0.394	-0.692	0.553	0.355	0.637	1.808	0.635	1.51	1.411	0.686	0.745	0.647	0.206	1.121	1.937	0.975	1.25	0.6	1.048	0.519	1.47	1.079	0.187	-0.496	1.277
179	0.991	-0.789	0.413	-0.48	-0.221	1.595	-0.364	0.694	1.073	-1.521	0.182	1.264	1.269	0.603	-0.326	-0.536	0.876	-0.998	0.392	-0.128	0.927	1.474	1.121	0.906	1.281	0.541	-1.543	-1.173	0.142	-0.453	-0.387	-1.203	-0.967	1.25	1.128	1.315	1.652	1.007	0.781	1.184	0.723	1.277
180	0.358	1.067	1.867	-0.442	0.861	0.485	1.772	-0.788	1.785	-0.393	0.19	-1.353	0.306	-0.505	-1.148	-1.407	-0.166	0.739	1.625	0.858	0.652	1.474	0.867	0.825	0.426	-0.813	1.873	-0.581	-1.051	-0.352	-0.602	0.616	0.201	0.719	0.808	0.247	1.068	-1.565	0.759	-0.133	-0.031	1.277
181	0.644	0.344	0.328	0.315	-0.911	-1.147	0.961	0.228	-1.236	-0.949	1.128	0.118	0.531	-0.382	-0.613	0.334	0.048	-0.355	1.975	0.52	1.063	0.26	0.097	1.323	-0.162	0.881	-1.431	0.04	-0.384	1.352	-0.627	-0.604	0.678	0.886	0.388	-0.133	-1.436	-1.587	-0.235	0.659	-1.511	0.497
182	0.04	0.202	-0.274	0.736	0.356	0.505	-0.443	0.021	-0.845	0.052	-0.065	0.454	0.024	0.076	-0.712	-0.557	0.38	0.368	-0.383	-0.921	0.399	-0.663	-0.041	0.058	-0.333	0.145	-0.263	-0.358	-0.42	-0.111	-0.253	-0.222	0.31	-0.33	-0.228	0.229	0.368	0.122	-0.204	-0.308	-0.017	0.213
183	0.027	-0.409	0.65	-0.151	0.526	0.952	-0.733	0.266	-0.295	-0.008	-0.426	-0.002	0.338	0.097	-0.263	0.307	0.346	-0.447	-0.44	0.571	0.094	0.565	1.122	0.165	0.272	0.89	-0.443	-0.297	0.541	0.024	0.002	-0.482	-0.272	0.745	-0.09	1.034	0.169	0.302	0.21	0.091	0.93	-0.221
184	-0.164	-0.937	0.094	-0.585	-0.591	0.952	0.477	0.282	-0.223	-0.816	-0.208	-0.752	0.478	0.187	0.436	-0.029	0.69	-1.022	1.016	-1.536	1.063	0.146	1.13	0.261	1.308	1.411	-0.564	-0.567	-0.769	1.019	-0.627	-0.378	-0.669	1.036	0.413	0.548	-0.619	0.214	-0.629	0.54	0.175	1.016
185	-0.064	0.202	-0.03	0.307	0.707	0.195	0.297	-0.138	-0.027	-0.816	0.048	-0.331	0.135	0.094	-0.686	-1.208	-0.289	-0.85	-0.418	-1.253	0.082	0.181	1.369	0.896	0.507	1.027	-0.133	-0.297	0.195	-0.555	0.203	0.491	0.39	-0.687	-0.895	-0.072	-0.378	-0.897	-0.106	-0.464	0.966	0.044
186	0.451	-0.308	0.21	0.749	-0.256	-0.099	0.648	0.546	0.461	0.222	-0.021	-0.002	-0.125	0.187	0.658	0.173	-0.056	0.081	-0.669	-0.033	-0.805	0.089	-0.879	-0.471	-0.119	-0.713	-0.582	0.703	0.745	0.36	-0.209	-0.522	-0.354	-0.336	-1.062	0.379	0.307	0.357	-0.209	0.228	-0.823	0.044
187	-0.799	0.161	0.619	0.416	-0.591	1.398	-0.238	0.186	0.724	1.675	0.606	-0.3	-0.97	-0.457	1.127	-0.134	-0.769	0.533	0.222	0.275	-0.249	-0.095	-0.209	0.896	0.496	-0.902	-0.313	0.643	0.494	0.024	1.287	-0.233	1.074	-0.387	0.314	-0.569	-0.133	0.497	1.279	-0.151	0.56	0.044
188	-0.618	0.812	0.143	-0.252	-0.169	-1.072	1.285	-0.542	-0.054	1.037	-0.016	-0.565	-0.611	-0.098	0.015	-0.929	-0.5	0.579	0.628	-0.028	-1.109	0.089	-0.956	0.13	-0.347	-1.097	0.269	0.768	-0.045	-0.761	0.632	-0.575	0.238	-0.237	-0.46	-0.667	0.272	-0.127	-0.277	-0.487	-0.61	-0.703
189	0.991	-0.402	0.315	-0.079	-0.15	-1.293	-1.035	-0.539	0.051	-0.276	-0.278	-0.142	0.1	0.266	-0.025	0.521	-0.366	-0.413	0.044	0.298	-0.516	0.314	0.303	0.906	0.276	-0.713	-0.608	0.396	0.791	-0.014	0.369	-0.409	-0.354	0.348	1.128	0.391	0.998	0.901	0.479	0.755	0.293	0.551
190	0.151	0.087	-0.307	0.374	-0.256	0.614	-0.027	-0.293	-0.149	-0.034	0.072	0.556	0.237	0.272	-0.619	-0.107	-0.157	0.238	0.587	0.165	1.063	0.102	-0.275	0.896	-0.102	-0.393	-0.681	-0.323	0.138	-0.122	-0.238	-0.686	-0.016	-0.566	-0.129	-0.173	-1.836	-0.381	-0.444	-0.487	0.034	0.044
191	0.469	-0.687	-0.595	-0.775	0.005	-0.357	-0.822	-0.102	-0.247	-0.712	-0.314	0.597	0.625	0.332	-0.016	1.326	0.153	-0.292	-1.467	0.226	-0.553	0.373	1.196	-0.497	-0.001	0.145	-0.825	0.145	-0.432	0.299	-0.188	0.372	-0.354	0.604	-0.443	1.081	0.795	-0.038	0.806	0.511	-0.063	0.213
192	0.991	-0.521	-1.057	-0.802	-1.037	-0.311	0.579	0.664	-1.849	-1.197	0.03	-1.199	0.159	-0.056	0.786	1.386	0.295	-0.479	0.035	-0.184	1.243	0.031	0.52	1.323	-0.682	1.411	-1.543	0.469	0.144	1.754	-0.439	-1.263	-1.178	1.084	0.609	1.315	1.652	-0.796	1.279	1.184	-0.017	1.277
193	0.034	0.087	-0.202	0.487	-0.177	-0.916	0.058	0.056	-0.461	0.947	-0.032	-0.32	-0.796	0.191	0.216	-0.634	-0.273	0.429	-0.22	-0.369	-0.692	-0.663	-0.517	0.104	-0.325	0.453	-0.263	0.773	0.653	-0.647	0.765	0.065	0.766	-0.163	0.6	-0.173	0.373	0.149	-0.55	-0.487	-0.193	-0.851
194	0.151	0.85	-0.883	-0.394	0.578	1.007	-0.453	0.268	-1.633	1.542	0.605	-1.741	-0.723	-0.23	1.68	0.275	-0.742	-0.745	0.642	-0.36	-0.245	-0.884	0.338	1.07	0.161	-0.305	0.375	0.381	0.286	-0.727	1.116	-0.105	0.319	0.042	0.66	-0.571	-0.665	0.602	0.475	0.701	0.293	-0.385
195	0.232	-0.06	-0.868	-0.34	-0.443	1.228	-0.403	0.681	-0.368	-0.915	0.503	0.427	0.306	0.187	0.167	-0.604	-0.105	0.299	0.876	0.14	0.421	-0.029	-1.041	0.77	0.15	-0.393	-0.684	-0.254	0.42	0.67	-0.019	-0.947	-0.077	0.159	0.428	-0.124	-1.393	0.491	-0.106	0.701	-0.251	0.213
196	0.04	0.695	0.194	-0.001	0.484	0.305	0.679	-0.293	0.541	0.826	0.335	0.386	-0.559	0.134	0.586	-0.348	-0.307	0.617	-0.264	0.466	-0.805	0.282	0.385	-0.022	-0.369	-0.393	0.811	0.337	0.464	-0.277	0.375	-0.045	0.238	0.113	-0.389	-0.537	0.24	0.382	0.144	-0.308	-0.482	0.213
197	-0.686	-0.041	-0.931	-0.517	-0.558	-0.291	-1.039	0.432	-0.842	-0.154	-0.285	-0.416	0.19	0.023	1	-0.249	0.212	0.774	-0.06	0.481	0.927	-0.384	-1.022	0.005	-0.651	1.23	-0.429	-0.903	-0.775	0.024	-0.358	-0.803	-0.354	0.272	0.6	0.03	0.202	0.882	0.224	0.226	-0.746	0.74
198	0.991	-0.121	1.376	1.206	-0.393	0.543	1.397	0.744	1.949	-0.89	0.879	1.828	1.269	0.52	0.612	1.326	0.61	-0.498	0.069	1.192	0.305	1.118	-0.606	0.283	0.369	-0.284	0.365	0.71	0.666	1.754	-0.134	0.317	1.176	1.084	0.513	1.315	0.284	1.195	0.73	1.184	-1.57	1.277
199	0.722	-0.491	-0.34	0.017	-0.506	-0.13	-0.133	0.057	-1.099	-0.997	-1.088	0.689	1.049	0.486	0.004	0.743	0.272	0.287	-1.186	-0.917	1.243	-0.561	-1.082	0.089	0.365	0.453	-1.431	-0.358	-0.552	0.507	-1.09	-0.044	-0.669	-0.522	0.881	0.433	-0.3	0.034	0.934	0.759	-0.017	0.497
200	0.617	-0.166	-0.311	0.166	0.599	1.137	-0.906	0.785	-0.325	-0.101	-0.143	-0.144	-0.566	-0.291	0.116	0.04	-0.18	-0.539	-0.338	-1.34	0.79	-0.533	0.867	0.127	0.286	0.89	-0.263	-0.825	-0.747	0.219	-0.475	-0.319	0.096	-0.27	0.464	-0.537	-0.327	-0.876	0.359	0.85	0.966	-0.703
201	0.251	-0.166	0.61	-0.008	-0.21	0.451	0.221	0.518	-0.947	0.876	0.787	-1.695	-1.997	-0.583	0.664	-0.064	-1.107	-0.909	0.951	-0.899	0.616	-0.483	0.584	1.099	1.105	1.411	-0.507	-0.825	-0.259	0.957	0.537	-0.384	-0.016	0.335	0.416	0.243	-1.238	-0.124	0.205	0.5	0.903	-0.123
202	0.542	0.123	0.692	0.432	1.118	0.732	0.546	0.101	1.332	0.885	0.743	0.6	0.208	0.297	0.391	0.685	0.054	0.29	-0.179	0.847	-0.196	0.636	0.739	-0.458	1.3	-0.393	1.568	1.1	1.465	-0.365	0.543	0.949	0.61	0.018	0.594	0.578	1.303	0.557	0.892	0.476	0.293	0.058
203	-0.164	-0.041	-0.761	0.254	-0.09	0.305	-0.037	0.185	-0.179	-0.101	-0.104	-1.37	-0.118	0.146	0.618	0.095	-0.227	-0.3	-0.458	0.654	0.209	-0.297	0.512	0.327	-0.102	0.343	-0.268	-0.601	0.383	0.184	-0.088	0.561	-0.016	0.037	-0.041	0.096	-0.783	-0.959	-0.138	0.759	0.667	-0.552
204	0.002	-0.114	-0.048	0.188	-0.111	0.142	-0.02	-0.024	-0.131	0.023	0.716	-0.793	0.665	-0.463	1.078	-0.4	0.543	-0.447	0.9	-0.536	0.082	0.277	0.966	0.547	0.425	0.453	0.45	0.228	0.356	-1.009	0.498	1.114	0.628	0.372	0.881	-0.305	1.652	1.147	0.389	0.228	0.353	-0.874
205	0.009	0.693	0.387	0.316	0.293	-0.982	0.255	-0.496	-0.907	-0.732	-0.134	0.141	0.901	0.189	-0.592	0.843	-0.562	-0.342	-0.283	0.801	-1.399	-0.423	0.106	1.323	0.672	-0.284	0.487	1.196	0.345	-0.366	0.54	-0.4	-0.62	0.856	0.881	0.224	-1.836	0.695	-0.852	0.32	-1.339	-1.018
206	-0.311	-0.446	-0.34	0.046	-0.761	-0.408	-0.671	-0.491	-0.989	0.081	0.126	0.206	0.024	-0.133	-1.129	0.168	0.314	0.36	-0.339	0.294	0.549	0	-0.49	0.153	0.507	-0.284	-0.278	-0.556	-0.307	0.162	-0.482	-0.129	-0.669	0.734	0.881	0.434	0.518	0.812	0.892	0.759	0.663	1.277
207	0.991	0.248	-0.004	0.06	-0.083	-0.809	-0.307	0.479	0.137	0.645	0.205	-0.108	0.201	0.076	-0.334	0.518	-0.052	0.031	0.289	0.168	1.243	-0.095	-0.583	-0.259	-0.455	0.778	0.666	-0.72	-0.042	0.391	0.495	0.829	0.238	0.159	-0.63	0.257	0.65	0.266	-0.102	0.755	-0.553	0.74
208	-0.311	0.185	-0.131	0.017	0.206	-0.894	0.207	-0.848	-0.058	-0.279	0.245	-0.104	-0.268	-0.248	-0.459	-0.381	-0.675	0.235	-0.947	-0.113	0.209	-0.574	-0.419	-0.795	0.365	-1.097	-0.263	0.026	0.988	-0.298	-0.148	0.989	0.067	-0.858	0.115	-0.125	-1.337	-0.451	0.08	-0.015	-0.857	-1.323
209	-0.164	1.354	0.495	-0.108	0.163	-1.022	0.613	-0.217	0.516	-0.101	0.241	-0.177	0.024	-0.374	0.586	-0.837	-0.207	0.121	0.556	-0.624	-0.783	0.128	0.56	0.127	0.365	-0.069	0.796	-0.334	-0.523	0.141	0.077	-0.593	-0.272	0.366	-0.212	0.229	0.309	0.11	-0.003	-0.308	-0.193	0.044
210	0.168	0.829	0.02	-0.231	0.087	-1.121	0.235	-1.324	-0.354	0.193	0.203	-0.096	-1.655	-0.385	0.064	-0.065	-0.319	-0.071	0.244	0.28	-0.323	-0.258	0.125	1.07	-0.22	-0.393	0.046	0.487	0.147	-0.379	0.183	-0.577	-0.424	0.165	-1.64	0.078	0.146	0.252	-0.818	-0.086	-0.362	-1.016
211	-0.618	0.087	0.505	-0.243	-0.65	-1.08	0.076	0.432	-0.073	-0.034	-0.285	0.556	-0.176	0.187	0.189	0.444	0.551	-0.398	-0.179	0.051	0.231	0.447	0.13	-0.572	-0.245	0.145	0.196	-0.183	-0.409	0.421	-0.22	-0.593	-0.706	0.366	-0.296	0.629	0.297	0.501	0.1	0.088	-0.482	0.213
212	0.754	-0.937	-0.004	-0.942	-0.716	-0.215	-1.285	0.615	1.055	-1.024	-1.231	-0.209	0.742	0.658	-0.111	0.105	0.69	-0.328	-0.986	-1.571	1.243	-0.194	-0.192	0.367	-0.242	0.581	-0.892	-1.173	-0.871	0.262	-1.09	-0.215	-1.178	-0.764	0.461	1.081	1.652	1.47	0.257	1.184	0.158	1.016
213	-0.041	0.325	0.437	-0.173	0.051	-0.822	-0.068	-0.199	0.68	0.359	-0.758	0.042	-0.374	0.367	-0.229	-0.045	-0.55	0.185	-0.065	0.89	-1.52	0.089	-1.619	-0.856	-1.23	-0.712	-0.014	0.317	0.659	-0.432	0.111	0.096	-0.272	0.238	-0.25	0.41	0.998	-0.616	0.451	0.045	-0.329	0.044
214	0.991	-0.687	-1.046	-1.017	-0.481	-0.291	-1.285	-0.337	-1.854	-0.864	-0.339	0.575	0.048	-0.209	-1.397	0.271	0.153	0.144	-1.467	0.353	0.927	-0.266	0.194	-0.192	-0.239	0.275	-0.647	-0.536	-1.19	-0.218	-0.814	-0.544	-0.769	-0.363	0.212	-0.007	-0.283	0.282	-0.875	0.755	0.995	0.381
215	-0.999	1.412	1.867	0.124	0.789	-1.709	1.713	-0.406	1.851	-0.624	0.659	1.35	0.501	0.17	1.067	-1.008	-0.44	1.086	0.892	-0.003	-0.54	0.753	-0.329	0.663	0.121	0.881	1.611	1.137	1.084	0.206	-0.677	-0.099	1.033	0.856	0.461	0.187	-0.973	-1.008	0.952	-0.428	-1.254	-1.016
216	0.554	-0.067	-0.321	-0.029	-0.436	0.352	-0.254	-0.291	0.461	-0.355	-0.649	-0.48	0.625	0.33	-1.047	0.409	0.042	-0.149	-0.823	-0.228	0.673	-0.075	0.476	0.147	0.645	0.749	-0.748	-0.491	-1.19	0.646	-0.321	-0.975	-0.584	0.016	0.808	0.267	0.461	1.47	0.178	1.184	1.078	-0.533
217	-0.173	-0.308	0.103	0.074	-0.177	-0.272	-0.254	-0.209	-0.906	0.14	-0.109	-0.362	-0.176	-0.183	-0.229	-0.477	-0.375	-0.252	-0.886	-0.7	-0.112	-0.145	0.381	0.405	0.421	0.638	0.147	0.019	-0.502	-0.943	-0.11	0.325	-0.016	-0.554	-0.747	0.267	0.659	0.282	-0.418	-0.308	-0.437	-0.743
218	-0.082	0.843	0.626	-0.091	0.324	-0.826	0.609	-0.368	0.759	1.678	0.555	-0.177	-0.711	-0.071	0.563	-0.224	-0.337	0.008	0.416	0.758	-1.637	0.479	-0.64	0.127	-0.574	-1.097	1.314	0.972	0.664	0.024	0.918	0.456	0.267	0.231	-0.852	-0.137	-0.977	-0.611	0.144	-2.092	-0.61	0.044
219	0.991	-0.688	-1.246	-0.101	0.224	0.968	-0.923	0.072	-1.347	0.109	0.061	-1.039	-1.406	-0.46	1.436	-0.664	-0.583	0.2	0.484	0.328	0.769	-0.436	0.309	0.43	-0.102	0.492	-1.149	-0.358	-0.597	0.391	-0.171	0.283	0.31	0.599	1.128	0.64	1.43	1.47	0.509	0.85	1.284	-0.269
220	0.991	-0.339	0.054	0.369	1.128	0.671	-0.596	0.9	-0.751	-1.041	0.655	0.292	0.598	0.149	0.002	0.216	1.168	-0.231	1.033	-0.17	1.243	-0.327	0.992	0.741	1.12	1.411	1.205	0.681	1.483	1.512	-0.634	0.985	0.995	0.635	1.128	0.982	1.652	0.89	-0.234	0.85	0.497	0.497
221	-0.164	0.087	-0.581	-0.173	-0.398	0.052	0.105	-0.071	-0.073	0.233	-0.448	-0.183	0.024	0.069	-0.471	-0.184	0.573	-0.38	0.486	0.226	-0.355	0.057	-0.343	-0.022	-0.369	0.89	-0.263	-0.126	-0.256	0.544	0.317	-0.671	-0.272	0.281	-0.127	-0.124	0.119	-0.249	-0.269	-0.183	-0.193	0.213
222	0.991	-0.402	-0.266	-0.422	-0.283	0.049	-0.055	0.28	-0.211	-0.971	-0.033	-0.144	0.903	0.146	-0.553	0.301	0.042	-0.163	-0.222	-0.228	1.063	-0.095	0.509	0.956	0.789	0.453	-0.201	-0.358	-0.478	-0.014	-0.392	-0.403	-0.016	0.176	1.128	0.33	0.913	1.195	0.412	1.184	-0.017	0.213
223	-0.057	-0.075	0.264	-0.813	0.14	-0.288	-1.285	-1.105	-0.956	-1.216	0.416	0.716	1.269	0.787	-0.112	1.386	-0.047	-0.247	-0.499	1.245	1.063	-0.193	0.679	0.505	0.232	-0.482	0.96	0.463	0.488	1.331	-1.058	0.741	-0.272	0.918	1.128	0.828	1.652	1.07	1.279	1.184	0.098	0.74
224	0.371	-0.789	-1.294	-0.829	0.605	0.161	-0.616	0.266	-0.628	0.109	-0.081	-0.108	-0.415	-0.194	0.015	-0.486	-0.891	0.316	-0.823	-0.077	-0.196	-0.416	0.829	-0.936	0.127	-0.284	0.765	0.052	0.804	-1.845	-0.188	1.071	-0.511	-0.103	0.594	-0.128	1.178	0.954	-0.295	0.236	0.246	-0.703
225	-1.076	0.527	0.178	-0.189	0.914	-1.64	0.183	-0.848	-0.062	0.421	-0.021	0.6	-0.536	-0.171	0.509	0.098	-1.097	1.388	-0.223	0.329	-1.3	-0.327	-0.832	-1.11	-1.23	-1.184	1.577	1.128	1.398	-1.286	1.132	0.887	0.755	-0.191	-0.232	-0.667	0.4	0.32	-0.661	0.439	-0.437	-1.868
226	0.991	-0.305	-0.173	0.164	0.499	1.398	0.105	0.28	1.26	-0.09	-0.186	-0.324	1.269	-0.291	0.766	1.07	0.351	-0.229	-0.296	-0.189	0.927	0.258	0.65	-0.105	-0.344	-0.069	-0.187	-0.212	-0.523	-0.485	0.089	0.372	0.761	-0.01	1.128	0.718	-0.4	0.865	0.934	-0.135	1.51	0.261
227	0.991	0.299	-0.595	-0.23	0.381	0.234	0.086	-0.893	1.282	-0.377	0.12	1.567	1.269	0.632	-1.397	-0.567	0.673	0.972	-0.734	1.554	0.506	0.197	-1.126	0.3	-0.457	-1.374	0.886	0.688	0.921	-0.874	0.184	-0.005	0.226	0.705	0.735	0.892	1.652	1.173	1.279	0.85	-1.238	1.277
228	0.991	0.245	-0.138	-1.017	-0.448	-1.71	-0.516	0.266	-0.635	-1.326	-0.722	-0.362	0.394	0.229	0.216	-0.066	-0.176	-0.505	0.206	-0.139	0.2	0.333	0.714	0.184	0.496	0.275	0.323	-0.556	-0.623	0.675	-1.09	-0.198	-0.706	-0.204	1.128	0.023	0.303	1.47	0.621	1.184	-1.176	-0.703
229	-0.996	-0.334	-0.976	-0.071	-0.388	-0.253	-0.171	0.127	-0.094	0.233	-0.304	-0.027	0.662	0.076	-0.712	0.454	0.247	0.463	-0.782	0.81	0.673	-0.549	-1.214	-1.105	-1.004	-0.393	-0.201	-0.173	0.296	0.43	-0.165	0.582	-0.016	0.035	-1.091	-0.187	-1.023	-0.927	0.123	0.278	-0.286	0.397
230	0.991	-0.789	-0.755	-0.164	-0.261	0.576	-1.285	0.694	-0.708	-0.933	-0.032	-0.034	1.049	0.291	-0.398	0.315	-0.708	0.46	-0.639	0.54	0.119	-0.676	-0.673	-0.73	-0.692	-0.9	-0.286	0.992	1.395	-0.706	0.422	0.964	-1.178	0.436	1.128	0.895	0.029	1.47	1.079	1.184	0.353	1.277
231	-0.372	-0.351	-0.329	-0.235	0.379	-0.944	0.104	-0.814	-1.099	0.947	0.555	-0.132	-0.755	-0.291	0.188	-0.249	-0.276	0.034	0.24	0.71	-0.349	-0.589	0.966	-0.72	-0.689	0.492	1.021	0.66	0.165	-1.159	0.331	1.511	0.319	-0.316	0.211	-0.835	-0.421	-0.522	-0.371	0.476	0.329	-0.874
232	0.246	-0.266	-0.699	0.006	-0.003	0.081	-0.857	0.266	0.033	0.179	-0.148	-0.027	0.526	0.335	-0.824	-0.238	-0.146	-0.64	-0.43	-0.756	0.094	0.307	0.353	0.948	0.641	-0.284	-0.429	-0.006	0.505	-0.365	0.215	0.12	-0.111	0.016	-0.426	0.838	0.251	0.048	0.353	-0.297	-0.703	1.016
233	-0.164	-0.095	0.443	0.223	0.061	-0.357	0.419	0.072	-0.003	0.072	0.352	0.074	-0.421	0.187	0.647	0.125	-0.5	-0.008	0.187	-0.454	0.399	0.026	0.264	0.058	0.132	-0.284	-0.043	-0.358	-0.059	0.73	-0.126	0.12	0.067	0.139	-0.757	0.229	0.857	0.382	0.636	0.236	0.571	0.044
234	0.28	-0.231	0.07	0.671	-0.16	0.419	0.524	-0.061	0.795	-0.706	-0.291	1.136	0.903	0.632	-0.031	1.326	0.037	0.429	-1.118	1.078	0.188	-0.053	-1.078	0.147	-0.23	-0.393	-0.619	-0.358	-0.051	-0.44	-0.274	0.102	0.31	-1.075	0.278	-0.31	1.082	-0.18	-0.312	0.476	-0.811	-0.552
235	0.754	0.087	0.2	0.316	-0.177	0.776	0.204	-0.057	-0.027	0.056	0.059	0.556	0.19	0.342	-0.095	0.39	-0.105	-0.359	-0.339	-0.242	-0.058	-0.053	0.81	-0.397	-0.127	-0.712	0.078	0.498	-0.082	0.067	-0.126	-0.583	0.31	-0.431	0.042	0.379	0.105	-0.85	-0.583	-0.413	0.129	1.016
236	0.451	-0.491	-1.018	0.18	0.068	0.567	0.403	0.282	-0.906	0.109	0.293	-0.688	-0.06	-0.281	0.315	-0.183	-0.469	-1.15	0.665	-0.648	1.243	-0.025	0.731	0.785	0.789	1.096	-0.28	-0.646	-0.821	0.722	-0.355	-0.311	0.39	0.143	0.594	0.433	-1.074	0.688	0.017	-0.19	1.027	-0.533
237	-0.311	0.604	0.801	-0.153	-0.56	-1.075	0.482	0.092	0.558	0.851	0.405	-1.056	-0.559	0.076	0.386	-0.694	-0.06	-0.07	0.556	0.135	-0.056	0.488	0.355	0.239	0.119	-0.902	0.161	0.2	0.175	0.349	0.44	-1.356	-0.354	0.276	0.459	0.257	-0.3	-0.234	0	-0.487	-0.538	-0.221
238	-0.041	0.329	-0.099	-0.001	-0.056	-0.201	0.151	-0.102	-0.257	1.073	0.354	-0.711	-0.756	-0.417	-0.117	-0.163	-0.08	-0.62	1	-0.227	-0.432	0.555	1.196	0.127	0.789	0.453	0.672	0.377	-0.187	0.027	0.61	-0.131	-0.016	0.249	0.058	0.229	0.71	0.704	-0.654	-0.318	0.607	0.381
239	-0.041	0.087	0.631	0.422	0.56	0.451	0.419	-0.294	0.651	0.842	-0.261	1.567	0.35	0.386	-0.199	1.326	0.514	-0.85	-1.297	0.28	-0.139	0.596	1.443	-0.835	-0.246	-0.49	-0.502	0.339	1.232	-0.138	0.46	0.71	0.853	-0.336	-1.097	0.185	0.85	0.1	0.743	-0.139	0.966	1.016
240	0.371	-0.789	-1.746	0.15	-1.324	0.139	-1.285	-0.211	-0.931	0.056	-0.651	0.247	0.156	0.588	0.712	-0.222	-0.228	1.495	-1.542	1.338	-0.802	0.038	-1.609	-2.027	-0.89	-0.393	-0.619	-0.093	0.383	0.495	-0.39	-0.836	-0.807	-0.45	0.459	0.628	0.055	1.042	1.279	0.476	-0.817	0.497
241	0.991	-0.937	-0.496	0.948	0.014	0.784	-0.62	0.01	0.818	-0.178	0.015	0.514	0.204	-0.022	1.015	0.491	-0.408	-0.487	-0.965	-1.52	0.491	-0.568	0.165	-1.203	0.26	-0.064	1.002	0.673	-0.051	-0.703	-0.356	1.073	0.461	-0.801	0.421	-0.023	-1.091	0.204	-0.448	-0.497	1.591	-1.056
242	0.991	-0.688	-0.477	0.688	-0.094	0.491	-0.856	0.517	-1.854	-0.647	-1.088	1.567	0.423	0.335	-0.846	0.409	0.48	0.551	-1.542	-0.804	0.306	-0.915	-1.158	0.896	-0.218	-0.393	-1.338	-0.536	0.464	-0.761	-0.182	0.61	0.853	-0.754	0.365	0.369	0.402	-0.177	-0.692	0.476	-0.329	0.213
243	0.722	-0.428	-0.451	0.213	0.056	-0.149	0.025	0.821	-1.672	-0.046	-0.285	0.182	-0.701	-0.098	0.528	-0.096	0.198	0.44	-0.101	-0.18	0.306	-0.688	-0.052	-0.176	-0.214	-0.393	-0.018	-0.312	-0.007	-0.205	-0.257	0.362	0.549	-0.367	-0.228	-0.128	-1.238	0.119	-0.418	-0.88	0.237	-0.421
244	-0.131	-0.166	-0.099	-0.091	0.162	0.906	-0.171	-0.293	-0.219	-0.101	0.321	-0.144	0.092	-0.141	0.442	1.326	0.138	-0.694	0.392	-0.325	0.399	-0.025	0.541	-0.346	0.517	0.4	-0.429	-0.616	-0.077	-0.218	-0.271	-0.014	-0.016	0.374	0.808	-0.124	0.25	0.747	-0.003	0.5	0.789	0.213
245	-1.056	0.971	1.114	-0.067	0.166	-1.085	0.411	-0.819	0.756	0.27	0.578	0.182	-0.558	-0.299	0.594	-0.531	-0.37	0.594	-0.111	0.142	-1.831	0.8	-0.882	0.077	-1.023	-0.999	1.228	1.015	0.746	-0.093	0.445	-0.389	-0.202	0.105	-1.795	0.248	0.16	-1.276	-0.203	-0.807	-0.775	0.651
246	-0.164	0.087	0.336	0.142	-0.177	0.142	-0.037	0.133	0.01	0.836	-0.207	-0.082	-0.178	0.076	0.067	-0.002	0.054	0.367	-0.218	0.087	-0.087	-0.068	-0.334	-0.205	-0.574	-0.069	-0.018	0.487	0.464	-0.425	0.612	-0.181	0.31	-0.016	-0.08	-0.31	0.015	-0.293	0.1	-0.666	-0.017	0.044
247	-0.041	-0.402	0.194	-0.154	-0.3	-0.149	0.157	-0.209	-0.798	-0.034	-0.142	0.246	0.024	-0.087	0.481	0.973	-0.302	-0.148	-0.128	0.76	-0.393	0.078	-0.032	-0.557	0.127	-1.184	-0.365	0.398	0.35	0.232	0.407	-0.475	-0.272	-0.347	-0.966	-0.173	-0.194	-0.068	0.215	-0.183	-1.305	-0.385
248	0.754	-0.464	-0.883	0.729	0.184	-0.509	-0.616	0.361	-0.528	0.072	0.793	-0.61	-0.755	0.047	1.053	0.088	0.034	0.121	1.079	0.029	-0.112	-0.246	-0.041	-0.358	0.499	-0.49	0.732	0.17	1.417	0.806	0.831	1.63	0.945	0.151	0.316	0.802	1.016	-0.94	-0.374	-0.125	0.158	1.277
249	0.151	-0.231	0.258	0.604	0.267	0.732	0.291	0.387	0.047	0.204	0.9	0.247	0.19	0.094	0.75	-0.065	0.042	-0.38	-0.22	0.506	1.243	0.05	1.253	0.293	0.782	-0.49	0.45	0.185	0.957	-0.555	0.037	0.693	0.628	0.155	0.808	-0.125	0.454	-0.177	0.274	0.439	-0.063	0.837
250	-0.766	0.812	-0.176	0.062	0.778	-0.509	1.068	0.021	-1.099	1.673	0.579	-0.473	-1.31	-0.406	1.469	-0.935	-0.148	0.765	0.681	-0.396	-1.457	-0.574	-0.092	-0.776	-0.358	-1.184	0.698	1.304	0.744	-0.72	0.918	1.364	1.176	0.037	-1.229	-0.934	-0.298	0.637	-0.208	-0.922	-0.857	-1.283
251	0.991	-0.937	-0.565	-0.081	0.086	0.972	-0.654	0.997	-0.319	0.864	0.343	0.927	0.299	0.579	0.471	1.326	-0.708	-1.341	-0.965	-1.96	0.616	0.066	1.808	1.07	0.949	0.987	-1.431	-1.173	0.797	0.632	-0.468	-0.017	0.306	-0.012	0.053	1.034	-0.232	0.31	1.279	1.184	1.591	-0.859
252	0.469	-0.041	-0.477	0.406	-0.21	0.732	0.105	-0.217	-0.133	-0.101	-0.35	0.214	0.083	-0.158	-0.487	0.564	-0.024	0.2	-0.06	0.226	-0.583	-0.084	-0.236	-1.395	0.012	0.145	-0.071	0.026	0.383	-0.323	-0.071	0.091	0.31	-0.106	-0.987	0.192	-0.189	-0.506	-0.583	-0.459	0.511	-0.221
253	-0.164	-0.001	-0.282	-0.156	-0.16	-0.291	0.017	-0.176	-0.257	0.382	0.169	-0.362	-0.125	-0.237	0.265	0.373	-0.307	0.379	-0.172	0.029	-0.349	-0.513	-0.479	0.567	-0.343	-0.713	0.507	0.02	0.232	-1.159	0.316	0.393	0.067	-0.692	-0.355	-0.305	0.387	0.598	-0.765	-0.679	0.365	-0.552
254	0.722	-0.112	-0.202	0.052	-0.584	1.086	-0.579	0.203	-0.132	-0.205	-0.346	0.556	0.19	0.297	0.115	0.068	0.656	-0.535	0.184	-0.828	0.399	-0.438	0.304	-0.262	1.3	0.89	-0.816	-0.591	-0.841	0.722	-0.253	-1.263	-0.967	-0.087	0.633	0.449	0.145	0.318	0.123	0.541	0.353	0.213
255	-0.164	-0.378	0.194	0.231	-0.168	0.505	-0.294	-0.057	-0.094	-0.101	-0.221	0.206	0.024	0.069	-0.199	-0.369	0.247	-0.107	-0.264	-0.429	0.399	0.008	0.512	0.319	0.239	0.343	-0.01	-0.601	-0.118	0.232	-0.253	-0.085	-0.241	0.366	-0.296	0.229	0.16	-0.23	-0.003	-0.308	0.571	0.213
256	0.022	-0.58	0.126	0.64	0.281	0.359	0.196	0.166	-0.219	0.149	0.478	1.136	0.237	0.542	0.481	0.705	-0.172	0.429	0.18	-0.346	-0.247	0.08	0.595	-0.412	0.369	-0.49	0.494	0.339	0.838	-0.292	0.331	1.246	0.628	0.035	0.808	-0.124	-0.148	-0.306	0.46	-0.318	0.052	-0.356
257	-0.311	0.145	1.226	-0.512	-0.678	0.757	0.444	-0.62	-0.173	0.853	-0.563	-0.757	-1.406	-0.139	-0.58	-1.172	-0.433	1.106	-0.313	0.902	-1.353	0.307	-0.347	0.567	-1.737	-1.274	-0.966	0.604	-0.265	-0.122	0.122	-1.072	0.067	0.157	-1.474	0.548	1.273	0.214	0.636	0.06	0.529	1.277
258	0.542	-0.132	-0.003	-0.096	1.311	0.788	0.525	0.148	1.38	-0.614	0.818	1.567	0.903	0.362	-0.686	0.173	0.61	-1.079	-0.487	-1.156	0.769	0.573	1.385	0.227	0.797	1.411	0.68	-0.314	1.103	-1.062	-0.57	1.937	-0.095	0.225	-1.238	0.357	-0.377	-0.127	0.892	0.701	1.351	0.213
259	0.617	-0.491	-0.004	0.337	0.475	0.626	-0.403	0.567	-0.472	0.751	0.582	0.415	0.306	0.342	-0.687	0.554	0.25	0.121	0.392	-0.653	-0.579	-0.095	0.172	0.956	0.234	0.145	0.494	0.23	1.271	-0.407	0.101	-0.171	0.549	-0.002	0.459	0.59	0.008	-0.177	-0.106	-0.403	0.306	-0.221
260	-0.367	0.727	0.672	-0.337	0.577	-1.022	0.535	-0.847	1.251	0.246	0.654	0.392	-0.366	-0.346	0.75	-0.436	0.002	0.175	0.271	1.057	-0.767	0.388	-0.337	0.896	-1.005	-0.999	1.013	0.92	0.442	-0.813	0.055	0.808	0.388	0.869	0.046	-0.072	0.902	0.987	0.314	-0.308	-0.332	0.825
261	-0.082	-0.464	-0.642	-0.244	-0.108	0.234	-0.189	-0.138	-1.22	-0.105	-0.19	-0.144	-0.216	-0.252	-0.96	-0.398	-0.06	0.223	-0.404	0.328	0.927	-0.984	-0.463	0.04	0.132	0.343	-0.575	0.052	-0.879	-0.761	-0.148	0.372	-0.706	-0.114	0.808	-0.485	1.104	1.075	-0.583	0.759	0.589	-0.385
262	-0.267	1.186	0.81	0.069	-0.129	0.27	0.972	-0.419	0.844	0.79	0.376	-1.009	-1.429	-0.498	0.793	-0.577	-0.878	0.499	1.255	1.071	-1.842	-0.186	-0.571	-0.54	0.177	-1.463	-0.118	1.772	0.974	0.472	1.173	-0.315	-0.016	0.085	0.174	-0.973	-1.221	-1.677	0.623	-0.17	-1.162	0.191
263	-0.164	0.487	0.339	-0.324	0.553	0.59	0.104	0.664	0.624	1.072	0.888	0.211	-0.217	0.52	1.838	0.466	-0.387	-0.069	0.474	-0.242	-0.29	0.116	1.385	0.455	0.119	0.145	1.138	0.826	0.596	-0.078	0.838	0.051	0.238	-0.118	0.633	-0.042	-0.049	0.287	1.079	0.05	1.351	-0.385
264	0.469	-0.789	-0.929	0.06	0.005	-0.201	-0.268	0.607	-0.683	-0.839	-0.438	-0.331	0.423	-0.098	-0.438	0.032	0.071	0.367	-0.832	-0.028	-0.805	-0.954	-0.632	-0.873	-0.681	0.033	-0.845	0.355	0.656	-0.19	-0.408	0.278	0.146	-0.748	-1	-0.351	0.145	0.594	-0.789	-1.224	-0.61	-0.706
265	0.554	-0.06	0.258	-0.243	-0.012	-0.114	-0.902	0.11	0.624	0.14	-0.2	-0.324	0.198	-0.098	-0.23	-0.116	-0.192	0.108	-1.467	0.252	0.284	0.198	0.25	-0.012	0.002	-0.49	-0.785	-0.146	-0.376	-0.153	-0.07	0.035	-0.111	-0.33	0.521	-0.005	1.167	0.858	-0.229	1.184	0.042	0.213
266	0.991	-0.511	-0.152	0.378	1.008	0.751	0.113	0.607	0.038	0.254	0.652	0.072	-0.069	-0.209	0.909	0.738	-0.685	-0.156	0.047	0.183	-0.201	0.437	0.601	1.099	0.38	-0.49	0.571	1.015	1.494	0.024	0.874	1.281	0.609	0.451	0.808	0.306	1.435	1.263	0.389	1.184	1.284	0.397
267	-0.719	0.192	-0.173	0.305	0.707	0.324	0.207	-0.819	-0.461	0.325	0.427	0.25	-0.773	-0.335	-0.712	-0.088	-0.685	0.086	-0.361	-0.624	-0.64	-0.415	0.73	-0.873	-0.585	-1.374	0.246	-0.567	0.643	-1.095	0.022	0.185	-0.272	-0.475	-0.59	-0.667	0.454	-0.596	0.673	-1.711	0.175	-0.874
268	-0.996	-0.063	0.194	0.224	0.281	-0.325	0.375	0.35	-0.027	-0.787	-0.083	-0.512	0.598	-0.417	0.386	-0.249	-0.176	-0.539	0.147	-0.828	0.254	0.258	1.081	-0.638	-0.343	0.778	0.292	-0.431	0.165	0.268	-0.161	0.372	0.146	-0.33	0.316	-0.667	-0.135	-0.23	-0.583	-1.13	-0.157	-0.703
269	-0.396	0.761	0.714	0.173	0.914	-0.001	0.62	-0.293	0.563	0.965	0.184	-0.283	-0.125	-0.291	1.68	0.834	-0.675	-0.118	-0.22	-0.286	-0.112	0.495	0.599	0.04	-0.003	0.033	1.03	0.339	0.165	-1.009	0.298	0.785	0.693	-0.71	-0.355	-0.404	-0.303	0.368	0.323	-0.318	0.607	-0.703
270	-0.147	0.246	-1.157	0.441	0.499	0.567	-0.923	0.567	-1.086	-1.046	-0.267	0.595	1.269	0.123	-1.178	-0.548	0.111	-0.107	-0.092	0.135	0.674	0.062	1.387	1.07	0.15	1.411	0.018	-0.825	-0.821	-0.118	-0.556	0.669	0.516	0.157	1.128	0.172	1.303	-0.462	0.412	0.759	0.589	0.551
271	0.246	-0.402	-0.34	0.097	0.154	0.567	-0.124	-0.209	-0.073	-0.971	0.111	0.383	0.742	0.335	0.656	-0.144	-0.056	-0.998	-1.085	-0.53	0.722	0.234	0.73	-0.135	0.815	0.453	-0.263	-0.358	-0.019	0.008	-0.238	0.523	-0.111	-0.221	0.633	0.211	-0.603	0.865	0.017	-0.308	0.607	0.213
272	-0.594	-0.486	-0.642	-0.312	-0.791	-0.149	-0.336	0.021	-1.099	-0.706	-0.218	0.386	-0.216	0.362	-0.334	-0.641	-0.06	0.057	-0.464	-0.02	0.332	-0.663	-0.445	-0.66	-0.474	0.033	-0.444	-0.404	-0.265	-0.942	-0.487	-0.697	0.388	-0.352	0.005	-0.355	-0.205	0.342	-0.037	-0.168	-0.701	-0.269
273	0.066	0.308	-0.074	0.108	0.206	0.524	-0.124	0.361	0.508	0.113	0.008	-0.139	0.526	-0.08	0.863	1.326	0.818	0.124	-0.339	-0.624	0.231	0.346	0.06	-1.219	-0.554	1.027	-0.109	0.498	0.745	0.979	-0.166	0.207	0.549	-0.316	-0.355	0.471	0.574	-1.009	-0.229	-0.297	0.522	0.213
274	-0.485	-0.687	-1.444	-0.476	0.01	-0.156	0.509	-0.233	-1.647	1.884	0.384	-0.388	-0.42	-0.34	-0.361	-0.503	-0.985	0.5	-0.548	1.444	-1.441	-0.233	0.012	-1.145	-1.219	-0.157	-0.358	0.977	0.661	-0.835	0.867	1.376	-0.186	-0.486	-1.319	-1.295	-1.298	-1.529	-0.752	-0.994	-0.656	-0.113
275	0.722	0.072	-0.173	0.767	0.588	1.051	0.229	-0.055	0.412	1.014	0.212	-0.082	-0.325	-0.194	-1.178	-0.537	0.282	0.785	-0.631	0.329	0.549	-0.168	-0.353	-0.788	-0.114	-1.566	0.259	0.158	0.039	-0.394	0.52	1.247	0.846	-1.049	0.16	-0.356	-0.293	-0.908	0.726	0.85	0.208	0.213
276	-0.252	-0.038	0.709	0.318	0.004	-0.527	0.404	0.387	0.681	-0.792	-0.242	0.22	1.269	0.031	-0.209	0.201	-0.23	-0.018	0.142	-0.166	0.373	-0.013	0.093	-0.104	0.002	0.448	1.052	0.978	-0.084	-0.924	0.014	-0.059	1.319	0.526	-0.101	0.6	-0.206	-1.172	-0.247	-0.187	0.08	0.058
277	0.754	-0.368	-0.038	-0.743	0.488	-0.563	-0.731	-0.102	0.547	-1.326	-0.651	0.214	0.423	0.105	-0.601	-0.281	0.03	-0.3	-1.022	-1.722	0.847	-0.331	-0.127	0.521	0.946	-0.069	-0.486	-1.173	-1.114	-0.497	-0.765	-0.181	-0.669	0.747	0.735	0.85	-1.436	-0.072	0.243	1.184	1.06	0.044
278	0.405	0.27	-0.004	-0.092	-0.444	-0.357	-0.403	0.024	-0.027	0.505	-0.956	0.362	-0.434	0.367	-0.44	0.215	0.313	0.316	-0.427	0.545	0.209	-0.176	-1.291	-0.348	0.002	0.453	0.189	-0.1	-0.304	-0.337	-0.653	-0.487	-0.967	0.575	-0.447	0.541	-0.108	-0.292	-0.255	0.191	-0.329	0.381
279	-0.978	-0.687	-1.402	-0.709	-0.906	-1.793	-0.413	-0.319	-1.817	-1.01	-1.086	-0.113	0.046	0.003	-1.148	-0.756	0.176	1.087	-1.542	1.388	-0.315	-1.295	-1.691	0.67	-1.261	0.581	-0.748	-0.682	-1.75	0.943	-0.817	-0.384	-1.178	-0.262	-1.784	-0.428	0.493	-0.013	-0.148	-0.331	-1.027	0.551
280	-1.006	-0.156	-1.057	-0.42	-0.121	-0.233	0.867	-0.568	-1.612	0.921	0.305	-1.534	-0.938	-1.14	0.275	-0.63	-0.551	0.216	1.105	-1.003	-0.405	-0.383	-0.326	-0.751	0.239	0.598	-0.375	-0.289	0.015	-1.094	0.203	0.13	-0.449	-0.886	-0.051	-0.342	-0.964	-1.229	-0.953	-1.681	-0.973	-0.887
281	-0.315	0.747	0.274	0.142	0.281	-0.061	0.006	-0.255	-0.103	2.051	-0.033	-0.362	-0.841	-0.019	0.428	-0.174	0.37	-0.345	0.105	-0.369	-0.196	-0.335	0.591	-0.595	-0.245	0.343	0.945	0.666	0.165	-0.323	0.552	0.535	0.319	-0.467	-1.563	-0.662	-0.283	-0.223	-0.583	-0.605	-0.408	-0.703
282	-0.164	-0.535	-0.429	-0.189	-0.361	-0.427	-0.189	-0.655	-0.163	0.064	-0.573	0.556	0.024	0.134	-0.854	0.131	0.075	-0.071	0.334	0.943	-0.329	0.237	-0.683	-0.746	-0.245	0.275	-0.851	-0.358	-1.556	0.507	-0.834	-0.63	-1.062	0.043	-0.41	0.267	-1.836	-0.487	-0.057	0.088	0.3	0.213
283	-0.709	0.747	0.03	0.06	0.256	-0.944	0.465	0.11	-0.145	1.189	0.048	-0.512	-0.841	-0.091	0.216	-0.249	-0.085	0.11	0.206	-0.673	-0.996	0.157	-0.001	-0.429	0.123	0.492	0.327	0.5	0.169	-0.336	0.505	0.114	-0.272	-0.33	-0.518	-1.004	-0.108	-0.143	-0.051	-0.567	-0.063	-1.17
284	-0.628	0.541	0.103	-0.337	0.069	-0.594	0.46	-0.542	-0.164	-0.22	0.348	-1.078	0.3	-0.364	0.119	0.176	-0.388	0.447	1.049	-0.406	-0.495	-0.147	-0.092	-0.295	0.132	-0.157	-0.018	-0.039	0.383	0.391	0.234	0.399	-0.095	0.118	0.157	-0.537	0.249	0.226	-0.003	0.029	-0.013	-0.703
285	0.754	0.123	0.841	0.18	1.004	0.273	-0.18	0.217	0.577	0.166	0.706	-0.105	0.665	-0.42	-1.178	-0.149	0.387	-0.841	0.867	-0.42	-0.559	1.074	0.847	0.956	1.3	0.453	1.277	-0.801	0.468	-0.595	-0.301	1.625	-0.354	0.429	0.174	0.286	1.167	1.47	1.079	0.439	1.284	1.277
286	-0.217	-0.238	-0.03	-0.106	0.802	1.019	0.529	-0.151	0.263	-0.384	1.041	1.062	1.269	0.078	0.241	1.024	0.433	-0.275	1.702	-0.169	1.243	0.616	0.478	0.635	1.281	0.155	0.695	-0.389	0.195	-0.428	-0.313	1.256	0.541	0.719	0.735	-0.166	-0.232	0.126	1.279	1.184	1.207	0.381
287	-0.267	-0.565	0.059	0.305	-0.226	0.505	0.297	0.127	-0.133	-0.767	0.125	0.035	-0.228	-0.129	0.386	-0.644	0.099	0.087	-0.507	-0.113	-0.139	-0.095	0.093	0.441	0.563	-0.393	-0.685	0.23	0.443	-0.336	0.007	0.143	-0.016	-0.33	0.594	-0.31	0.591	-0.249	-0.381	-0.34	0.412	-0.533
288	-0.009	0.652	0.693	-0.012	0.8	0.524	0.853	-0.102	0.663	0.869	0.038	-0.144	-0.421	0.426	0.552	-0.244	-0.359	0.108	-0.101	0.48	0.065	0.8	1.38	-0.099	0.502	0.778	0.507	-0.457	0.473	0.141	0.325	-0.035	0.755	1.023	0.808	0.578	1.43	1.007	0.961	0.759	1.51	0.551
289	-0.164	0.087	-0.162	0.068	0.018	0.505	0.104	-0.609	-0.219	0.099	0.014	0.386	0.024	0.023	0.011	0.179	0.197	-0.12	-0.128	-0.429	-0.245	0.198	-0.281	-0.557	0.239	0.453	-0.133	0.019	-0.307	0.507	0.122	-0.319	0.067	-0.184	-0.296	0.061	-0.815	-0.908	0.1	-0.984	-0.437	0.044
290	-0.321	0.381	0.375	0.052	-0.172	-0.048	0.223	-0.294	-0.66	-0.926	0.079	0.556	1.269	-0.076	0.319	0.384	0.372	-0.664	0.291	0.28	0.077	-0.226	-1.619	0.552	0.027	0.881	-0.816	-0.149	0.019	0.27	-0.885	-0.79	-0.326	0.497	-0.09	0.229	0.913	0.165	0.323	0.265	-0.944	0.397
291	0.151	-0.58	0.102	-0.353	-0.038	-0.408	-0.009	0.517	-0.163	-0.01	0.503	-0.411	-0.323	0.077	0.08	-0.787	0.077	0.431	-0.225	0.287	-0.13	-0.281	-0.532	-0.843	0.507	-0.489	-0.021	0.204	0.59	-0.122	0.391	-0.575	-0.967	0.516	-0.228	0.242	1.652	0.957	1.079	0.759	-0.125	0.551
292	-0.267	-0.228	0.306	0.15	0.707	-0.771	0.104	0.021	-0.963	1.017	0.296	-0.646	-0.637	0.069	-0.6	0.664	-0.486	0.317	-0.383	0.466	-0.914	-0.442	-0.231	-1.299	-0.561	-1.566	0.207	-0.006	0.902	0.714	0.484	0.897	0.137	-0.126	0.416	-0.48	-0.981	0.597	0.491	-0.183	0.175	-1.031
293	0.325	0.087	0.388	0.158	-0.054	0.234	0.099	-0.368	-0.061	0.905	-0.186	0.214	0.024	0.027	-0.32	0.125	-0.117	-0.238	0.105	-0.181	-0.473	0.078	-0.632	-0.654	-0.012	0.033	0.11	-0.358	-0.523	0.232	0.272	0.049	0.459	-0.333	-0.043	0.061	-0.665	-0.562	-0.161	0.511	0.175	-0.385
294	-1.076	-0.06	-0.642	-0.083	-0.012	-0.291	0.246	-0.174	-0.434	-0.006	0.044	-0.331	-0.522	-0.291	-0.334	-0.634	-0.402	0.595	-0.104	-0.406	-0.996	-0.663	-0.664	-0.795	-0.803	-0.284	-0.133	-0.126	-0.626	-0.6	0.137	0.239	-0.016	-0.467	-1	-0.667	-0.871	-0.861	-0.875	-1.224	-0.61	-0.703
295	-0.479	0.384	-0.642	0.386	0.281	-0.343	-0.027	-0.609	-1.072	1.037	0.375	-0.185	-0.716	-0.291	0.216	-0.694	-0.579	-0.044	0.222	-0.322	-0.412	-0.587	0.069	0.04	-0.443	0.145	0.263	0.745	0.263	-0.835	0.671	0.191	-0.016	-0.33	-0.167	-0.364	-0.367	0.218	-0.803	-1.167	-0.746	-1.437
296	0.119	-0.132	-0.67	-0.156	0.227	0.081	0.627	0.185	-0.278	-0.233	-0.052	0.416	-0.514	-0.026	0.564	0.116	0.438	0.446	-0.264	-0.176	0.116	-0.375	0.439	-0.709	0.034	-0.393	0.067	-0.104	0.14	-0.48	-0.196	-0.215	-0.111	-0.33	0.252	-0.702	-1.238	-1.432	-0.421	-0.34	0.052	-0.703
297	-0.286	0.46	0.209	-0.844	-0.396	-1.684	0.503	-0.569	0.38	-0.844	0.521	-1.571	-0.121	-0.692	1.269	-0.89	0.297	-0.664	1.254	-1.285	-0.412	0.243	-0.788	-0.557	0.53	-0.086	1.138	-0.568	-0.64	0.661	-0.225	-1.408	-0.429	0.592	0.162	-0.485	-1.836	-0.664	-0.954	-1.003	-1.229	0.551
298	0.991	-0.296	0.404	0.406	-0.592	1.066	0.105	0.607	0.752	-0.22	-0.148	0.178	0.391	0.255	0.112	-0.049	-0.025	-0.493	0.392	-1.312	0.306	0.05	0.147	0.3	0.312	0.638	-0.619	-0.404	0.192	-0.216	0.203	0.347	-0.354	0.745	0.825	-0.128	0.65	0.651	-0.036	-0.141	-0.618	-1.436
299	-0.562	0.945	0.998	0.421	0.084	-0.052	1.068	-0.17	-0.791	1.324	0.535	-0.883	-0.368	-0.477	0.587	-0.012	0.333	0.607	0.691	-0.234	0.03	0.282	0.306	0.285	0.012	0.778	0.175	0.406	-0.275	-0.407	0.002	-0.54	-0.547	-0.317	-0.938	0.493	0.365	0.323	0.397	-0.993	0.034	-0.887
300	0.469	0.234	1.144	0.37	-0.111	0.181	0.294	0.479	0.571	-0.065	0.202	0.351	0.3	0.516	0.189	-0.511	0.464	-0.12	-0.128	-0.131	0.501	0.034	0.125	0.455	0.7	0.453	-0.01	-0.616	-0.523	0.889	-0.339	-0.706	0.319	-0.221	0.15	-0.346	-0.431	-0.112	-0.003	-0.227	0.607	0.551
301	-0.526	0.38	0.251	-0.179	0.05	-0.444	0.508	-0.687	-0.058	-0.046	0.353	-0.324	-0.268	-0.209	0.112	-0.694	-0.176	-0.003	0.149	-0.02	-0.222	0.181	-0.275	0.127	-0.064	0.453	1.436	-0.395	-0.523	0.507	0.022	-0.697	-0.354	0.113	-0.62	-0.256	-0.932	-1.467	-0.585	-1.064	-0.463	-0.874
302	0.991	0.288	1.402	0.377	-0.08	1.108	-0.857	-0.388	1.126	-1.521	-0.182	1.828	1.269	0.627	-0.687	1.271	0.181	-0.957	1.254	0.773	1.243	-1.319	0.154	0.138	0.334	1.411	-0.726	-1.173	0.253	1.754	-0.507	-0.031	-0.241	1.25	0.66	0.895	-0.231	0.55	0.652	1.184	0.681	1.277
303	0.991	-0.102	0.65	0.251	-0.917	1.169	1.411	0.024	1.384	-1.041	-0.343	0.186	0.711	-0.664	0.135	1.271	-0.358	-0.471	0.691	0.042	0.619	0.882	0.184	0.329	0.334	1.411	0.282	-1.173	-1.319	-0.063	-1.09	-0.228	-1.178	1.25	0.881	0.261	-1.836	-0.168	0.213	0.5	1.591	0.479
304	-0.526	0.481	0.232	0.142	0.163	-0.428	0.105	-0.131	0.033	-0.034	-0.13	-0.856	-0.217	-0.335	0.112	-0.496	0.037	0.031	0.685	-0.29	-0.367	0.063	-0.244	0.04	0.119	0.145	0.357	0.327	0.078	-0.122	0.071	-1.133	0.067	-0.203	-0.487	0.065	-0.383	0.769	-0.371	-0.085	-0.574	0.044
305	-1.427	1.112	1.237	-0.1	0.092	-0.703	1.096	-1.231	-0.113	0.179	0.317	-0.636	-1.119	-0.543	1.289	0.057	-0.78	-0.691	0.979	0.142	-0.39	0.116	0.395	0.227	-0.102	-0.804	1.314	-0.358	-0.15	-0.014	0.484	-0.975	0.52	-0.294	-0.886	-1.047	-1.337	-1.925	-0.629	-1.812	-0.418	-1.592
306	-0.44	-0.535	-0.642	-0.334	-1.029	-0.166	0.135	-0.138	-1.13	-0.079	-0.448	-0.711	-0.522	-0.209	-0.131	-0.793	-0.105	0.369	0.07	-0.051	-0.892	-0.486	-0.619	0.429	-0.803	-0.284	-0.851	0.204	-0.521	-0.396	-0.171	-1.356	-0.016	-0.487	-1.13	-0.708	-1.077	-1.501	-0.875	-0.754	-0.701	0.497
307	0.991	-0.521	0.673	0.42	-0.398	1.085	-0.113	0.821	1.442	-1.216	-0.714	0.683	1.269	0.451	-1.397	-0.17	0.76	-0.266	0.908	-1.055	1.063	0.686	-0.133	-0.046	0.645	1.411	-0.926	-1.173	-1.556	1.754	-1.058	-1.518	-0.967	0.264	-0.142	0.061	0.744	0.973	0.486	0.759	1.144	1.277
308	0.322	0.527	0.769	-0.154	0.355	-0.357	0.441	-1.012	0.724	-1.01	0.351	-0.162	-0.325	-0.297	0.213	-0.045	-0.354	-0.548	1.036	-0.228	-0.196	0.351	0.13	0.293	0.257	0.033	0.696	0.056	-0.074	0.154	0.191	-0.836	0.31	0.349	-0.004	-0.255	-0.815	-0.199	-0.263	-0.672	0.56	0.044
309	-0.591	0.087	0.103	0.15	-0.29	-0.62	0.335	-0.491	0.663	0.257	0.033	-0.183	0.489	-0.008	-0.334	-0.595	-0.161	-0.327	0.054	-0.653	0.549	0.008	0.082	0.441	0.157	-0.305	-0.684	-0.801	-0.781	0.507	-0.242	0.328	-0.354	-0.231	-0.987	-0.173	-0.342	-0.682	-0.003	-0.05	0.607	0.213
310	-0.642	0.793	0.86	-0.094	-0.28	-0.758	1.141	-0.339	1.417	-0.614	-0.195	0.534	0.19	0.162	-0.438	0.095	0.106	0.056	0.858	0.165	-0.432	0.525	0.216	0.785	-0.012	-0.49	1.409	-0.126	-0.525	0.064	-0.301	-1.221	-0.061	0.758	-0.526	-0.085	-1.298	-1.556	0.144	-0.071	-1.347	0.044
311	0.002	0.315	0.477	0.47	0.056	0.567	0.682	0.092	1.276	-0.915	0.014	0.247	0.531	-0.099	-0.121	0.39	0.042	-0.505	0.392	-1.033	0.616	0.408	1.308	0.463	0.365	0.343	-0.444	-0.85	-0.077	0.349	-0.238	-0.793	-0.202	0.376	0.116	0.257	-0.46	-0.067	0.178	-0.487	0.694	-0.533
312	-1.216	0.656	0.364	-0.153	-0.115	-0.735	1.031	-0.609	0.061	0.099	0.411	-0.858	-0.721	-0.656	-0.121	0.125	-0.402	-0.234	0.639	-0.624	-0.457	-0.043	0.468	0.03	0.365	-0.49	0.45	0.426	-0.403	-0.639	0.451	-0.131	0.319	-0.08	-0.46	-0.491	-0.716	-0.378	-0.684	-1.224	0.175	-0.874
313	-0.507	0.192	-0.203	-0.472	-0.282	0.359	0.688	-0.455	0.681	-0.254	0.122	-0.883	-0.014	-0.46	0.481	0.139	-0.279	-0.462	0.887	-0.785	0.082	0.594	0.512	0.444	0.373	0.89	0.263	-0.173	-0.4	0.064	-0.248	-0.635	-0.272	0.249	0.633	-0.11	-0.866	-0.673	-0.583	-0.594	0.08	-0.703
314	0.722	0.357	0.528	-0.079	-0.215	1.158	0.01	0.046	0.798	-1.11	0.203	0.895	0.903	-0.071	0.099	0.162	0.321	-0.834	1.213	-0.346	0.477	0.492	0.386	0.925	1.105	0.881	0.323	0.274	-0.518	1.412	-0.209	-0.066	-0.272	0.7	0.881	0.453	-0.114	-0.423	-0.251	-0.139	0.511	0.655
315	-0.746	1.026	0.554	0.584	0.282	0.377	0.375	-0.095	0.06	0.911	0.524	-0.132	-0.34	0.076	0.288	0.032	-0.229	0.479	0.692	-0.096	-0.328	0.277	0.431	-0.312	0.384	-0.391	0.635	0.844	0.679	-0.292	0.617	-0.181	0.067	-0.136	-0.09	-0.708	-0.368	-0.06	-0.707	-1.412	0.155	-0.565
316	-0.746	0.087	0.258	-0.012	0.215	0.305	0.177	-0.291	-0.078	1.399	0.243	-1.247	-0.841	-0.406	0.01	-0.436	-0.109	0.093	0.376	0.54	-0.213	0.277	0.654	-0.516	-0.227	-0.284	-0.01	0.551	-0.201	0.024	0.037	-0.803	0.067	-0.33	-0.781	-0.31	-0.743	-0.669	-0.597	-0.487	0.235	-0.385
317	-0.958	0.357	0.325	-0.083	0.019	-0.162	0.615	-0.291	1.365	0.179	0.501	-0.113	-0.536	-0.338	0.322	0.265	-0.473	0.71	0.659	-0.409	-0.261	-0.095	-0.372	0.441	-0.209	-0.393	0.323	0.329	-0.14	-0.122	0.558	-0.314	0.238	-0.203	0.26	-0.996	-1.836	-1.109	-1.14	-1.329	-0.877	-1.177
318	-0.919	0.747	0.274	0.142	0.397	-0.038	0.583	-0.455	0.004	0.786	0.202	-0.512	-0.611	-0.091	0.386	-0.249	-0.37	-0.12	0.706	0.226	-0.367	-0.095	0.599	0.3	-0.219	0.033	0.933	0.437	0.065	-0.485	0.552	0.005	0.319	-0.33	-0.367	-0.667	-0.584	0.197	-0.583	-0.772	-0.157	-0.874
319	-0.872	0.497	0.194	-0.083	-0.65	-0.632	0.498	-0.291	-0.044	0.87	0.4	-0.362	-0.821	-0.291	0.508	-0.192	-0.189	-0.266	0.717	-0.917	-0.432	0.129	0.517	1.099	0.39	-0.393	0.136	-0.616	-0.781	-0.277	0.298	-0.907	-0.241	0.131	-0.235	-0.667	-1.836	-1.292	-0.935	-1.224	-0.574	-0.703
320	0.722	-0.635	-0.623	-0.173	-0.115	0.673	-1.039	0.313	-0.761	-0.254	-0.563	-0.512	0.376	-0.169	-0.693	-0.232	-0.544	-0.149	-0.823	-1.253	0.06	-0.678	-0.617	-0.586	0.583	0.145	-1.431	-0.314	-0.331	-0.761	-0.088	0.145	-1.178	-0.708	-0.762	-0.633	-1.217	-0.749	-0.692	-0.893	0.158	-1.177
321	-0.817	0.54	-0.295	-0.029	-0.213	-0.762	-0.091	-0.409	-0.408	0.166	-0.126	-1.07	-1.162	-0.335	0.165	-0.153	-0.157	0.538	0.219	-0.454	-0.923	-0.705	-0.479	-0.943	-0.712	-0.393	0.358	0.327	-0.164	-1.094	0.186	-0.083	-0.202	-0.8	-1.284	-0.667	-0.476	-0.673	-0.707	-1.224	-0.437	-1.016
322	-0.686	0.795	0.194	0.224	0.531	-0.305	0.052	-0.255	-0.103	1.543	0.044	-0.331	-0.34	-0.171	0.554	-0.153	-0.06	-0.054	0.492	0.087	-0.583	-0.227	-0.657	-0.664	-0.246	-0.284	0.872	0.62	-0.282	-0.673	0.552	0.128	0.388	-0.194	-0.966	-0.259	-0.274	-0.23	-1.073	-0.837	-0.528	-0.874
323	0.309	0.056	0.129	-0.557	-0.164	0.14	-0.159	0.048	0.641	-1.01	-0.504	-0.362	0.531	0.11	-0.091	-0.405	0.34	0.072	-0.054	0.943	0.421	0.089	-0.842	0.348	-0.089	0.033	0.126	-0.568	-1.234	0.586	-0.627	-1.077	-0.62	0.349	-0.027	-0.085	-0.53	0.362	0.178	-0.183	0.667	-0.113
324	-0.543	0.783	0.595	0.301	0.442	0.057	0.437	0.127	0.196	0.904	0.33	-0.262	-0.697	-0.128	0.621	-0.029	0.131	0.679	0.23	-0.176	-0.414	0.119	-0.149	-0.396	-0.589	0.248	0.558	0.891	0.476	-0.365	0.671	0.168	-0.015	-0.087	-1.086	-0.537	-0.077	0.11	-0.966	-0.937	0.182	0.044
325	-0.368	0.267	-0.007	-0.502	0.324	-0.291	0.583	-0.652	-0.073	-0.767	-0.446	0.005	0.237	0.408	-0.361	0.002	-0.188	0.538	-1.03	0.898	-0.001	-0.206	0.244	0.03	-0.184	0.343	0.735	-0.132	-0.396	0.125	-0.321	-0.181	-0.272	-0.588	-1.278	-0.537	-0.809	-0.347	-0.405	-0.666	0.317	0.213
326	-1.186	0.578	0.191	-0.154	-0.33	0.102	0.052	-0.745	0.641	-0.276	-0.52	0.214	-0.001	0.272	0.457	-0.548	0.346	-0.093	0.117	0.046	-0.058	0.078	-0.434	0.247	-0.001	0.033	-0.071	0.127	-0.114	-0.395	-0.271	-0.697	-0.241	-0.074	-0.518	-0.072	-0.412	-0.414	-0.003	-0.567	-0.61	-0.385
327	-0.777	1.152	0.466	0.187	0.12	-0.052	0.383	-0.138	0.663	1.029	0.352	-0.027	-0.755	-0.045	0.193	0.077	-0.229	0.316	0.554	-0.242	-0.245	0.164	0.213	-0.709	0.234	-0.49	0.415	0.819	0.347	-0.122	0.822	-0.315	0.319	-0.386	-1.155	-0.124	-0.178	-0.444	-0.873	-1.5	-0.5	-0.874
328	-0.872	0.194	0.258	-0.337	0.001	-0.894	0.297	-0.057	-0.24	0.356	0.048	0.072	-0.566	0.159	0.265	-0.194	-0.176	0.647	0.598	-0.09	-0.283	-0.032	-0.777	-0.543	-0.114	-0.393	0.855	0.377	-0.192	0.086	-0.093	-0.697	-0.354	-0.184	-0.367	-0.124	-0.572	0.291	-0.235	-0.487	-0.95	-0.874
329	-0.686	0.656	-0.345	0.06	-0.397	-0.325	0.273	-0.294	-0.103	0.646	-0.147	-0.711	-0.349	0.22	0.288	-0.436	-0.166	0.082	0.571	-0.077	-0.81	0.008	-0.532	-0.402	-0.705	-0.284	0.269	-0.016	-0.187	-0.394	0.897	-0.465	-0.141	-0.33	-0.908	-0.715	0.021	-0.173	-0.873	-0.5	-0.332	0.213
330	0.423	-0.352	-0.004	0.188	0.545	0.524	-0.856	0.102	-0.906	-0.86	-0.112	0.211	0.024	0.272	-0.334	0.068	0.077	-0.345	-0.06	0.116	0.399	-0.248	-0.03	-0.253	0.259	-0.393	0.415	-0.146	-0.257	-0.014	-0.324	0.637	0.368	-0.546	0.633	-0.404	-0.395	-0.217	0.797	0.759	0.129	0.213
331	0.151	0.217	-0.131	0.458	0.779	0.682	0.322	-0.293	-0.078	0.921	0.201	-0.512	-0.611	-0.497	0.525	-0.436	-0.273	0.841	0.382	0.115	-0.914	-0.206	-0.578	-0.638	-0.114	-0.393	0.323	0.791	0.886	-0.512	0.626	0.95	0.238	-0.168	-0.392	-0.355	0.718	-0.405	-0.583	-0.569	-0.078	-0.385
332	-0.368	0.315	0.405	-0.243	0.18	-0.758	0.682	-0.057	0.563	0.081	0.428	0.035	-0.325	-0.417	-0.229	-0.088	0.021	-0.3	0.974	-0.621	-0.087	0.594	0.81	0.567	0.257	0.598	-0.071	0.377	-0.359	-0.013	0.186	0.145	0.067	-0.06	-0.296	-0.259	0.23	0.185	-0.324	0.088	-0.017	-0.269
333	-0.528	0.217	-0.131	0.164	-0.282	0.181	-0.254	0.312	-0.094	-0.197	-0.269	0.383	-0.069	0.187	0.099	0.301	0.042	-0.62	-0.264	-0.454	0.231	-0.095	0.125	-0.499	0.256	0.453	0.122	0.019	0.144	-0.234	-0.011	0.091	-0.095	-0.262	-0.41	0.046	-0.038	-0.506	-0.106	-0.413	-0.157	-0.113
334	0.022	0.58	0.194	-0.079	0.367	0.491	-0.037	0.355	0.844	-0.034	0.122	0.386	0.19	0.134	-0.031	0.215	0.138	-0.12	0.014	0.63	0.144	0.495	0.194	0.663	0.365	0.248	1.095	0.019	0.132	0.203	0.219	1.281	0.238	-0.106	-0.62	0.229	-0.176	0.162	0.743	-0.308	-0.017	-0.221
335	-0.164	0.604	0.556	0.688	0.914	-0.343	0.577	-0.573	-0.025	0.246	0.258	0.074	-0.268	-0.144	0.704	0.409	0.005	-0.252	0.424	0.252	-0.973	0.164	0.462	0.129	0.132	0.145	1.03	0.352	0.743	-0.321	0.273	0.532	0.766	-0.347	-0.389	-0.09	1.323	1.031	-0.208	-0.482	0.607	-0.533
336	0.991	0.52	0.547	-0.273	-0.067	0.105	0.875	0.694	1.442	-0.977	0.132	-0.362	0.665	-0.385	0.373	0.805	-0.09	-0.805	0.479	-0.583	0.927	1.474	1.34	0.61	0.256	0.598	0.679	-0.825	-0.996	0.561	-0.765	-0.629	-1.178	1.036	0.515	0.753	-0.514	-0.59	-0.257	1.184	0.83	-0.703
337	0.722	-0.296	0.582	-0.235	-0.198	0.128	-0.124	0.117	0.312	-0.982	-0.633	0.206	-0.175	0.172	-0.649	0.566	-0.016	-0.701	-0.309	-0.455	1.063	0.633	-0.211	-0.823	0.365	0.343	-1.431	-0.369	0.537	-0.192	-1.011	0.456	-0.424	-0.01	0.521	0.299	-1.458	0.616	0.806	-0.141	0.353	0.655
338	-0.493	0.747	0.194	-0.083	0.281	-0.305	0.459	-0.255	-0.025	0.888	-0.049	-0.362	-0.155	-0.28	0.386	0.032	-0.076	0.522	0.382	-0.028	-0.914	0.026	-0.098	-0.638	-0.698	-0.49	-0.012	0.737	0.065	-0.835	0.552	0.818	0.766	-0.33	-1.284	-0.256	-0.135	-0.18	-0.765	-1.329	0.271	-1.17
339	0.469	-0.635	-0.713	-0.55	-1.047	1.065	0.167	-0.217	-0.554	-0.377	-0.339	0.718	-0.014	-0.141	1.001	-0.348	-0.579	0.745	0.219	0.921	-0.011	-0.954	-1.407	-0.59	0.147	-0.393	-1.164	-1.173	-1.342	1.134	-0.102	-1.203	-0.354	-0.484	0.808	0.023	-1.609	0.248	-0.374	-0.468	-1.213	-0.552
340	-0.311	-0.041	-0.761	-0.16	-0.393	-0.343	0.058	-0.255	-1.188	-0.046	-0.226	-0.512	-0.522	-0.252	-0.118	0.428	0.215	-0.771	0.091	-0.774	0.722	-0.409	0.887	0.478	-0.349	1.411	-0.201	-0.601	-0.626	-0.365	0.029	-0.24	-0.354	-0.33	-0.936	-0.486	-0.783	-0.625	-0.55	-0.085	0.607	-0.385
341	-0.394	-0.937	-1.746	-0.244	-0.782	-1.894	-0.714	0.9	-2.168	0.084	-0.143	-0.144	-0.937	-0.651	0.132	-1.371	0.052	1.232	-0.871	0.645	-2.409	-1.71	-1.881	-0.828	-2.165	-2.007	-1.431	2.008	0.475	-1.651	-0.238	1.487	-0.272	-1.183	-0.394	-1.787	-1.551	-1.724	-1.07	-1.53	-0.817	-2.544
342	-0.164	0.087	-0.099	0.082	-0.115	-0.149	-0.037	0.021	-0.073	-0.101	-0.448	0.556	0.024	0.105	-0.334	-0.264	0.438	-0.252	-0.383	-0.286	-0.139	0.026	-0.052	-0.262	0.365	0.453	-0.263	0.019	-0.626	0.27	-0.126	-0.319	-0.272	-0.172	-0.999	0.046	0.16	0.334	0.1	0.088	-0.437	0.213
343	-0.164	0.004	-0.803	-0.611	0.659	-1.916	-0.548	0.479	-1.061	-0.002	-0.208	1.165	0.024	-0.045	0.165	0.163	0.026	0.778	-0.376	1.477	-0.056	-0.211	0.299	0.547	-0.579	-1.097	0.569	0.23	0.176	-0.603	-0.047	0.817	-0.524	-0.129	-0.127	-0.305	-1.041	0.318	0.017	0.228	-0.499	0.213
344	-0.164	0.087	-0.761	-0.001	0.076	-0.325	-0.703	-0.093	-1.016	0.072	-0.099	0.383	-0.216	-0.209	-0.121	-0.781	-0.188	0.856	0.138	0.63	-0.495	-0.641	-0.863	-0.573	-1.005	-0.284	0.161	-0.334	-0.674	0.349	-0.11	0.626	0.549	-0.33	-0.228	-0.53	0.78	0.222	-0.057	-0.666	-0.017	0.213
345	-0.303	-0.67	-0.122	0.108	1.019	-0.162	-0.512	0.11	-0.99	-0.903	0.351	-0.028	0.024	0.255	0.594	-0.537	-0.117	-0.355	0.05	0.735	-0.261	-0.726	0.707	-0.045	0.365	0.033	0.843	0.893	0.212	-0.053	-0.157	0.894	0.541	-0.366	0.808	-0.314	0.929	0.507	-0.422	-0.566	0.29	-0.385
346	0.991	-0.937	-0.761	-0.422	-1.179	-0.072	-1.285	0.479	-0.8	-0.994	-1.231	0.541	1.269	0.215	-1.397	0.094	0.893	-0.664	-0.986	-1.184	1.243	-1.116	-0.966	0.346	0.396	-0.157	-1.543	-1.173	-1.75	0.322	-1.036	-0.975	-0.584	-0.329	0.364	-0.007	0.656	1.147	-0.611	0.439	0.353	0.397
347	0.151	-0.001	-0.578	0.187	-0.337	-1.42	-0.691	-0.573	-0.201	1.21	0.075	0.584	-0.816	-0.071	0.308	0.1	-0.273	1.463	-0.61	1.711	-1.842	-0.549	-1.386	-1.027	-1.149	-1.67	0.664	1.88	1.027	-0.924	0.61	1.165	-0.016	-0.672	-0.987	-0.31	-0.536	-0.549	0.406	0.28	-0.572	-0.733
348	0.04	-0.378	-1.196	-0.482	-0.104	-0.13	-1.131	0.092	-0.968	-0.075	-0.45	0.354	0.244	-0.28	-0.758	0.301	0.182	-0.62	-0.782	-0.992	0.399	-0.223	-0.49	0.418	0.38	0.145	-0.472	-0.801	-0.051	0.111	-0.408	0.162	-0.241	0.034	0.086	0.306	-0.583	0.704	-0.102	0.541	0.158	0.551
349	0.151	0.021	0.982	-0.173	0.687	-0.927	-0.036	0.313	1.387	-0.075	-0.4	0.743	0.938	0.511	-0.735	0.107	0.315	-0.701	-0.461	-0.454	-0.139	1.115	0.679	0.04	-0.001	0.453	0.304	-0.173	-0.024	0.349	-0.392	0.278	-0.354	0.272	0.459	0.588	0.395	0.382	0.681	0.759	0.607	1.277
350	-0.267	0.369	-0.099	0.164	0.442	0.505	-0.32	-0.093	0.624	0.204	0.048	0.182	-0.125	-0.249	-0.095	-0.398	0.398	0.06	-0.431	0.165	0.399	0.346	-0.065	0.2	0.502	-0.069	1.213	-0.601	-0.164	-0.497	0.154	0.899	-0.016	-0.312	-0.041	-0.072	-1.137	-1.276	-0.441	-0.719	0.412	0.551
351	-0.252	-0.58	-1.397	-0.927	-0.196	0.567	-0.85	0.239	-1.067	0.14	-0.547	0.375	0.742	0.219	-0.945	-0.309	0.673	-0.413	-0.223	-0.484	0.909	-0.325	-0.16	0.346	0.109	0.725	-1.149	-0.536	-1.077	1.473	-1.09	-0.789	-1.062	0.765	0.633	0.658	0.65	0.624	0.062	1.184	0.376	1.277
352	0.102	-0.107	-0.744	-0.683	0.184	0.216	-0.135	0.028	-0.531	0.769	0.167	-0.711	-0.349	-0.382	-0.438	0.334	-0.728	0.911	0.206	-1.453	-0.144	-0.724	0.552	-0.057	-0.922	0.453	-0.132	-0.238	-0.183	-0.673	0.152	-0.784	-0.326	-0.465	0.16	-0.486	-1.836	-0.95	-1.157	-1.167	0.052	-0.221
353	0.232	0.087	-0.007	-0.091	0.01	0.524	-0.302	0.313	0.08	0.291	0.045	0.247	0.024	-0.155	-0.089	-0.153	0.215	-0.62	0.105	0.029	0.514	0.078	0.468	0.127	0.132	0.453	0.147	-0.358	-0.626	0.391	-0.093	0.487	0.31	0.157	0.459	-0.355	1.016	0.31	0.1	0.85	-0.203	0.213
354	-0.041	-0.789	-0.883	-0.299	-0.504	1.167	-0.171	0.744	-0.296	-0.656	-0.364	-0.688	-0.668	0.014	0.015	-0.477	-0.176	0.693	-0.104	-0.113	0.054	-0.409	-1.114	-0.317	-0.584	-0.393	-0.201	0.329	-0.399	-0.485	0.316	0.615	-0.016	-0.103	-0.46	-0.128	-0.583	0.218	-0.357	-0.487	-0.553	-0.703
355	-0.164	0.202	-0.642	-0.083	0.005	0.195	-0.171	0.092	0.01	-0.101	-0.786	-0.512	0.024	0.069	-0.031	0.068	0.042	0.486	-0.832	-0.113	0.082	-0.206	-0.578	-0.346	-0.219	0.145	-0.338	-0.334	-0.187	-0.647	0.022	-0.311	-0.354	-0.33	-0.447	-0.134	-0.383	-0.328	-0.597	-0.361	-0.017	0.213
356	0.168	-0.565	-0.595	-0.468	-0.393	-0.758	-0.36	-0.061	-1.304	-0.075	-0.093	-0.512	-0.07	-0.045	-0.016	0.461	-0.06	0.263	-0.264	-0.968	-0.449	-0.697	-0.632	-0.638	-0.343	0.033	-0.133	-0.358	-0.051	-0.485	-0.339	0.325	-0.095	-0.203	-1	-0.537	-0.783	-0.284	-0.692	-1.224	-0.017	-0.703
357	-0.164	-0.231	0.15	0.305	0.281	0.292	-0.133	0.158	1.19	0.125	-0.047	0.247	-0.014	0.134	0.288	0.409	0.02	0.587	-0.761	-0.051	0.054	0.057	-0.26	-0.497	-0.577	0.033	0.111	0.377	0.263	-0.277	0.43	0.456	0.549	-0.184	-0.836	0.04	-0.113	-0.531	-0.003	-0.308	-0.27	-0.385
358	0.5	-0.937	-0.868	-0.909	0.018	0.254	-0.703	-0.651	-1.079	-0.711	-0.404	0.247	0.382	0.119	-1.148	0.64	0.058	0.093	-0.095	-0.045	0.04	0.026	0.439	-0.304	-0.089	-0.204	0.415	-1.173	-0.611	0.203	-0.677	-0.424	-0.424	-0.168	0.464	0.42	-1.836	-0.373	-0.093	0.759	0.235	-0.221
359	-1.186	-0.035	-0.981	-0.745	-0.29	-0.532	-0.02	-0.687	0.321	1.468	-0.364	0.911	0.391	-0.267	-1.397	0.79	-0.27	0.768	-0.631	1.477	-0.996	-0.806	-0.778	-1.105	-1.599	0.145	0.207	-0.297	-0.747	-1.389	-0.093	-0.04	-0.62	-0.296	-0.026	-1.179	0.679	-1.178	-0.803	-0.779	-0.228	-0.874
360	0.991	-0.58	0.05	0.047	-1.047	-0.64	-1.035	0.821	0.651	-1.326	-0.267	0.901	0.903	0.135	0.07	1.386	0.539	0.187	0.692	0.625	1.243	0.289	0.256	0.719	0.396	1.411	-0.926	-0.72	-0.104	1.567	-0.489	-0.565	-0.62	1.036	0.825	1.315	1.178	0.768	0.61	1.184	-0.553	1.277
361	0.371	0.656	0.364	0.06	-0.213	0.017	0.442	0.31	-0.189	0.93	-0.049	-0.512	-0.841	-0.291	-0.205	-0.249	0.315	-0.243	0.382	-0.077	-0.504	0.21	-0.44	0.77	-0.139	0.145	0.327	-0.093	0.049	-0.336	0.338	-0.131	-0.584	-0.087	-1.058	0.148	-0.135	-0.217	-0.441	-0.937	0.365	-0.048