     2.000     1.000     1.000     1.000     1.000     0.011
     1.000     1.000     1.000     1.000     2.000    -0.377
     1.000     1.000     1.000     2.000     3.000    -0.199
     0.000     0.000     2.000     0.000     2.000    -0.998
     3.000     2.000     1.000     3.000     1.000     0.750
     2.000     1.000     1.000     1.000     2.000     0.084
     1.000     1.000     2.000     1.000     2.000    -0.198
     2.000     2.000     2.000     2.000     3.000     0.529
     2.000     1.000     2.000     2.000     1.000     0.268
     2.000     0.000     3.000     0.000     2.000     0.171
     2.000     1.000     0.000     1.000     1.000    -0.178
     2.000     1.000     2.000     1.000     3.000     0.338
     2.000     2.000     2.000     0.000     3.000     0.316
     0.000     1.000     1.000     1.000     3.000    -0.810
     2.000     0.000     2.000     1.000     3.000     0.214
     2.000     1.000     2.000     4.000     3.000     0.656
     2.000     2.000     3.000     3.000     3.000     0.791
     2.000     1.000     1.000     1.000     2.000     0.084
     1.000     1.000     0.000     0.000     1.000    -0.838
     3.000     1.000     2.000     3.000     1.000     0.816
     2.000     1.000     1.000     0.000     1.000    -0.120
     2.000     1.000     3.000     1.000     3.000     0.508
     3.000     0.000     4.000     0.000     3.000     0.930
     2.000     1.000     1.000     0.000     2.000    -0.046
     2.000     0.000     1.000     1.000     1.000    -0.112
     2.000     1.000     1.000     3.000     2.000     0.264
     0.000     0.000     2.000     0.000     1.000    -1.079
     1.000     1.000     1.000     0.000     1.000    -0.610
     2.000     1.000     0.000     2.000     1.000    -0.090
     1.000     1.000     0.000     2.000     3.000    -0.403
     2.000     0.000     1.000     0.000     3.000    -0.088
     3.000     0.000     3.000     2.000     3.000     0.932
     1.000     1.000     2.000     0.000     2.000    -0.339
     2.000     0.000     1.000     0.000     3.000    -0.088
     0.000     0.000     0.000     0.000     1.000    -1.609
     2.000     1.000     2.000     1.000     1.000     0.180
     1.000     2.000     1.000     1.000     4.000    -0.075
     1.000     0.000     1.000     1.000     1.000    -0.594
     3.000     3.000     3.000     3.000     3.000     1.380
     4.000     2.000     3.000     4.000     3.000     1.944
     3.000     1.000     1.000     0.000     3.000     0.509
     1.000     0.000     0.000     0.000     1.000    -0.990
     1.000     0.000     1.000     0.000     2.000    -0.671
     1.000     2.000     0.000     1.000     3.000    -0.385
     0.000     0.000     0.000     0.000     3.000    -1.380
     2.000     2.000     2.000     2.000     3.000     0.529
     1.000     0.000     0.000     1.000     2.000    -0.734
     0.000     0.000     1.000     0.000     1.000    -1.283
     3.000     0.000     3.000     3.000     2.000     0.943
     0.000     0.000     1.000     1.000     1.000    -1.100
     0.000     0.000     0.000     1.000     4.000    -1.052
     2.000     3.000     1.000     0.000     2.000     0.154
     1.000     0.000     2.000     1.000     3.000    -0.244
     1.000     1.000     2.000     0.000     3.000    -0.253
     0.000     0.000     0.000     0.000     1.000    -1.609
     0.000     0.000     0.000     0.000     1.000    -1.609
     2.000     1.000     2.000     0.000     3.000     0.210
     2.000     2.000     2.000     3.000     3.000     0.622
     1.000     1.000     0.000     0.000     3.000    -0.662
     2.000     1.000     2.000     2.000     3.000     0.426
     2.000     1.000     3.000     3.000     3.000     0.690
     1.000     0.000     1.000     0.000     2.000    -0.671
     2.000     2.000     1.000     2.000     3.000     0.360
     1.000     0.000     0.000     0.000     1.000    -0.990
     1.000     1.000     1.000     1.000     3.000    -0.292
     1.000     3.000     1.000     3.000     4.000     0.191
     2.000     1.000     2.000     0.000     1.000     0.051
     3.000     1.000     3.000     0.000     2.000     0.758
     1.000     1.000     1.000     1.000     1.000    -0.456
     0.000     2.000     0.000     0.000     2.000    -1.162
     3.000     3.000     2.000     3.000     2.000     1.095
     2.000     1.000     1.000     0.000     3.000     0.037
     1.000     1.000     0.000     1.000     2.000    -0.590
     3.000     1.000     2.000     0.000     4.000     0.778
     1.000     0.000     1.000     0.000     2.000    -0.671
     3.000     2.000     4.000     2.000     3.000     1.381
     3.000     2.000     3.000     3.000     3.000     1.273
     3.000     1.000     3.000     2.000     3.000     1.059
     3.000     0.000     0.000     3.000     2.000     0.421
     1.000     1.000     1.000     1.000     2.000    -0.377
     1.000     0.000     2.000     0.000     2.000    -0.477
     2.000     2.000     2.000     2.000     3.000     0.529
     0.000     0.000     0.000     1.000     2.000    -1.263
     2.000     0.000     0.000     2.000     0.000    -0.302
     0.000     1.000     0.000     1.000     3.000    -1.022
     0.000     2.000     0.000     0.000     3.000    -1.073
     0.000     0.000     0.000     0.000     2.000    -1.489
     2.000     2.000     2.000     1.000     2.000     0.357
     2.000     0.000     2.000     3.000     3.000     0.397
     4.000     3.000     3.000     3.000     3.000     1.893
     0.000     1.000     1.000     0.000     1.000    -1.126
     1.000     3.000     1.000     2.000     3.000     0.001
     1.000     1.000     0.000     0.000     2.000    -0.753
     2.000     2.000     2.000     2.000     3.000     0.529
     0.000     0.000     0.000     1.000     4.000    -1.052
     1.000     2.000     0.000     0.000     2.000    -0.629
     2.000     2.000     1.000     3.000     1.000     0.295
     1.000     1.000     0.000     1.000     4.000    -0.387
     2.000     1.000     2.000     1.000     3.000     0.338
     3.000     1.000     3.000     1.000     2.000     0.879
     3.000     3.000     3.000     3.000     4.000     1.496
     1.000     1.000     2.000     1.000     2.000    -0.198
     3.000     3.000     3.000     4.000     2.000     1.437
     3.000     1.000     2.000     3.000     4.000     1.091
     1.000     1.000     1.000     1.000     2.000    -0.377
     3.000     2.000     3.000     4.000     3.000     1.427
     1.000     1.000     0.000     3.000     2.000    -0.396
     0.000     1.000     1.000     0.000     2.000    -1.044
     1.000     0.000     1.000     0.000     1.000    -0.755
     4.000     2.000     3.000     4.000     3.000     1.944
     1.000     0.000     1.000     0.000     1.000    -0.755
     2.000     2.000     2.000     1.000     3.000     0.442
     1.000     1.000     0.000     0.000     3.000    -0.662
     1.000     0.000     0.000     0.000     2.000    -0.904
     2.000     2.000     2.000     1.000     1.000     0.284
     1.000     2.000     1.000     0.000     2.000    -0.410
     3.000     0.000     3.000     0.000     3.000     0.722
     1.000     0.000     1.000     1.000     2.000    -0.514
     1.000     1.000     0.000     0.000     1.000    -0.838
     2.000     0.000     2.000     1.000     1.000     0.057
     0.000     0.000     0.000     0.000     1.000    -1.609
     1.000     1.000     2.000     1.000     2.000    -0.198
     2.000     0.000     0.000     4.000     3.000     0.168
     1.000     1.000     1.000     1.000     1.000    -0.456
     0.000     0.000     0.000     0.000     3.000    -1.380
     3.000     2.000     3.000     3.000     4.000     1.388
     1.000     1.000     2.000     0.000     3.000    -0.253
     1.000     1.000     1.000     1.000     2.000    -0.377
     3.000     0.000     2.000     3.000     3.000     0.856
     3.000     3.000     3.000     2.000     2.000     1.174
     2.000     2.000     1.000     3.000     3.000     0.454
     3.000     3.000     1.000     4.000     3.000     1.160
     2.000     0.000     2.000     2.000     2.000     0.219
     1.000     0.000     0.000     4.000     2.000    -0.390
     2.000     0.000     1.000     0.000     2.000    -0.171
     1.000     2.000     1.000     1.000     2.000    -0.266
     1.000     1.000     3.000     2.000     3.000     0.137
     1.000     0.000     2.000     2.000     0.000    -0.407
     2.000     1.000     1.000     0.000     3.000     0.037
     2.000     1.000     2.000     0.000     3.000     0.210
     3.000     1.000     2.000     3.000     3.000     0.981
     1.000     0.000     0.000     0.000     0.000    -1.094
     1.000     1.000     1.000     1.000     3.000    -0.292
     3.000     1.000     1.000     0.000     1.000     0.358
     3.000     1.000     1.000     2.000     1.000     0.558
     2.000     2.000     3.000     3.000     3.000     0.791
     1.000     1.000     0.000     0.000     3.000    -0.662
     1.000     1.000     2.000     2.000     2.000    -0.108
     3.000     1.000     3.000     2.000     3.000     1.059
     3.000     1.000     2.000     1.000     2.000     0.708
     3.000     2.000     2.000     3.000     2.000     0.994
     3.000     3.000     3.000     3.000     3.000     1.380
     1.000     1.000     0.000     2.000     1.000    -0.571
     0.000     0.000     0.000     0.000     2.000    -1.489
     1.000     1.000     1.000     0.000     1.000    -0.610
     3.000     3.000     3.000     2.000     3.000     1.270
     1.000     1.000     1.000     1.000     1.000    -0.456
     3.000     1.000     1.000     1.000     3.000     0.628
     1.000     1.000     1.000     2.000     3.000    -0.199
     3.000     0.000     1.000     1.000     3.000     0.510
     1.000     1.000     1.000     1.000     1.000    -0.456
     2.000     0.000     1.000     0.000     1.000    -0.244
     3.000     3.000     2.000     3.000     3.000     1.190
     2.000     2.000     0.000     1.000     3.000     0.082
     1.000     3.000     1.000     1.000     3.000    -0.088
     2.000     0.000     1.000     2.000     3.000     0.132
     2.000     1.000     1.000     3.000     2.000     0.264
     1.000     0.000     0.000     2.000     3.000    -0.543
     2.000     0.000     1.000     3.000     2.000     0.140
     2.000     0.000     2.000     1.000     3.000     0.214
     0.000     0.000     0.000     0.000     0.000    -1.774
     0.000     0.000     1.000     1.000     3.000    -0.941
     1.000     2.000     1.000     3.000     3.000    -0.002
     1.000     1.000     0.000     1.000     1.000    -0.672
     1.000     2.000     1.000     0.000     3.000    -0.323
     2.000     1.000     0.000     1.000     3.000    -0.024
     1.000     1.000     1.000     1.000     3.000    -0.292
     1.000     1.000     1.000     2.000     2.000    -0.283
     2.000     1.000     2.000     1.000     3.000     0.338
     3.000     0.000     3.000     3.000     2.000     0.943
     0.000     1.000     0.000     3.000     2.000    -0.919
     3.000     1.000     1.000     3.000     3.000     0.809
     1.000     0.000     0.000     3.000     3.000    -0.447
     0.000     1.000     0.000     0.000     2.000    -1.297
     2.000     1.000     1.000     1.000     1.000     0.011
     3.000     1.000     1.000     3.000     1.000     0.650
     2.000     2.000     2.000     1.000     3.000     0.442
     1.000     1.000     1.000     3.000     3.000    -0.108
     0.000     0.000     0.000     0.000     2.000    -1.489
     2.000     2.000     0.000     2.000     2.000     0.088
     2.000     1.000     2.000     3.000     3.000     0.520
     2.000     0.000     0.000     0.000     1.000    -0.437
     2.000     1.000     1.000     2.000     2.000     0.172
     0.000     1.000     0.000     0.000     2.000    -1.297
     3.000     0.000     2.000     3.000     3.000     0.856
     0.000     1.000     0.000     0.000     1.000    -1.396
     1.000     0.000     1.000     1.000     1.000    -0.594
     2.000     2.000     0.000     3.000     3.000     0.263
     1.000     1.000     1.000     1.000     2.000    -0.377
     2.000     1.000     1.000     3.000     4.000     0.456
     2.000     2.000     4.000     0.000     4.000     0.796
     3.000     1.000     2.000     3.000     3.000     0.981
     2.000     1.000     2.000     1.000     2.000     0.254
     4.000     0.000     4.000     3.000     4.000     1.882
     1.000     1.000     1.000     1.000     4.000    -0.183
     0.000     0.000     0.000     0.000     3.000    -1.380
     2.000     1.000     2.000     3.000     3.000     0.520
     2.000     2.000     2.000     1.000     4.000     0.546
     0.000     0.000     0.000     0.000     2.000    -1.489
     0.000     1.000     2.000     1.000     3.000    -0.644
     1.000     1.000     2.000     1.000     1.000    -0.275
     1.000     1.000     1.000     0.000     3.000    -0.439
     2.000     2.000     1.000     1.000     1.000     0.115
     0.000     0.000     0.000     0.000     1.000    -1.609
     0.000     0.000     3.000     2.000     3.000    -0.523
     2.000     2.000     1.000     1.000     3.000     0.272
     1.000     1.000     1.000     1.000     2.000    -0.377
     1.000     2.000     0.000     1.000     2.000    -0.472
     3.000     1.000     2.000     3.000     3.000     0.981
     1.000     1.000     1.000     1.000     2.000    -0.377
     3.000     3.000     2.000     2.000     3.000     1.084
     2.000     2.000     2.000     3.000     3.000     0.622
     1.000     1.000     1.000     3.000     2.000    -0.192
     2.000     1.000     2.000     2.000     4.000     0.531
     1.000     1.000     2.000     1.000     2.000    -0.198
     3.000     3.000     0.000     3.000     0.000     0.570
     2.000     2.000     1.000     3.000     3.000     0.454
     4.000     3.000     2.000     3.000     4.000     1.815
     1.000     0.000     1.000     2.000     3.000    -0.330
     2.000     2.000     2.000     2.000     2.000     0.444
     2.000     0.000     3.000     0.000     3.000     0.257
     3.000     4.000     3.000     4.000     1.000     1.506
     2.000     2.000     1.000     1.000     2.000     0.188
     1.000     0.000     0.000     0.000     1.000    -0.990
     1.000     0.000     0.000     1.000     1.000    -0.818
     2.000     2.000     1.000     0.000     3.000     0.144
     4.000     2.000     3.000     3.000     3.000     1.788
     1.000     0.000     1.000     0.000     2.000    -0.671
     1.000     0.000     0.000     0.000     2.000    -0.904
     1.000     1.000     1.000     1.000     2.000    -0.377
     2.000     1.000     2.000     1.000     2.000     0.254
     2.000     1.000     1.000     1.000     3.000     0.167
     3.000     1.000     2.000     4.000     1.000     0.957
     1.000     0.000     1.000     0.000     3.000    -0.581
     2.000     1.000     3.000     0.000     3.000     0.383
     3.000     3.000     3.000     3.000     4.000     1.496
     1.000     1.000     1.000     1.000     2.000    -0.377
     2.000     1.000     1.000     3.000     3.000     0.349
     2.000     2.000     2.000     2.000     2.000     0.444
     1.000     1.000     0.000     0.000     3.000    -0.662
     2.000     1.000     1.000     3.000     3.000     0.349
     4.000     1.000     4.000     0.000     3.000     1.592
     1.000     1.000     0.000     1.000     1.000    -0.672
     1.000     1.000     2.000     1.000     2.000    -0.198
     1.000     1.000     1.000     0.000     2.000    -0.528
     3.000     1.000     2.000     1.000     2.000     0.708
     1.000     1.000     0.000     2.000     2.000    -0.490
     3.000     3.000     2.000     4.000     3.000     1.342
     1.000     3.000     3.000     3.000     3.000     0.411
     1.000     1.000     1.000     1.000     3.000    -0.292
     1.000     0.000     2.000     0.000     3.000    -0.389
     2.000     0.000     3.000     1.000     0.000     0.134
     2.000     2.000     2.000     2.000     2.000     0.444
     2.000     1.000     2.000     0.000     3.000     0.210
     1.000     0.000     2.000     1.000     2.000    -0.329
     1.000     0.000     0.000     1.000     1.000    -0.818
     3.000     1.000     2.000     3.000     2.000     0.890
     1.000     1.000     1.000     1.000     3.000    -0.292
     2.000     1.000     1.000     3.000     3.000     0.349
     2.000     0.000     1.000     0.000     1.000    -0.244
     2.000     1.000     2.000     2.000     2.000     0.341
     1.000     0.000     1.000     0.000     2.000    -0.671
     1.000     0.000     3.000     1.000     2.000    -0.155
     0.000     0.000     0.000     2.000     3.000    -1.067
     0.000     0.000     1.000     0.000     3.000    -1.106
     2.000     1.000     2.000     2.000     2.000     0.341
     1.000     1.000     1.000     3.000     0.000    -0.363
     2.000     1.000     2.000     1.000     2.000     0.254
     3.000     2.000     1.000     0.000     2.000     0.526
     1.000     2.000     0.000     3.000     1.000    -0.361
     3.000     2.000     3.000     3.000     3.000     1.273
     1.000     1.000     1.000     1.000     2.000    -0.377
     1.000     2.000     1.000     0.000     2.000    -0.410
     0.000     0.000     1.000     1.000     1.000    -1.100
     3.000     2.000     3.000     3.000     3.000     1.273
     3.000     2.000     3.000     0.000     4.000     1.062
     3.000     0.000     2.000     0.000     1.000     0.402
     2.000     1.000     2.000     1.000     1.000     0.180
     1.000     2.000     2.000     2.000     3.000     0.077
     1.000     1.000     2.000     1.000     2.000    -0.198
     2.000     0.000     1.000     4.000     3.000     0.362
     3.000     0.000     2.000     0.000     3.000     0.554
     2.000     1.000     2.000     1.000     1.000     0.180
     2.000     1.000     3.000     3.000     3.000     0.690
     3.000     2.000     2.000     2.000     3.000     0.983
     2.000     0.000     2.000     2.000     1.000     0.145
     2.000     2.000     2.000     1.000     2.000     0.357
     1.000     0.000     1.000     0.000     3.000    -0.581
     3.000     2.000     1.000     3.000     1.000     0.750
     1.000     1.000     1.000     1.000     2.000    -0.377
     2.000     2.000     3.000     2.000     2.000     0.612
     1.000     1.000     0.000     2.000     2.000    -0.490
     2.000     2.000     3.000     4.000     4.000     1.026
     0.000     1.000     0.000     0.000     1.000    -1.396
     1.000     0.000     1.000     3.000     4.000    -0.128
     1.000     0.000     0.000     0.000     1.000    -0.990
     2.000     1.000     1.000     2.000     2.000     0.172
     4.000     3.000     4.000     3.000     4.000     2.253
     1.000     0.000     0.000     0.000     0.000    -1.094
     2.000     1.000     1.000     1.000     1.000     0.011
     2.000     1.000     1.000     1.000     2.000     0.084
     2.000     0.000     1.000     2.000     3.000     0.132
     1.000     1.000     3.000     0.000     0.000    -0.337
     1.000     1.000     1.000     0.000     3.000    -0.439
     2.000     2.000     2.000     2.000     1.000     0.372
     2.000     0.000     2.000     1.000     2.000     0.131
     1.000     1.000     1.000     1.000     1.000    -0.456
     0.000     0.000     0.000     0.000     1.000    -1.609
     1.000     1.000     0.000     0.000     1.000    -0.838
     2.000     1.000     2.000     2.000     1.000     0.268
     2.000     3.000     2.000     2.000     4.000     0.726
     2.000     1.000     1.000     3.000     2.000     0.264
     2.000     2.000     3.000     2.000     2.000     0.612
     0.000     1.000     0.000     0.000     3.000    -1.202
     0.000     0.000     1.000     1.000     2.000    -1.021
     3.000     1.000     1.000     1.000     2.000     0.545
     1.000     0.000     3.000     2.000     2.000    -0.065
     3.000     0.000     4.000     2.000     2.000     1.051
     1.000     0.000     1.000     1.000     3.000    -0.427
     0.000     2.000     1.000     0.000     3.000    -0.850
     1.000     0.000     0.000     1.000     0.000    -0.919
     2.000     1.000     0.000     4.000     3.000     0.293
     0.000     0.000     0.000     0.000     0.000    -1.774
     2.000     2.000     3.000     2.000     2.000     0.612
     2.000     1.000     2.000     2.000     3.000     0.426
     1.000     1.000     1.000     1.000     2.000    -0.377
     3.000     3.000     3.000     3.000     3.000     1.380
     1.000     1.000     0.000     0.000     2.000    -0.753
     2.000     2.000     2.000     2.000     3.000     0.529
     0.000     0.000     0.000     0.000     1.000    -1.609
     3.000     1.000     2.000     1.000     3.000     0.794
     2.000     1.000     2.000     1.000     2.000     0.254
     3.000     3.000     2.000     3.000     3.000     1.190
     1.000     0.000     1.000     1.000     4.000    -0.314
     1.000     1.000     1.000     3.000     2.000    -0.192
     2.000     1.000     1.000     1.000     1.000     0.011
     2.000     1.000     2.000     1.000     2.000     0.254
     3.000     1.000     2.000     2.000     4.000     0.988
     2.000     0.000     2.000     0.000     2.000     0.001
     2.000     2.000     1.000     0.000     3.000     0.144
     2.000     1.000     1.000     1.000     3.000     0.167
     4.000     1.000     3.000     4.000     4.000     1.956
     4.000     1.000     3.000     4.000     4.000     1.956
     1.000     0.000     0.000     0.000     3.000    -0.813
     1.000     1.000     1.000     3.000     1.000    -0.268
     1.000     1.000     1.000     2.000     1.000    -0.360
     3.000     0.000     3.000     4.000     3.000     1.185
     0.000     2.000     0.000     0.000     2.000    -1.162
     0.000     2.000     2.000     3.000     2.000    -0.455
     3.000     2.000     2.000     4.000     3.000     1.235
     3.000     1.000     0.000     4.000     3.000     0.755
     1.000     3.000     1.000     2.000     3.000     0.001
     0.000     1.000     0.000     0.000     1.000    -1.396
     2.000     1.000     1.000     3.000     3.000     0.349
     2.000     1.000     1.000     2.000     2.000     0.172
     1.000     1.000     1.000     0.000     0.000    -0.710
     1.000     1.000     0.000     3.000     1.000    -0.477
     2.000     0.000     2.000     0.000     4.000     0.192
     1.000     0.000     0.000     0.000     1.000    -0.990
     1.000     1.000     1.000     3.000     3.000    -0.108
     1.000     1.000     1.000     1.000     2.000    -0.377
     2.000     1.000     2.000     1.000     3.000     0.338
     2.000     0.000     1.000     1.000     2.000    -0.039
     0.000     0.000     0.000     0.000     1.000    -1.609
     4.000     2.000     2.000     4.000     2.000     1.663
     1.000     1.000     1.000     1.000     2.000    -0.377
     2.000     1.000     0.000     1.000     3.000    -0.024
     3.000     3.000     3.000     0.000     3.000     1.053
     0.000     0.000     1.000     0.000     2.000    -1.194
     2.000     3.000     1.000     0.000     3.000     0.239
     2.000     1.000     1.000     2.000     3.000     0.256
     3.000     0.000     2.000     3.000     4.000     0.964
     2.000     0.000     0.000     2.000     2.000    -0.140
     1.000     2.000     1.000     2.000     3.000    -0.091
     0.000     0.000     0.000     0.000     0.000    -1.774
     2.000     2.000     0.000     3.000     3.000     0.263
     3.000     2.000     2.000     2.000     3.000     0.983
