     0.000     2.000     2.000     0.000     0.000    -0.336
     0.000     0.000     0.000     0.000     0.000    -1.220
     0.000     0.000     0.000     0.000     0.000    -1.220
     2.000     2.000     3.000     1.000     3.000     0.837
     1.000     0.000     0.000     1.000     3.000     0.119
     2.000     0.000     0.000     2.000     1.000     0.015
     1.000     0.000     2.000     1.000     0.000    -0.369
     2.000     2.000     2.000     2.000     2.000     0.697
     2.000     2.000     1.000     2.000     1.000     0.432
     2.000     2.000     3.000     2.000     2.000     0.776
     1.000     0.000     2.000     0.000     0.000    -0.580
     3.000     3.000     3.000     3.000     3.000     1.448
     2.000     1.000     1.000     3.000     2.000     0.606
     2.000     2.000     3.000     2.000     2.000     0.776
     2.000     1.000     1.000     1.000     2.000     0.319
     2.000     3.000     3.000     3.000     2.000     1.087
     2.000     1.000     1.000     1.000     3.000     0.526
     2.000     0.000     2.000     0.000     0.000    -0.381
     2.000     0.000     0.000     0.000     0.000    -0.610
     3.000     1.000     2.000     2.000     1.000     0.514
     1.000     1.000     2.000     1.000     2.000     0.234
     2.000     2.000     2.000     2.000     2.000     0.697
     4.000     2.000     2.000     3.000     2.000     1.167
     3.000     1.000     2.000     3.000     1.000     0.655
     1.000     0.000     1.000     1.000     0.000    -0.458
     1.000     1.000     0.000     1.000     1.000    -0.115
     1.000     1.000     1.000     2.000     1.000     0.118
     1.000     1.000     0.000     0.000     1.000    -0.277
     4.000     2.000     0.000     1.000     2.000     0.718
     1.000     1.000     1.000     1.000     1.000    -0.025
     1.000     0.000     0.000     2.000     0.000    -0.395
     2.000     0.000     0.000     2.000     1.000     0.015
     1.000     1.000     1.000     1.000     1.000    -0.025
     0.000     0.000     1.000     3.000     0.000    -0.298
     2.000     1.000     2.000     1.000     0.000     0.005
     2.000     1.000     1.000     2.000     2.000     0.462
     1.000     0.000     0.000     1.000     0.000    -0.586
     1.000     1.000     0.000     1.000     1.000    -0.115
     3.000     1.000     2.000     4.000     2.000     1.004
     0.000     2.000     4.000     2.000     2.000     0.534
     0.000     0.000     0.000     0.000     0.000    -1.220
     2.000     1.000     2.000     3.000     1.000     0.493
     2.000     1.000     1.000     2.000     1.000     0.275
     2.000     3.000     1.000     3.000     0.000     0.553
     2.000     2.000     2.000     3.000     2.000     0.845
     0.000     0.000     1.000     1.000     0.000    -0.672
     1.000     0.000     0.000     1.000     0.000    -0.586
     3.000     2.000     3.000     3.000     2.000     1.085
     2.000     3.000     2.000     2.000     0.000     0.485
     2.000     0.000     0.000     2.000     0.000    -0.211
     0.000     1.000     2.000     0.000     0.000    -0.516
     3.000     2.000     3.000     1.000     0.000     0.415
     1.000     1.000     1.000     0.000     1.000    -0.183
     2.000     2.000     2.000     3.000     1.000     0.652
     1.000     0.000     2.000     2.000     0.000    -0.198
     3.000     1.000     3.000     2.000     1.000     0.590
     3.000     0.000     0.000     1.000     3.000     0.448
     1.000     0.000     0.000     1.000     0.000    -0.586
     1.000     0.000     0.000     2.000     1.000    -0.150
     2.000     2.000     2.000     3.000     1.000     0.652
     3.000     3.000     3.000     3.000     2.000     1.243
     0.000     2.000     0.000     1.000     2.000     0.073
     1.000     0.000     0.000     1.000     0.000    -0.586
     2.000     2.000     3.000     4.000     2.000     1.091
     1.000     1.000     1.000     1.000     1.000    -0.025
     0.000     0.000     1.000     0.000     0.000    -0.962
     2.000     2.000     2.000     2.000     2.000     0.697
     2.000     1.000     0.000     0.000     0.000    -0.348
     1.000     1.000     1.000     1.000     1.000    -0.025
     1.000     0.000     0.000     0.000     0.000    -0.847
     2.000     0.000     0.000     1.000     2.000     0.060
     1.000     1.000     1.000     1.000     1.000    -0.025
     1.000     1.000     0.000     1.000     0.000    -0.339
     0.000     0.000     0.000     0.000     0.000    -1.220
     2.000     2.000     2.000     2.000     2.000     0.697
     2.000     2.000     2.000     2.000     2.000     0.697
     3.000     2.000     3.000     2.000     3.000     1.139
     3.000     3.000     3.000     3.000     2.000     1.243
     0.000     0.000     0.000     0.000     0.000    -1.220
     2.000     0.000     4.000     2.000     2.000     0.539
     3.000     0.000     0.000     0.000     1.000    -0.121
     1.000     0.000     0.000     0.000     0.000    -0.847
     2.000     1.000     0.000     1.000     0.000    -0.169
     1.000     0.000     0.000     2.000     0.000    -0.395
     1.000     0.000     3.000     0.000     0.000    -0.476
     1.000     2.000     1.000     1.000     1.000     0.129
     0.000     0.000     1.000     0.000     0.000    -0.962
     2.000     2.000     2.000     1.000     2.000     0.552
     0.000     0.000     0.000     1.000     0.000    -0.830
     2.000     2.000     2.000     3.000     2.000     0.845
     1.000     0.000     0.000     1.000     0.000    -0.586
     0.000     0.000     0.000     1.000     0.000    -0.830
     1.000     0.000     0.000     1.000     0.000    -0.586
     2.000     1.000     1.000     2.000     2.000     0.462
     3.000     3.000     2.000     4.000     2.000     1.328
     2.000     0.000     2.000     2.000     1.000     0.183
     2.000     1.000     2.000     0.000     0.000    -0.163
     1.000     0.000     1.000     0.000     0.000    -0.683
     2.000     1.000     1.000     1.000     1.000     0.132
     2.000     2.000     2.000     2.000     1.000     0.507
     2.000     0.000     1.000     1.000     0.000    -0.274
     3.000     3.000     3.000     3.000     3.000     1.448
     2.000     1.000     1.000     3.000     1.000     0.418
     1.000     1.000     0.000     1.000     0.000    -0.339
     1.000     0.000     1.000     0.000     0.000    -0.683
     2.000     0.000     1.000     3.000     2.000     0.444
     2.000     0.000     4.000     1.000     1.000     0.201
     2.000     1.000     2.000     0.000     2.000     0.236
     1.000     0.000     0.000     0.000     0.000    -0.847
     2.000     1.000     0.000     1.000     1.000     0.044
     0.000     0.000     0.000     0.000     0.000    -1.220
     2.000     2.000     0.000     2.000     1.000     0.348
     3.000     1.000     1.000     3.000     1.000     0.581
     4.000     2.000     0.000     3.000     4.000     1.476
     1.000     0.000     0.000     1.000     1.000    -0.308
     2.000     0.000     0.000     1.000     2.000     0.060
     1.000     1.000     3.000     1.000     0.000    -0.076
     0.000     0.000     2.000     0.000     0.000    -0.832
     1.000     0.000     0.000     0.000     0.000    -0.847
     2.000     2.000     2.000     2.000     2.000     0.697
     0.000     0.000     0.000     0.000     0.000    -1.220
     2.000     1.000     1.000     2.000     2.000     0.462
     0.000     0.000     0.000     0.000     0.000    -1.220
     3.000     1.000     1.000     1.000     1.000     0.300
     0.000     0.000     0.000     0.000     0.000    -1.220
     2.000     2.000     1.000     2.000     3.000     0.826
     1.000     1.000     1.000     1.000     0.000    -0.237
     1.000     1.000     2.000     1.000     1.000     0.049
     2.000     0.000     1.000     0.000     0.000    -0.474
     1.000     0.000     0.000     0.000     0.000    -0.847
     2.000     2.000     2.000     1.000     1.000     0.364
     0.000     0.000     0.000     0.000     0.000    -1.220
     2.000     1.000     1.000     2.000     1.000     0.275
     0.000     1.000     2.000     0.000     1.000    -0.268
     1.000     0.000     0.000     1.000     0.000    -0.586
     1.000     1.000     1.000     1.000     1.000    -0.025
     2.000     1.000     0.000     0.000     2.000     0.074
     2.000     0.000     3.000     2.000     0.000     0.058
     1.000     0.000     0.000     2.000     0.000    -0.395
     1.000     1.000     2.000     2.000     1.000     0.191
     3.000     2.000     2.000     2.000     2.000     0.859
     2.000     0.000     1.000     0.000     0.000    -0.474
     1.000     1.000     2.000     1.000     1.000     0.049
     2.000     0.000     0.000     0.000     0.000    -0.610
     1.000     0.000     4.000     2.000     1.000     0.186
     1.000     1.000     2.000     0.000     0.000    -0.332
     0.000     1.000     1.000     1.000     1.000    -0.181
     4.000     0.000     2.000     3.000     4.000     1.301
     1.000     0.000     1.000     1.000     0.000    -0.458
     1.000     0.000     0.000     0.000     1.000    -0.492
     0.000     0.000     0.000     0.000     0.000    -1.220
     0.000     0.000     0.000     0.000     0.000    -1.220
     1.000     1.000     1.000     1.000     1.000    -0.025
     0.000     0.000     0.000     0.000     0.000    -1.220
     2.000     3.000     2.000     2.000     0.000     0.485
     2.000     0.000     2.000     1.000     0.000    -0.188
     2.000     2.000     3.000     1.000     1.000     0.442
     3.000     4.000     3.000     4.000     3.000     1.793
     2.000     1.000     2.000     3.000     2.000     0.681
     4.000     4.000     2.000     4.000     3.000     1.905
     0.000     0.000     1.000     0.000     0.000    -0.962
     0.000     0.000     0.000     1.000     0.000    -0.830
     0.000     0.000     0.000     2.000     0.000    -0.604
     2.000     0.000     0.000     0.000     1.000    -0.317
     3.000     2.000     2.000     3.000     1.000     0.813
     3.000     2.000     2.000     1.000     2.000     0.716
     0.000     0.000     1.000     2.000     0.000    -0.473
     2.000     0.000     1.000     1.000     0.000    -0.274
     1.000     1.000     0.000     1.000     0.000    -0.339
     1.000     0.000     1.000     1.000     0.000    -0.458
     0.000     0.000     0.000     0.000     0.000    -1.220
     2.000     1.000     2.000     2.000     2.000     0.537
     1.000     1.000     3.000     1.000     1.000     0.126
     0.000     0.000     1.000     3.000     1.000    -0.069
     2.000     2.000     3.000     3.000     2.000     0.925
     0.000     0.000     0.000     0.000     0.000    -1.220
     1.000     0.000     1.000     1.000     1.000    -0.208
     1.000     0.000     0.000     1.000     0.000    -0.586
     3.000     1.000     1.000     2.000     1.000     0.440
     3.000     0.000     0.000     0.000     2.000     0.076
     3.000     0.000     0.000     1.000     0.000    -0.175
     1.000     0.000     1.000     0.000     0.000    -0.683
     0.000     0.000     0.000     0.000     0.000    -1.220
     0.000     0.000     0.000     1.000     0.000    -0.830
     0.000     0.000     1.000     0.000     0.000    -0.962
     1.000     2.000     2.000     0.000     0.000    -0.163
     2.000     1.000     1.000     1.000     1.000     0.132
     1.000     0.000     1.000     1.000     1.000    -0.208
     0.000     0.000     1.000     0.000     0.000    -0.962
     0.000     0.000     3.000     2.000     0.000    -0.290
     3.000     2.000     2.000     2.000     2.000     0.859
     0.000     0.000     0.000     0.000     0.000    -1.220
     2.000     1.000     1.000     3.000     1.000     0.418
     1.000     1.000     4.000     2.000     1.000     0.350
     1.000     1.000     0.000     0.000     0.000    -0.529
     1.000     0.000     0.000     1.000     2.000    -0.104
     1.000     1.000     1.000     1.000     0.000    -0.237
     0.000     0.000     0.000     0.000     0.000    -1.220
     1.000     2.000     1.000     0.000     2.000     0.158
     2.000     0.000     0.000     1.000     0.000    -0.388
     0.000     1.000     2.000     0.000     0.000    -0.516
     2.000     2.000     2.000     0.000     2.000     0.392
     1.000     1.000     0.000     1.000     0.000    -0.339
     3.000     2.000     2.000     3.000     3.000     1.210
     1.000     0.000     1.000     1.000     0.000    -0.458
     2.000     1.000     1.000     2.000     1.000     0.275
     1.000     1.000     0.000     1.000     1.000    -0.115
     0.000     0.000     1.000     2.000     0.000    -0.473
     3.000     4.000     3.000     3.000     3.000     1.608
     2.000     2.000     1.000     2.000     2.000     0.621
     3.000     3.000     1.000     3.000     1.000     0.900
     1.000     1.000     1.000     1.000     1.000    -0.025
     2.000     0.000     1.000     2.000     1.000     0.106
     2.000     1.000     2.000     2.000     2.000     0.537
     1.000     2.000     3.000     1.000     1.000     0.280
     3.000     1.000     1.000     3.000     1.000     0.581
     1.000     0.000     1.000     1.000     0.000    -0.458
     1.000     0.000     0.000     1.000     0.000    -0.586
     2.000     2.000     2.000     2.000     2.000     0.697
     2.000     2.000     2.000     2.000     2.000     0.697
     2.000     1.000     3.000     0.000     0.000    -0.080
     1.000     0.000     2.000     2.000     0.000    -0.198
     1.000     2.000     2.000     1.000     1.000     0.203
     3.000     1.000     0.000     3.000     2.000     0.687
     1.000     0.000     0.000     1.000     0.000    -0.586
     1.000     0.000     1.000     2.000     0.000    -0.282
     1.000     2.000     3.000     1.000     1.000     0.280
     3.000     3.000     4.000     4.000     3.000     1.722
     1.000     0.000     0.000     1.000     1.000    -0.308
     2.000     2.000     2.000     3.000     2.000     0.845
     0.000     0.000     2.000     1.000     0.000    -0.572
     0.000     0.000     1.000     0.000     0.000    -0.962
     2.000     3.000     3.000     2.000     2.000     0.941
     1.000     1.000     1.000     2.000     1.000     0.118
     0.000     2.000     1.000     2.000     0.000    -0.085
     2.000     1.000     2.000     2.000     1.000     0.350
     2.000     1.000     2.000     1.000     0.000     0.005
     2.000     1.000     1.000     2.000     2.000     0.462
     1.000     0.000     1.000     1.000     1.000    -0.208
     2.000     0.000     0.000     2.000     1.000     0.015
     2.000     1.000     2.000     1.000     1.000     0.206
     2.000     0.000     0.000     1.000     1.000    -0.140
     3.000     0.000     2.000     3.000     2.000     0.684
     4.000     2.000     2.000     3.000     2.000     1.167
     1.000     1.000     2.000     3.000     1.000     0.332
     3.000     2.000     3.000     2.000     3.000     1.139
     1.000     0.000     1.000     0.000     0.000    -0.683
     4.000     1.000     1.000     2.000     2.000     0.780
     2.000     0.000     2.000     0.000     0.000    -0.381
     3.000     3.000     3.000     3.000     3.000     1.448
     2.000     0.000     0.000     2.000     2.000     0.210
     2.000     2.000     4.000     3.000     2.000     1.014
     1.000     2.000     2.000     1.000     0.000     0.004
     2.000     1.000     2.000     1.000     1.000     0.206
     0.000     0.000     0.000     0.000     0.000    -1.220
     1.000     1.000     2.000     2.000     1.000     0.191
     0.000     0.000     0.000     0.000     0.000    -1.220
     1.000     0.000     0.000     0.000     0.000    -0.847
     3.000     2.000     1.000     2.000     1.000     0.596
     2.000     1.000     1.000     2.000     1.000     0.275
     2.000     2.000     2.000     2.000     2.000     0.697
     1.000     2.000     3.000     1.000     1.000     0.280
     2.000     2.000     2.000     2.000     2.000     0.697
     1.000     1.000     1.000     2.000     1.000     0.118
     2.000     1.000     2.000     2.000     2.000     0.537
     2.000     2.000     1.000     3.000     3.000     0.973
     4.000     2.000     3.000     0.000     0.000     0.417
     0.000     0.000     0.000     1.000     0.000    -0.830
     0.000     0.000     0.000     0.000     0.000    -1.220
     0.000     0.000     0.000     0.000     1.000    -0.691
     1.000     1.000     1.000     1.000     1.000    -0.025
     0.000     0.000     0.000     0.000     0.000    -1.220
     1.000     1.000     2.000     2.000     1.000     0.191
     1.000     0.000     0.000     1.000     0.000    -0.586
     1.000     0.000     1.000     1.000     0.000    -0.458
     2.000     2.000     2.000     2.000     2.000     0.697
     0.000     0.000     0.000     0.000     0.000    -1.220
     2.000     0.000     0.000     1.000     0.000    -0.388
     3.000     0.000     1.000     3.000     2.000     0.609
     0.000     0.000     0.000     0.000     0.000    -1.220
     2.000     1.000     1.000     2.000     1.000     0.275
     0.000     0.000     1.000     0.000     0.000    -0.962
     2.000     0.000     0.000     1.000     0.000    -0.388
     2.000     1.000     2.000     1.000     1.000     0.206
     4.000     0.000     2.000     3.000     2.000     0.841
     3.000     2.000     4.000     1.000     3.000     1.084
     2.000     3.000     3.000     3.000     2.000     1.087
     3.000     4.000     4.000     4.000     3.000     1.906
     2.000     1.000     1.000     1.000     1.000     0.132
     2.000     2.000     2.000     1.000     1.000     0.364
     2.000     1.000     1.000     1.000     0.000    -0.072
     0.000     0.000     0.000     0.000     0.000    -1.220
     0.000     0.000     0.000     1.000     0.000    -0.830
     1.000     0.000     0.000     0.000     0.000    -0.847
     0.000     0.000     0.000     0.000     0.000    -1.220
     2.000     0.000     1.000     1.000     1.000    -0.044
     2.000     1.000     1.000     2.000     1.000     0.275
     3.000     2.000     3.000     3.000     2.000     1.085
     0.000     0.000     1.000     0.000     0.000    -0.962
     2.000     1.000     1.000     1.000     1.000     0.132
     2.000     1.000     1.000     2.000     1.000     0.275
     1.000     1.000     1.000     1.000     1.000    -0.025
     4.000     3.000     4.000     3.000     3.000     1.720
     3.000     3.000     2.000     4.000     2.000     1.328
     1.000     3.000     2.000     3.000     1.000     0.653
     0.000     0.000     0.000     0.000     0.000    -1.220
     2.000     1.000     2.000     1.000     1.000     0.206
     2.000     2.000     3.000     0.000     0.000     0.084
     0.000     0.000     1.000     0.000     0.000    -0.962
     1.000     1.000     1.000     1.000     0.000    -0.237
     1.000     0.000     2.000     1.000     1.000    -0.130
     1.000     1.000     2.000     1.000     0.000    -0.158
     0.000     0.000     0.000     0.000     0.000    -1.220
     1.000     1.000     3.000     0.000     1.000    -0.031
     3.000     2.000     2.000     2.000     0.000     0.479
     2.000     2.000     2.000     0.000     0.000     0.002
     2.000     1.000     3.000     1.000     1.000     0.285
     0.000     0.000     0.000     0.000     0.000    -1.220
     1.000     2.000     3.000     1.000     1.000     0.280
     2.000     2.000     1.000     2.000     2.000     0.621
     1.000     0.000     0.000     2.000     0.000    -0.395
     0.000     2.000     1.000     0.000     0.000    -0.419
     2.000     1.000     2.000     1.000     1.000     0.206
     1.000     1.000     0.000     1.000     0.000    -0.339
     1.000     1.000     1.000     1.000     1.000    -0.025
     2.000     0.000     0.000     1.000     0.000    -0.388
     3.000     3.000     2.000     3.000     2.000     1.165
     3.000     4.000     4.000     4.000     3.000     1.906
     2.000     4.000     3.000     2.000     2.000     1.088
     3.000     1.000     3.000     3.000     1.000     0.731
     0.000     0.000     1.000     0.000     0.000    -0.962
     2.000     0.000     3.000     0.000     0.000    -0.285
     0.000     0.000     0.000     0.000     0.000    -1.220
     2.000     2.000     1.000     2.000     1.000     0.432
     2.000     0.000     0.000     1.000     1.000    -0.140
     4.000     2.000     4.000     4.000     3.000     1.745
     0.000     0.000     3.000     0.000     0.000    -0.705
     1.000     0.000     0.000     1.000     0.000    -0.586
     1.000     0.000     0.000     0.000     0.000    -0.847
     0.000     0.000     1.000     0.000     0.000    -0.962
     2.000     0.000     1.000     2.000     0.000    -0.107
     3.000     1.000     3.000     3.000     2.000     0.920
     2.000     2.000     3.000     3.000     3.000     1.130
     2.000     0.000     4.000     2.000     0.000     0.147
     2.000     1.000     3.000     2.000     1.000     0.428
     0.000     0.000     0.000     1.000     0.000    -0.830
     1.000     1.000     1.000     2.000     1.000     0.118
     0.000     0.000     0.000     0.000     0.000    -1.220
     2.000     1.000     2.000     2.000     1.000     0.350
     0.000     2.000     0.000     2.000     0.000    -0.181
     1.000     0.000     0.000     0.000     0.000    -0.847
     3.000     3.000     2.000     4.000     3.000     1.538
     3.000     3.000     2.000     4.000     3.000     1.538
     0.000     0.000     0.000     0.000     0.000    -1.220
     2.000     0.000     2.000     2.000     2.000     0.374
     2.000     1.000     1.000     1.000     1.000     0.132
     2.000     0.000     3.000     1.000     1.000     0.115
     4.000     2.000     2.000     4.000     2.000     1.334
     0.000     0.000     0.000     0.000     0.000    -1.220
     2.000     2.000     2.000     2.000     0.000     0.313
     1.000     2.000     0.000     2.000     1.000     0.186
     1.000     2.000     2.000     2.000     1.000     0.345
     1.000     0.000     3.000     1.000     0.000    -0.276
     0.000     0.000     1.000     0.000     0.000    -0.962
     2.000     2.000     3.000     3.000     2.000     0.925
     0.000     0.000     1.000     0.000     0.000    -0.962
     1.000     1.000     2.000     1.000     1.000     0.049
     0.000     0.000     0.000     0.000     0.000    -1.220
     2.000     0.000     4.000     0.000     1.000     0.037
     1.000     2.000     2.000     3.000     0.000     0.295
     1.000     1.000     1.000     2.000     0.000    -0.083
     2.000     0.000     0.000     2.000     0.000    -0.211
     1.000     3.000     3.000     3.000     0.000     0.541
     0.000     0.000     0.000     0.000     1.000    -0.691
     3.000     4.000     4.000     3.000     2.000     1.488
     1.000     2.000     1.000     2.000     0.000     0.076
     3.000     1.000     2.000     2.000     1.000     0.514
     4.000     0.000     0.000     2.000     2.000     0.542
     0.000     0.000     0.000     1.000     1.000    -0.486
     1.000     0.000     0.000     3.000     0.000    -0.223
     3.000     3.000     3.000     2.000     3.000     1.296
     1.000     0.000     0.000     0.000     0.000    -0.847
     0.000     0.000     2.000     1.000     0.000    -0.572
     0.000     0.000     1.000     1.000     0.000    -0.672
     2.000     0.000     0.000     0.000     0.000    -0.610
     1.000     0.000     1.000     1.000     1.000    -0.208
     2.000     1.000     2.000     2.000     2.000     0.537
