     3.000     1.000     2.000     1.000     2.000     0.077
     0.000     1.000     1.000     2.000     1.000    -0.597
     1.000     3.000     2.000     1.000     0.000    -0.166
     3.000     2.000     2.000     1.000     3.000     0.380
     4.000     4.000     2.000     3.000     1.000     0.811
     3.000     3.000     1.000     1.000     3.000     0.397
     1.000     2.000     1.000     1.000     1.000    -0.335
     2.000     2.000     3.000     3.000     2.000     0.427
     1.000     2.000     2.000     2.000     1.000    -0.093
     2.000     3.000     1.000     3.000     2.000     0.266
     1.000     1.000     3.000     3.000     2.000     0.131
     3.000     2.000     3.000     1.000     2.000     0.414
     2.000     2.000     2.000     0.000     2.000     0.019
     3.000     3.000     3.000     3.000     2.000     0.763
     1.000     1.000     1.000     1.000     3.000    -0.213
     3.000     3.000     3.000     0.000     2.000     0.510
     3.000     3.000     1.000     1.000     3.000     0.397
     2.000     2.000     0.000     1.000     1.000    -0.403
     0.000     0.000     0.000     0.000     0.000    -1.560
     2.000     3.000     3.000     3.000     2.000     0.611
     1.000     2.000     2.000     2.000     0.000    -0.257
     3.000     3.000     3.000     3.000     2.000     0.763
     3.000     3.000     3.000     2.000     4.000     1.016
     3.000     1.000     2.000     2.000     2.000     0.152
     1.000     3.000     1.000     1.000     1.000    -0.169
     1.000     1.000     1.000     3.000     1.000    -0.354
     1.000     1.000     1.000     1.000     1.000    -0.510
     2.000     2.000     1.000     1.000     1.000    -0.202
     2.000     2.000     0.000     2.000     2.000    -0.177
     2.000     2.000     1.000     2.000     1.000    -0.128
     1.000     3.000     3.000     3.000     1.000     0.328
     2.000     2.000     1.000     2.000     3.000     0.159
     2.000     1.000     1.000     2.000     2.000    -0.147
     3.000     3.000     2.000     3.000     1.000     0.422
     2.000     2.000     1.000     3.000     0.000    -0.216
     2.000     1.000     2.000     1.000     2.000    -0.056
     2.000     1.000     0.000     2.000     1.000    -0.504
     1.000     1.000     1.000     2.000     2.000    -0.281
     4.000     4.000     3.000     4.000     3.000     1.463
     3.000     3.000     3.000     3.000     2.000     0.763
     0.000     1.000     0.000     1.000     3.000    -0.583
     1.000     1.000     1.000     3.000     2.000    -0.203
     3.000     2.000     2.000     1.000     2.000     0.239
     3.000     3.000     1.000     1.000     1.000     0.102
     3.000     3.000     2.000     2.000     1.000     0.343
     1.000     1.000     3.000     3.000     2.000     0.131
     2.000     1.000     1.000     2.000     0.000    -0.469
     3.000     2.000     1.000     3.000     1.000     0.084
     2.000     3.000     1.000     3.000     1.000     0.119
     0.000     3.000     0.000     2.000     2.000    -0.303
     3.000     3.000     2.000     1.000     0.000     0.102
     1.000     2.000     1.000     0.000     0.000    -0.605
     1.000     1.000     1.000     1.000     1.000    -0.510
     2.000     3.000     2.000     3.000     3.000     0.570
     2.000     2.000     2.000     1.000     0.000    -0.200
     2.000     1.000     3.000     2.000     1.000     0.037
     3.000     3.000     2.000     2.000     1.000     0.343
     2.000     3.000     0.000     0.000     0.000    -0.508
     2.000     2.000     2.000     1.000     1.000    -0.037
     2.000     2.000     1.000     3.000     0.000    -0.216
     3.000     4.000     3.000     3.000     3.000     1.146
     2.000     2.000     0.000     0.000     0.000    -0.682
     1.000     2.000     0.000     2.000     0.000    -0.644
     3.000     3.000     3.000     4.000     3.000     1.026
     1.000     1.000     1.000     3.000     1.000    -0.354
     2.000     1.000     3.000     3.000     1.000     0.115
     4.000     2.000     2.000     3.000     1.000     0.413
     2.000     4.000     3.000     3.000     3.000     0.986
     1.000     1.000     1.000     2.000     1.000    -0.433
     0.000     2.000     1.000     0.000     0.000    -0.776
     1.000     3.000     2.000     2.000     2.000     0.220
     2.000     2.000     2.000     2.000     2.000     0.178
     1.000     2.000     3.000     0.000     2.000     0.054
     0.000     1.000     3.000     3.000     2.000    -0.027
     2.000     2.000     2.000     2.000     2.000     0.178
     2.000     3.000     2.000     1.000     1.000     0.130
     2.000     3.000     3.000     3.000     2.000     0.611
     3.000     4.000     4.000     4.000     3.000     1.518
     0.000     3.000     1.000     1.000     1.000    -0.328
     4.000     3.000     3.000     3.000     4.000     1.297
     1.000     1.000     1.000     2.000     3.000    -0.137
     0.000     3.000     0.000     2.000     1.000    -0.459
     2.000     1.000     1.000     3.000     1.000    -0.219
     1.000     2.000     1.000     2.000     2.000    -0.112
     3.000     3.000     0.000     0.000     1.000    -0.193
     2.000     1.000     1.000     3.000     1.000    -0.219
     1.000     1.000     0.000     1.000     0.000    -0.927
     4.000     2.000     2.000     3.000     3.000     0.698
     2.000     3.000     1.000     2.000     1.000     0.041
     4.000     3.000     3.000     4.000     3.000     1.221
     0.000     1.000     0.000     0.000     0.000    -1.264
     1.000     1.000     0.000     1.000     0.000    -0.927
     1.000     3.000     1.000     1.000     1.000    -0.169
     2.000     2.000     2.000     2.000     2.000     0.178
     3.000     2.000     2.000     3.000     2.000     0.389
     2.000     2.000     2.000     2.000     1.000     0.036
     3.000     1.000     1.000     0.000     0.000    -0.510
     1.000     1.000     1.000     1.000     1.000    -0.510
     1.000     1.000     1.000     2.000     1.000    -0.433
     2.000     4.000     4.000     3.000     2.000     1.086
     1.000     1.000     1.000     0.000     0.000    -0.794
     3.000     3.000     3.000     3.000     3.000     0.919
     3.000     2.000     3.000     3.000     1.000     0.423
     1.000     2.000     3.000     4.000     1.000     0.244
     1.000     1.000     0.000     3.000     0.000    -0.755
     2.000     3.000     2.000     0.000     1.000     0.041
     3.000     1.000     3.000     1.000     0.000    -0.070
     1.000     1.000     3.000     0.000     1.000    -0.267
     1.000     1.000     2.000     1.000     0.000    -0.506
     3.000     3.000     3.000     4.000     3.000     1.026
     0.000     0.000     0.000     1.000     1.000    -1.138
     2.000     2.000     2.000     1.000     1.000    -0.037
     2.000     1.000     1.000     1.000     1.000    -0.373
     3.000     2.000     1.000     1.000     2.000     0.078
     1.000     2.000     1.000     1.000     1.000    -0.335
     3.000     3.000     3.000     4.000     1.000     0.713
     3.000     3.000     3.000     3.000     4.000     1.102
     0.000     1.000     0.000     0.000     0.000    -1.264
     0.000     1.000     0.000     0.000     1.000    -1.023
     2.000     2.000     2.000     0.000     2.000     0.019
     0.000     2.000     0.000     2.000     0.000    -0.821
     2.000     2.000     2.000     1.000     1.000    -0.037
     1.000     2.000     0.000     0.000     0.000    -0.834
     2.000     1.000     1.000     1.000     1.000    -0.373
     0.000     1.000     0.000     1.000     0.000    -1.128
     3.000     3.000     2.000     2.000     2.000     0.489
     2.000     1.000     0.000     0.000     1.000    -0.685
     1.000     2.000     1.000     1.000     1.000    -0.335
     3.000     2.000     0.000     4.000     1.000    -0.022
     1.000     3.000     1.000     2.000     3.000     0.201
     2.000     2.000     3.000     1.000     2.000     0.273
     1.000     0.000     0.000     0.000     0.000    -1.299
     3.000     3.000     2.000     4.000     3.000     0.813
     1.000     1.000     3.000     2.000     2.000     0.053
     2.000     2.000     4.000     0.000     0.000     0.148
     1.000     2.000     1.000     2.000     1.000    -0.260
     3.000     4.000     1.000     4.000     0.000     0.412
     2.000     2.000     0.000     2.000     0.000    -0.500
     1.000     1.000     0.000     1.000     3.000    -0.417
     3.000     2.000     2.000     2.000     1.000     0.170
     3.000     2.000     3.000     2.000     2.000     0.490
     1.000     3.000     1.000     1.000     1.000    -0.169
     3.000     2.000     2.000     1.000     1.000     0.096
     1.000     1.000     2.000     3.000     2.000    -0.035
     3.000     2.000     3.000     3.000     1.000     0.423
     3.000     3.000     1.000     2.000     2.000     0.327
     3.000     1.000     2.000     1.000     0.000    -0.235
     4.000     3.000     3.000     0.000     1.000     0.536
     3.000     3.000     2.000     3.000     1.000     0.422
     1.000     2.000     1.000     1.000     1.000    -0.335
     2.000     2.000     2.000     1.000     0.000    -0.200
     3.000     0.000     0.000     1.000     0.000    -0.853
     1.000     2.000     1.000     2.000     1.000    -0.260
     0.000     0.000     0.000     0.000     0.000    -1.560
     3.000     4.000     3.000     4.000     3.000     1.256
     1.000     2.000     0.000     1.000     0.000    -0.725
     2.000     2.000     3.000     1.000     3.000     0.417
     4.000     4.000     2.000     3.000     3.000     1.108
     2.000     1.000     1.000     2.000     2.000    -0.147
     2.000     3.000     4.000     3.000     0.000     0.561
     1.000     1.000     0.000     1.000     1.000    -0.728
     1.000     1.000     0.000     0.000     0.000    -1.047
     2.000     3.000     3.000     0.000     1.000     0.213
     0.000     2.000     1.000     1.000     1.000    -0.495
     4.000     4.000     3.000     1.000     2.000     1.008
     2.000     3.000     3.000     4.000     3.000     0.866
     1.000     1.000     1.000     1.000     2.000    -0.357
     2.000     2.000     1.000     1.000     1.000    -0.202
     1.000     1.000     3.000     1.000     1.000    -0.173
     1.000     1.000     1.000     1.000     1.000    -0.510
     3.000     0.000     0.000     2.000     0.000    -0.768
     2.000     2.000     1.000     1.000     1.000    -0.202
     1.000     1.000     1.000     1.000     1.000    -0.510
     1.000     3.000     1.000     3.000     1.000    -0.014
     2.000     3.000     2.000     3.000     3.000     0.570
     2.000     1.000     0.000     1.000     1.000    -0.583
     3.000     1.000     1.000     1.000     1.000    -0.239
     2.000     2.000     1.000     4.000     1.000     0.040
     2.000     2.000     1.000     2.000     1.000    -0.128
     1.000     1.000     3.000     0.000     2.000    -0.115
     1.000     2.000     2.000     2.000     1.000    -0.093
     3.000     3.000     1.000     3.000     1.000     0.259
     3.000     3.000     1.000     4.000     2.000     0.503
     1.000     1.000     0.000     2.000     1.000    -0.647
     1.000     2.000     1.000     2.000     0.000    -0.429
     2.000     1.000     2.000     2.000     2.000     0.018
     2.000     3.000     3.000     2.000     1.000     0.380
     1.000     3.000     1.000     3.000     1.000    -0.014
     2.000     3.000     1.000     1.000     1.000    -0.035
     0.000     1.000     0.000     1.000     1.000    -0.907
     3.000     3.000     2.000     1.000     2.000     0.413
     1.000     0.000     0.000     2.000     0.000    -1.074
     3.000     3.000     3.000     1.000     2.000     0.600
     3.000     1.000     2.000     0.000     2.000    -0.011
     3.000     2.000     0.000     3.000     2.000     0.034
     3.000     2.000     3.000     3.000     2.000     0.570
     2.000     1.000     1.000     2.000     1.000    -0.297
     0.000     2.000     1.000     2.000     1.000    -0.418
     2.000     1.000     1.000     1.000     1.000    -0.373
     3.000     1.000     1.000     2.000     0.000    -0.333
     3.000     2.000     2.000     1.000     1.000     0.096
     3.000     3.000     2.000     2.000     2.000     0.489
     1.000     1.000     0.000     2.000     1.000    -0.647
     3.000     4.000     3.000     3.000     4.000     1.329
     1.000     3.000     2.000     2.000     2.000     0.220
     3.000     2.000     2.000     1.000     2.000     0.239
     3.000     2.000     2.000     2.000     0.000     0.008
     3.000     1.000     2.000     3.000     1.000     0.084
     3.000     0.000     2.000     2.000     2.000    -0.058
     2.000     2.000     3.000     2.000     2.000     0.348
     2.000     1.000     2.000     4.000     0.000    -0.125
     3.000     3.000     2.000     3.000     2.000     0.568
     2.000     3.000     1.000     3.000     1.000     0.119
     4.000     2.000     0.000     0.000     2.000    -0.040
     4.000     1.000     3.000     3.000     1.000     0.429
     3.000     1.000     3.000     3.000     1.000     0.256
     1.000     1.000     1.000     1.000     1.000    -0.510
     0.000     1.000     0.000     1.000     0.000    -1.128
     4.000     3.000     2.000     1.000     2.000     0.583
     2.000     3.000     3.000     3.000     2.000     0.611
     0.000     2.000     4.000     0.000     2.000     0.171
     3.000     3.000     2.000     1.000     1.000     0.268
     4.000     3.000     1.000     0.000     0.000     0.015
     2.000     3.000     3.000     3.000     2.000     0.611
     3.000     1.000     1.000     2.000     1.000    -0.162
     2.000     1.000     1.000     1.000     1.000    -0.373
     4.000     3.000     3.000     2.000     1.000     0.707
     3.000     2.000     3.000     3.000     2.000     0.570
     2.000     1.000     0.000     2.000     1.000    -0.504
     3.000     2.000     2.000     3.000     2.000     0.389
     3.000     1.000     2.000     3.000     1.000     0.084
     1.000     1.000     0.000     2.000     1.000    -0.647
     3.000     3.000     3.000     3.000     1.000     0.611
     2.000     1.000     1.000     1.000     1.000    -0.373
     3.000     2.000     2.000     0.000     1.000     0.008
     2.000     3.000     3.000     2.000     2.000     0.530
     3.000     3.000     1.000     1.000     2.000     0.251
     2.000     2.000     2.000     0.000     2.000     0.019
     3.000     3.000     1.000     2.000     2.000     0.327
     1.000     1.000     1.000     2.000     1.000    -0.433
     1.000     2.000     2.000     1.000     2.000    -0.022
     1.000     1.000     1.000     3.000     2.000    -0.203
     4.000     4.000     4.000     4.000     3.000     1.747
     4.000     3.000     4.000     3.000     2.000     1.209
     4.000     3.000     2.000     0.000     0.000     0.183
     3.000     4.000     3.000     4.000     3.000     1.256
     1.000     1.000     1.000     1.000     1.000    -0.510
     3.000     3.000     3.000     3.000     1.000     0.611
     1.000     2.000     3.000     2.000     1.000     0.072
     3.000     3.000     3.000     3.000     3.000     0.919
     3.000     2.000     1.000     2.000     2.000     0.153
     4.000     4.000     3.000     3.000     3.000     1.343
     2.000     3.000     1.000     0.000     0.000    -0.297
     3.000     2.000     2.000     2.000     1.000     0.170
     3.000     3.000     3.000     3.000     3.000     0.919
     2.000     2.000     1.000     2.000     0.000    -0.294
     1.000     2.000     0.000     0.000     1.000    -0.641
     3.000     4.000     1.000     4.000     1.000     0.578
     2.000     3.000     2.000     3.000     2.000     0.426
     3.000     3.000     3.000     4.000     3.000     1.026
     4.000     2.000     2.000     2.000     2.000     0.478
     1.000     2.000     3.000     2.000     2.000     0.218
     2.000     2.000     2.000     2.000     2.000     0.178
     3.000     3.000     4.000     3.000     3.000     1.179
     3.000     3.000     2.000     1.000     2.000     0.413
     3.000     3.000     3.000     3.000     3.000     0.919
     3.000     3.000     0.000     1.000     1.000    -0.100
     1.000     1.000     1.000     1.000     1.000    -0.510
     3.000     2.000     2.000     2.000     1.000     0.170
     2.000     3.000     1.000     3.000     3.000     0.410
     2.000     1.000     1.000     1.000     0.000    -0.547
     0.000     0.000     0.000     1.000     0.000    -1.395
     1.000     2.000     3.000     3.000     2.000     0.297
     3.000     1.000     1.000     2.000     2.000    -0.012
     1.000     1.000     1.000     1.000     1.000    -0.510
     2.000     2.000     2.000     2.000     2.000     0.178
     1.000     1.000     0.000     3.000     0.000    -0.755
     1.000     2.000     2.000     2.000     2.000     0.051
     2.000     3.000     2.000     2.000     3.000     0.491
     1.000     0.000     0.000     2.000     0.000    -1.074
     2.000     2.000     2.000     2.000     0.000    -0.125
     0.000     1.000     0.000     1.000     0.000    -1.128
     3.000     0.000     1.000     3.000     3.000    -0.004
     2.000     1.000     1.000     0.000     1.000    -0.469
     4.000     2.000     2.000     2.000     2.000     0.478
     4.000     3.000     3.000     0.000     1.000     0.536
     2.000     3.000     4.000     4.000     3.000     1.125
     3.000     3.000     2.000     1.000     2.000     0.413
     2.000     2.000     1.000     2.000     1.000    -0.128
     3.000     2.000     2.000     2.000     1.000     0.170
     1.000     1.000     1.000     1.000     1.000    -0.510
     0.000     3.000     0.000     3.000     0.000    -0.559
     1.000     2.000     0.000     0.000     0.000    -0.834
     0.000     4.000     0.000     0.000     0.000    -0.568
     0.000     3.000     0.000     2.000     0.000    -0.642
     3.000     3.000     1.000     1.000     2.000     0.251
     2.000     1.000     1.000     2.000     1.000    -0.297
     3.000     2.000     3.000     0.000     3.000     0.473
     0.000     1.000     1.000     0.000     0.000    -0.976
     1.000     2.000     3.000     1.000     1.000    -0.004
     2.000     3.000     2.000     3.000     3.000     0.570
     2.000     1.000     2.000     2.000     1.000    -0.128
     2.000     2.000     0.000     4.000     2.000    -0.010
     1.000     2.000     3.000     0.000     1.000    -0.095
     1.000     2.000     3.000     1.000     0.000    -0.171
     1.000     1.000     1.000     1.000     2.000    -0.357
     2.000     2.000     1.000     2.000     2.000     0.018
     4.000     4.000     3.000     3.000     4.000     1.539
     1.000     1.000     0.000     1.000     1.000    -0.728
     1.000     3.000     1.000     1.000     1.000    -0.169
     0.000     3.000     2.000     4.000     2.000     0.234
     1.000     1.000     1.000     2.000     0.000    -0.610
     0.000     0.000     0.000     4.000     0.000    -1.080
     2.000     1.000     3.000     2.000     1.000     0.037
     2.000     3.000     2.000     0.000     2.000     0.187
     3.000     3.000     3.000     3.000     1.000     0.611
     2.000     2.000     1.000     1.000     1.000    -0.202
     0.000     0.000     0.000     0.000     0.000    -1.560
     3.000     1.000     1.000     1.000     3.000     0.056
     2.000     2.000     2.000     2.000     2.000     0.178
     2.000     2.000     0.000     0.000     0.000    -0.682
     2.000     2.000     1.000     2.000     2.000     0.018
     1.000     2.000     2.000     3.000     1.000    -0.017
     0.000     1.000     1.000     1.000     0.000    -0.865
     1.000     1.000     1.000     1.000     1.000    -0.510
     1.000     2.000     1.000     2.000     1.000    -0.260
     4.000     2.000     3.000     3.000     1.000     0.596
     4.000     3.000     3.000     0.000     3.000     0.847
     3.000     3.000     2.000     2.000     2.000     0.489
     1.000     1.000     1.000     4.000     1.000    -0.262
     1.000     0.000     1.000     1.000     3.000    -0.421
     4.000     3.000     3.000     4.000     1.000     0.898
     0.000     0.000     0.000     1.000     0.000    -1.395
     3.000     2.000     1.000     3.000     2.000     0.230
     1.000     2.000     1.000     2.000     0.000    -0.429
     4.000     4.000     2.000     3.000     3.000     1.108
     1.000     2.000     1.000     0.000     1.000    -0.429
     1.000     2.000     2.000     2.000     1.000    -0.093
     1.000     1.000     0.000     2.000     0.000    -0.841
     1.000     2.000     0.000     0.000     2.000    -0.483
     3.000     2.000     2.000     3.000     0.000     0.085
     3.000     2.000     3.000     2.000     2.000     0.490
     3.000     3.000     3.000     4.000     4.000     1.211
     4.000     3.000     1.000     0.000     0.000     0.015
     3.000     2.000     2.000     2.000     2.000     0.313
     1.000     1.000     0.000     2.000     0.000    -0.841
     1.000     2.000     1.000     2.000     3.000     0.030
     0.000     1.000     1.000     1.000     1.000    -0.675
     2.000     2.000     2.000     2.000     2.000     0.178
     2.000     2.000     1.000     2.000     2.000     0.018
     0.000     0.000     0.000     1.000     0.000    -1.395
     4.000     3.000     3.000     3.000     2.000     0.947
     4.000     3.000     3.000     3.000     2.000     0.947
     0.000     0.000     0.000     0.000     0.000    -1.560
     3.000     3.000     1.000     2.000     1.000     0.179
     2.000     1.000     1.000     1.000     1.000    -0.373
     2.000     3.000     0.000     1.000     1.000    -0.236
     0.000     1.000     2.000     0.000     2.000    -0.436
     0.000     0.000     2.000     0.000     0.000    -0.996
     1.000     3.000     3.000     2.000     3.000     0.546
     3.000     2.000     0.000     0.000     1.000    -0.364
     2.000     2.000     2.000     2.000     2.000     0.178
     2.000     1.000     1.000     1.000     1.000    -0.373
     2.000     1.000     3.000     2.000     1.000     0.037
     2.000     2.000     2.000     2.000     2.000     0.178
     1.000     0.000     0.000     2.000     0.000    -1.074
     2.000     1.000     1.000     2.000     1.000    -0.297
     3.000     3.000     3.000     4.000     3.000     1.026
     4.000     1.000     3.000     0.000     0.000     0.011
     3.000     3.000     3.000     4.000     3.000     1.026
     3.000     3.000     2.000     3.000     2.000     0.568
     3.000     3.000     3.000     4.000     2.000     0.867
     1.000     1.000     1.000     0.000     1.000    -0.608
     3.000     2.000     2.000     2.000     2.000     0.313
     3.000     2.000     3.000     2.000     1.000     0.343
     2.000     2.000     2.000     2.000     2.000     0.178
     2.000     2.000     2.000     2.000     3.000     0.317
     3.000     3.000     3.000     0.000     0.000     0.185
     2.000     1.000     1.000     1.000     1.000    -0.373
     2.000     3.000     1.000     2.000     0.000    -0.126
     4.000     3.000     3.000     3.000     2.000     0.947
     2.000     3.000     0.000     0.000     1.000    -0.330
     1.000     2.000     1.000     2.000     2.000    -0.112
     1.000     0.000     1.000     0.000     1.000    -0.819
     0.000     0.000     0.000     0.000     0.000    -1.560
     2.000     3.000     1.000     3.000     2.000     0.266
     2.000     3.000     2.000     1.000     3.000     0.417
