     1.000     1.000     0.000     1.000     1.000    -1.269
     2.000     3.000     2.000     3.000     2.000     0.089
     1.000     2.000     1.000     3.000     3.000    -0.467
     1.000     1.000     1.000     1.000     2.000    -1.073
     0.000     0.000     2.000     4.000     3.000    -0.974
     2.000     3.000     2.000     2.000     3.000     0.092
     3.000     3.000     2.000     2.000     3.000     0.391
     2.000     2.000     2.000     2.000     2.000    -0.350
     2.000     2.000     3.000     3.000     2.000    -0.087
     3.000     2.000     1.000     2.000     3.000    -0.070
     3.000     3.000     2.000     3.000     3.000     0.529
     1.000     1.000     3.000     1.000     3.000    -0.726
     3.000     3.000     2.000     1.000     3.000     0.257
     3.000     3.000     1.000     2.000     2.000     0.123
     2.000     1.000     2.000     1.000     3.000    -0.621
     3.000     4.000     2.000     2.000     4.000     0.949
     1.000     1.000     3.000     2.000     2.000    -0.725
     2.000     3.000     2.000     2.000     3.000     0.092
     3.000     3.000     1.000     2.000     3.000     0.260
     2.000     3.000     3.000     2.000     3.000     0.243
     3.000     3.000     3.000     2.000     3.000     0.553
     2.000     2.000     2.000     2.000     3.000    -0.227
     0.000     0.000     2.000     0.000     4.000    -1.352
     3.000     4.000     1.000     1.000     2.000     0.414
     3.000     3.000     3.000     3.000     3.000     0.695
     1.000     2.000     2.000     2.000     3.000    -0.478
     1.000     2.000     3.000     2.000     2.000    -0.462
     2.000     2.000     2.000     3.000     3.000    -0.102
     4.000     3.000     1.000     1.000     2.000     0.348
     3.000     3.000     3.000     3.000     3.000     0.695
     3.000     2.000     3.000     1.000     2.000    -0.059
     1.000     1.000     3.000     1.000     2.000    -0.840
     2.000     2.000     2.000     2.000     3.000    -0.227
     3.000     2.000     2.000     2.000     2.000    -0.078
     4.000     4.000     4.000     4.000     4.000     2.008
     2.000     1.000     2.000     2.000     2.000    -0.620
     1.000     2.000     2.000     3.000     3.000    -0.356
     2.000     2.000     2.000     2.000     2.000    -0.350
     1.000     0.000     1.000     0.000     4.000    -1.197
     1.000     1.000     2.000     1.000     2.000    -0.970
     1.000     1.000     3.000     3.000     3.000    -0.491
     2.000     2.000     1.000     1.000     1.000    -0.681
     3.000     2.000     3.000     2.000     2.000     0.064
     3.000     3.000     1.000     3.000     3.000     0.395
     4.000     4.000     3.000     3.000     4.000     1.607
     1.000     1.000     3.000     1.000     2.000    -0.840
     3.000     3.000     2.000     2.000     3.000     0.391
     3.000     3.000     2.000     3.000     3.000     0.529
     1.000     2.000     0.000     1.000     3.000    -0.806
     1.000     3.000     3.000     3.000     4.000     0.244
     3.000     4.000     4.000     4.000     1.000     1.164
     2.000     2.000     2.000     1.000     4.000    -0.202
     1.000     3.000     3.000     2.000     3.000    -0.034
     2.000     2.000     3.000     3.000     1.000    -0.188
     1.000     1.000     1.000     2.000     2.000    -0.959
     3.000     3.000     2.000     1.000     2.000     0.119
     1.000     3.000     2.000     2.000     3.000    -0.176
     2.000     2.000     3.000     3.000     2.000    -0.087
     4.000     4.000     2.000     2.000     3.000     1.124
     3.000     2.000     2.000     2.000     3.000     0.049
     0.000     0.000     0.000     1.000     2.000    -1.751
     1.000     2.000     0.000     1.000     2.000    -0.921
     2.000     2.000     2.000     3.000     3.000    -0.102
     2.000     2.000     2.000     1.000     2.000    -0.470
     3.000     3.000     2.000     2.000     3.000     0.391
     3.000     3.000     3.000     1.000     2.000     0.273
     0.000     2.000     2.000     2.000     3.000    -0.718
     2.000     0.000     2.000     2.000     2.000    -0.872
     3.000     3.000     3.000     2.000     3.000     0.553
     2.000     3.000     2.000     2.000     3.000     0.092
     1.000     1.000     3.000     1.000     1.000    -0.935
     3.000     2.000     2.000     2.000     2.000    -0.078
     3.000     4.000     3.000     4.000     3.000     1.245
     3.000     1.000     3.000     2.000     3.000    -0.101
     2.000     2.000     2.000     2.000     2.000    -0.350
     1.000     2.000     2.000     2.000     3.000    -0.478
     3.000     3.000     1.000     2.000     2.000     0.123
     1.000     2.000     0.000     1.000     1.000    -1.019
     3.000     3.000     3.000     3.000     3.000     0.695
     1.000     3.000     0.000     1.000     2.000    -0.627
     2.000     2.000     3.000     3.000     4.000     0.185
     2.000     0.000     3.000     1.000     3.000    -0.739
     2.000     2.000     3.000     2.000     3.000    -0.086
     3.000     2.000     1.000     2.000     3.000    -0.070
     3.000     4.000     1.000     3.000     4.000     0.949
     3.000     3.000     3.000     3.000     3.000     0.695
     3.000     3.000     3.000     2.000     3.000     0.553
     2.000     2.000     1.000     3.000     2.000    -0.341
     0.000     0.000     2.000     1.000     3.000    -1.379
     3.000     3.000     0.000     1.000     3.000     0.029
     2.000     3.000     3.000     2.000     3.000     0.243
     2.000     3.000     3.000     2.000     3.000     0.243
     3.000     3.000     3.000     3.000     3.000     0.695
     3.000     3.000     3.000     3.000     3.000     0.695
     2.000     2.000     0.000     4.000     0.000    -0.496
     3.000     3.000     2.000     3.000     3.000     0.529
     3.000     3.000     3.000     2.000     4.000     0.715
     3.000     3.000     2.000     3.000     3.000     0.529
     2.000     2.000     2.000     2.000     3.000    -0.227
     0.000     0.000     2.000     1.000     0.000    -1.731
     3.000     3.000     2.000     2.000     2.000     0.250
     1.000     1.000     3.000     1.000     3.000    -0.726
     3.000     3.000     2.000     3.000     3.000     0.529
     0.000     3.000     3.000     1.000     3.000    -0.401
     3.000     3.000     3.000     3.000     3.000     0.695
     1.000     3.000     1.000     1.000     2.000    -0.531
     4.000     3.000     3.000     3.000     4.000     1.204
     4.000     3.000     3.000     3.000     2.000     0.896
     3.000     3.000     2.000     3.000     3.000     0.529
     3.000     3.000     3.000     3.000     4.000     0.857
     3.000     3.000     3.000     3.000     3.000     0.695
     3.000     3.000     3.000     3.000     3.000     0.695
     4.000     2.000     3.000     2.000     3.000     0.529
     2.000     2.000     2.000     2.000     3.000    -0.227
     3.000     3.000     3.000     3.000     3.000     0.695
     1.000     2.000     2.000     2.000     2.000    -0.596
     0.000     0.000     0.000     1.000     1.000    -1.870
     1.000     3.000     2.000     3.000     4.000     0.097
     3.000     3.000     3.000     2.000     3.000     0.553
     1.000     2.000     1.000     2.000     1.000    -0.802
     2.000     2.000     2.000     3.000     3.000    -0.102
     2.000     1.000     2.000     1.000     2.000    -0.737
     1.000     2.000     3.000     3.000     4.000    -0.075
     2.000     3.000     2.000     3.000     3.000     0.224
     4.000     3.000     2.000     2.000     3.000     0.745
     3.000     2.000     2.000     2.000     3.000     0.049
     2.000     2.000     1.000     2.000     2.000    -0.463
     2.000     2.000     2.000     2.000     2.000    -0.350
     2.000     3.000     4.000     2.000     4.000     0.588
     2.000     2.000     2.000     2.000     3.000    -0.227
     2.000     2.000     2.000     2.000     3.000    -0.227
     2.000     3.000     3.000     4.000     4.000     0.682
     2.000     2.000     2.000     1.000     3.000    -0.348
     3.000     4.000     3.000     3.000     4.000     1.251
     2.000     0.000     3.000     4.000     4.000    -0.216
     2.000     3.000     2.000     3.000     3.000     0.224
     3.000     2.000     3.000     1.000     4.000     0.216
     3.000     4.000     3.000     3.000     4.000     1.251
     1.000     2.000     2.000     2.000     3.000    -0.478
     3.000     2.000     4.000     2.000     2.000     0.247
     2.000     2.000     2.000     3.000     3.000    -0.102
     3.000     3.000     0.000     1.000     3.000     0.029
     3.000     2.000     2.000     2.000     3.000     0.049
     3.000     2.000     3.000     3.000     4.000     0.469
     2.000     1.000     3.000     3.000     4.000    -0.104
     1.000     2.000     1.000     1.000     3.000    -0.707
     4.000     3.000     3.000     3.000     2.000     0.896
     1.000     3.000     3.000     2.000     3.000    -0.034
     2.000     3.000     3.000     3.000     3.000     0.377
     2.000     3.000     2.000     2.000     3.000     0.092
     2.000     1.000     3.000     3.000     4.000    -0.104
     3.000     4.000     3.000     3.000     3.000     1.094
     1.000     2.000     2.000     2.000     2.000    -0.596
     3.000     3.000     0.000     3.000     3.000     0.294
     3.000     2.000     3.000     0.000     3.000    -0.062
     3.000     3.000     3.000     3.000     3.000     0.695
     1.000     1.000     1.000     1.000     1.000    -1.168
     2.000     1.000     1.000     1.000     3.000    -0.730
     2.000     2.000     3.000     2.000     3.000    -0.086
     2.000     1.000     2.000     1.000     3.000    -0.621
     2.000     3.000     2.000     3.000     3.000     0.224
     3.000     3.000     3.000     2.000     3.000     0.553
     0.000     3.000     3.000     3.000     3.000    -0.153
     3.000     3.000     3.000     2.000     3.000     0.553
     3.000     1.000     2.000     2.000     2.000    -0.357
     2.000     3.000     3.000     1.000     3.000     0.113
     2.000     1.000     2.000     3.000     3.000    -0.382
     2.000     3.000     3.000     1.000     2.000    -0.020
     0.000     0.000     0.000     3.000     3.000    -1.345
     1.000     3.000     2.000     1.000     3.000    -0.298
     0.000     1.000     3.000     4.000     4.000    -0.445
     2.000     3.000     2.000     2.000     3.000     0.092
     2.000     1.000     2.000     3.000     3.000    -0.382
     2.000     1.000     2.000     2.000     2.000    -0.620
     3.000     3.000     3.000     2.000     3.000     0.553
     2.000     2.000     3.000     2.000     3.000    -0.086
     1.000     2.000     2.000     2.000     3.000    -0.478
     3.000     3.000     2.000     2.000     3.000     0.391
     2.000     3.000     2.000     2.000     3.000     0.092
     3.000     1.000     3.000     0.000     3.000    -0.345
     4.000     3.000     3.000     3.000     4.000     1.204
     1.000     2.000     2.000     1.000     2.000    -0.714
     1.000     3.000     1.000     3.000     1.000    -0.390
     2.000     3.000     3.000     2.000     3.000     0.243
     3.000     3.000     3.000     3.000     3.000     0.695
     2.000     2.000     3.000     3.000     3.000     0.040
     2.000     3.000     3.000     3.000     3.000     0.377
     1.000     2.000     3.000     2.000     2.000    -0.462
     2.000     2.000     2.000     2.000     3.000    -0.227
     3.000     3.000     3.000     3.000     3.000     0.695
     2.000     4.000     3.000     2.000     2.000     0.519
     0.000     3.000     2.000     2.000     3.000    -0.418
     2.000     2.000     3.000     2.000     3.000    -0.086
     3.000     3.000     2.000     2.000     3.000     0.391
     3.000     3.000     3.000     3.000     3.000     0.695
     4.000     4.000     1.000     0.000     3.000     0.737
     2.000     3.000     1.000     2.000     3.000    -0.031
     3.000     3.000     2.000     1.000     3.000     0.257
     3.000     3.000     3.000     3.000     3.000     0.695
     1.000     2.000     2.000     3.000     2.000    -0.475
     2.000     3.000     2.000     2.000     2.000    -0.040
     1.000     2.000     2.000     2.000     2.000    -0.596
     3.000     3.000     3.000     2.000     3.000     0.553
     0.000     0.000     0.000     0.000     0.000    -2.188
     2.000     2.000     3.000     3.000     4.000     0.185
     2.000     2.000     1.000     1.000     3.000    -0.463
     3.000     3.000     3.000     4.000     4.000     1.014
     2.000     2.000     0.000     2.000     2.000    -0.561
     3.000     3.000     0.000     2.000     4.000     0.315
     3.000     1.000     2.000     1.000     3.000    -0.356
     1.000     2.000     3.000     1.000     4.000    -0.316
     3.000     2.000     1.000     1.000     3.000    -0.191
     2.000     3.000     3.000     2.000     3.000     0.243
     2.000     2.000     2.000     2.000     3.000    -0.227
     0.000     0.000     1.000     1.000     4.000    -1.328
     2.000     2.000     3.000     0.000     3.000    -0.338
     3.000     3.000     2.000     3.000     3.000     0.529
     4.000     4.000     3.000     3.000     3.000     1.434
     2.000     1.000     2.000     2.000     3.000    -0.503
     2.000     2.000     2.000     2.000     2.000    -0.350
     3.000     3.000     3.000     3.000     4.000     0.857
     1.000     2.000     3.000     3.000     4.000    -0.075
     4.000     4.000     3.000     3.000     4.000     1.607
     3.000     2.000     3.000     2.000     2.000     0.064
     3.000     3.000     2.000     2.000     3.000     0.391
     2.000     1.000     2.000     2.000     2.000    -0.620
     2.000     3.000     3.000     3.000     3.000     0.377
     1.000     1.000     2.000     1.000     2.000    -0.970
     3.000     3.000     1.000     2.000     3.000     0.260
     3.000     3.000     2.000     2.000     2.000     0.250
     2.000     3.000     4.000     2.000     3.000     0.436
     2.000     3.000     3.000     2.000     3.000     0.243
     2.000     2.000     2.000     2.000     3.000    -0.227
     2.000     2.000     2.000     2.000     3.000    -0.227
     1.000     1.000     2.000     1.000     3.000    -0.858
     2.000     3.000     3.000     2.000     3.000     0.243
     2.000     2.000     2.000     2.000     1.000    -0.450
     2.000     2.000     2.000     3.000     3.000    -0.102
     2.000     1.000     2.000     2.000     2.000    -0.620
     2.000     3.000     3.000     3.000     3.000     0.377
     2.000     2.000     2.000     2.000     3.000    -0.227
     2.000     3.000     3.000     3.000     3.000     0.377
     3.000     3.000     3.000     0.000     3.000     0.272
     2.000     2.000     3.000     2.000     3.000    -0.086
     1.000     1.000     1.000     3.000     1.000    -0.936
     0.000     0.000     0.000     1.000     1.000    -1.870
     3.000     3.000     2.000     3.000     3.000     0.529
     1.000     3.000     2.000     2.000     1.000    -0.400
     2.000     2.000     3.000     3.000     3.000     0.040
     2.000     3.000     1.000     1.000     3.000    -0.157
     2.000     3.000     2.000     3.000     3.000     0.224
     2.000     2.000     1.000     1.000     3.000    -0.463
     3.000     3.000     3.000     3.000     3.000     0.695
     2.000     3.000     3.000     2.000     2.000     0.107
     1.000     2.000     2.000     3.000     3.000    -0.356
     2.000     2.000     1.000     2.000     2.000    -0.463
     2.000     2.000     3.000     2.000     4.000     0.060
     4.000     4.000     3.000     3.000     3.000     1.434
     3.000     3.000     2.000     2.000     3.000     0.391
     1.000     1.000     1.000     2.000     1.000    -1.054
     2.000     2.000     3.000     1.000     2.000    -0.332
     1.000     1.000     1.000     1.000     2.000    -1.073
     4.000     3.000     4.000     4.000     4.000     1.544
     1.000     2.000     1.000     2.000     3.000    -0.589
     1.000     0.000     2.000     1.000     1.000    -1.329
     3.000     2.000     2.000     2.000     2.000    -0.078
     3.000     3.000     2.000     2.000     4.000     0.550
     3.000     3.000     3.000     2.000     3.000     0.553
     3.000     3.000     2.000     2.000     4.000     0.550
     2.000     2.000     0.000     2.000     3.000    -0.440
     3.000     3.000     2.000     2.000     3.000     0.391
     2.000     3.000     3.000     2.000     2.000     0.107
     2.000     2.000     1.000     1.000     2.000    -0.582
     2.000     3.000     3.000     2.000     3.000     0.243
     2.000     3.000     3.000     2.000     3.000     0.243
     2.000     2.000     2.000     2.000     2.000    -0.350
     1.000     1.000     3.000     1.000     3.000    -0.726
     3.000     3.000     3.000     4.000     4.000     1.014
     2.000     2.000     2.000     1.000     2.000    -0.470
     3.000     3.000     3.000     3.000     4.000     0.857
     2.000     2.000     2.000     2.000     3.000    -0.227
     2.000     2.000     2.000     2.000     3.000    -0.227
     2.000     3.000     2.000     2.000     2.000    -0.040
     3.000     2.000     2.000     2.000     1.000    -0.179
     3.000     3.000     2.000     2.000     3.000     0.391
     3.000     3.000     3.000     2.000     3.000     0.553
     2.000     3.000     2.000     3.000     4.000     0.376
     2.000     2.000     2.000     1.000     3.000    -0.348
     3.000     3.000     3.000     3.000     3.000     0.695
     2.000     3.000     1.000     2.000     3.000    -0.031
     2.000     3.000     3.000     2.000     3.000     0.243
     2.000     0.000     2.000     2.000     3.000    -0.755
     2.000     3.000     4.000     2.000     3.000     0.436
     1.000     1.000     3.000     3.000     1.000    -0.702
     2.000     4.000     3.000     2.000     4.000     0.794
     2.000     3.000     2.000     2.000     3.000     0.092
     3.000     3.000     1.000     3.000     3.000     0.395
     1.000     2.000     2.000     1.000     2.000    -0.714
     3.000     3.000     3.000     0.000     3.000     0.272
     2.000     2.000     2.000     2.000     2.000    -0.350
     2.000     2.000     2.000     2.000     2.000    -0.350
     3.000     3.000     2.000     3.000     3.000     0.529
     1.000     4.000     3.000     1.000     1.000     0.044
     4.000     4.000     2.000     3.000     2.000     1.111
     3.000     3.000     3.000     1.000     3.000     0.416
     3.000     3.000     2.000     3.000     3.000     0.529
     2.000     2.000     3.000     3.000     3.000     0.040
     2.000     1.000     0.000     1.000     1.000    -1.039
     3.000     3.000     3.000     3.000     2.000     0.545
     3.000     2.000     2.000     3.000     3.000     0.175
     1.000     2.000     2.000     3.000     3.000    -0.356
     3.000     2.000     4.000     2.000     4.000     0.523
     3.000     3.000     3.000     2.000     2.000     0.407
     3.000     3.000     2.000     2.000     3.000     0.391
     4.000     1.000     2.000     3.000     4.000     0.353
     2.000     2.000     3.000     1.000     3.000    -0.208
     3.000     3.000     3.000     3.000     3.000     0.695
     3.000     4.000     2.000     2.000     4.000     0.949
     3.000     3.000     2.000     2.000     3.000     0.391
     2.000     2.000     2.000     1.000     2.000    -0.470
     3.000     1.000     2.000     3.000     3.000    -0.117
     1.000     1.000     1.000     1.000     4.000    -0.820
     1.000     1.000     2.000     1.000     2.000    -0.970
     4.000     4.000     2.000     2.000     2.000     0.981
     3.000     3.000     3.000     3.000     3.000     0.695
     3.000     4.000     4.000     1.000     3.000     1.009
     2.000     2.000     2.000     2.000     3.000    -0.227
     1.000     3.000     3.000     1.000     3.000    -0.158
     2.000     2.000     1.000     2.000     2.000    -0.463
     3.000     1.000     2.000     1.000     3.000    -0.356
     2.000     3.000     0.000     2.000     4.000     0.021
     0.000     1.000     2.000     3.000     3.000    -0.858
     3.000     3.000     3.000     2.000     2.000     0.407
     1.000     1.000     3.000     2.000     3.000    -0.610
     3.000     3.000     3.000     3.000     3.000     0.695
     1.000     2.000     2.000     1.000     4.000    -0.452
     2.000     2.000     2.000     2.000     3.000    -0.227
     2.000     1.000     2.000     2.000     3.000    -0.503
     2.000     2.000     3.000     2.000     3.000    -0.086
     1.000     2.000     2.000     1.000     2.000    -0.714
     4.000     3.000     3.000     2.000     2.000     0.760
     2.000     2.000     1.000     2.000     3.000    -0.342
     0.000     1.000     2.000     0.000     3.000    -1.227
     3.000     2.000     2.000     2.000     2.000    -0.078
     2.000     2.000     2.000     3.000     3.000    -0.102
     3.000     3.000     3.000     2.000     3.000     0.553
     2.000     1.000     2.000     2.000     2.000    -0.620
     2.000     2.000     1.000     1.000     2.000    -0.582
     2.000     2.000     2.000     2.000     2.000    -0.350
     3.000     3.000     1.000     3.000     3.000     0.395
     3.000     4.000     3.000     3.000     3.000     1.094
     2.000     2.000     2.000     1.000     3.000    -0.348
     2.000     2.000     2.000     1.000     3.000    -0.348
     4.000     4.000     3.000     4.000     4.000     1.781
     1.000     3.000     3.000     2.000     2.000    -0.161
     3.000     3.000     3.000     3.000     3.000     0.695
     3.000     3.000     1.000     2.000     2.000     0.123
     0.000     4.000     2.000     0.000     4.000    -0.086
     4.000     4.000     4.000     2.000     4.000     1.653
     2.000     2.000     3.000     1.000     2.000    -0.332
     2.000     3.000     3.000     1.000     3.000     0.113
     2.000     2.000     2.000     2.000     2.000    -0.350
     3.000     2.000     1.000     2.000     3.000    -0.070
     2.000     2.000     2.000     2.000     2.000    -0.350
     2.000     3.000     2.000     2.000     2.000    -0.040
     2.000     3.000     2.000     3.000     3.000     0.224
     2.000     2.000     1.000     2.000     2.000    -0.463
     0.000     2.000     2.000     1.000     1.000    -1.055
     3.000     3.000     2.000     2.000     3.000     0.391
     0.000     1.000     0.000     1.000     1.000    -1.530
     3.000     3.000     3.000     2.000     3.000     0.553
     1.000     3.000     3.000     2.000     1.000    -0.262
     3.000     3.000     2.000     1.000     2.000     0.119
     2.000     2.000     3.000     3.000     3.000     0.040
     2.000     2.000     3.000     2.000     3.000    -0.086
     2.000     2.000     2.000     2.000     2.000    -0.350
     2.000     3.000     1.000     3.000     3.000     0.098
     4.000     4.000     4.000     3.000     4.000     1.817
     2.000     2.000     2.000     2.000     2.000    -0.350
     2.000     3.000     3.000     2.000     3.000     0.243
     3.000     3.000     2.000     2.000     3.000     0.391
     0.000     0.000     0.000     2.000     3.000    -1.482
     3.000     3.000     2.000     3.000     3.000     0.529
     3.000     3.000     3.000     2.000     4.000     0.715
     3.000     4.000     3.000     4.000     4.000     1.406
     2.000     2.000     2.000     1.000     2.000    -0.470
     3.000     3.000     3.000     2.000     3.000     0.553
