     3.000     2.000     2.000     2.000     4.000     0.470
     2.000     3.000     1.000     2.000     1.000     0.270
     3.000     3.000     3.000     1.000     4.000     0.551
     2.000     2.000     1.000     2.000     4.000     0.156
     2.000     3.000     0.000     0.000     0.000    -0.458
     1.000     1.000     1.000     1.000     4.000    -0.265
     1.000     1.000     1.000     2.000     2.000     0.010
     2.000     2.000     2.000     3.000     3.000     0.576
     3.000     3.000     2.000     2.000     2.000     0.568
     1.000     2.000     2.000     2.000     1.000     0.320
     3.000     4.000     3.000     2.000     3.000     0.846
     4.000     4.000     3.000     3.000     3.000     1.163
     1.000     2.000     0.000     1.000     2.000    -0.420
     2.000     3.000     1.000     0.000     3.000    -0.240
     2.000     1.000     1.000     1.000     3.000    -0.126
     4.000     3.000     2.000     2.000     0.000     0.709
     1.000     4.000     1.000     1.000     3.000    -0.001
     2.000     2.000     1.000     1.000     3.000    -0.049
     1.000     3.000     0.000     0.000     3.000    -0.633
     2.000     3.000     2.000     2.000     1.000     0.486
     2.000     2.000     0.000     1.000     2.000    -0.303
     1.000     3.000     1.000     2.000     2.000     0.152
     3.000     2.000     2.000     2.000     2.000     0.501
     2.000     2.000     2.000     2.000     1.000     0.419
     1.000     1.000     1.000     1.000     4.000    -0.265
     2.000     1.000     1.000     1.000     4.000    -0.148
     2.000     3.000     1.000     1.000     1.000     0.051
     1.000     1.000     2.000     0.000     3.000    -0.238
     0.000     2.000     2.000     2.000     2.000     0.176
     1.000     2.000     1.000     1.000     3.000    -0.164
     2.000     1.000     1.000     3.000     4.000     0.270
     2.000     2.000     2.000     3.000     2.000     0.588
     2.000     1.000     1.000     1.000     3.000    -0.126
     2.000     1.000     1.000     0.000     0.000    -0.341
     0.000     2.000     0.000     0.000     2.000    -0.859
     2.000     2.000     2.000     2.000     2.000     0.407
     1.000     3.000     1.000     1.000     0.000    -0.042
     2.000     1.000     1.000     1.000     1.000    -0.099
     2.000     3.000     3.000     3.000     3.000     0.852
     2.000     4.000     0.000     1.000     1.000    -0.132
     0.000     2.000     0.000     0.000     1.000    -0.842
     3.000     2.000     2.000     3.000     2.000     0.684
     3.000     2.000     2.000     1.000     1.000     0.316
     1.000     3.000     1.000     1.000     1.000    -0.063
     3.000     2.000     0.000     0.000     4.000    -0.497
     1.000     2.000     2.000     3.000     2.000     0.488
     1.000     1.000     1.000     1.000     4.000    -0.265
     1.000     2.000     1.000     3.000     4.000     0.237
     1.000     3.000     2.000     2.000     1.000     0.387
     3.000     1.000     1.000     1.000     4.000    -0.044
     4.000     3.000     1.000     0.000     4.000    -0.045
     2.000     3.000     1.000     2.000     4.000     0.225
     2.000     2.000     1.000     0.000     4.000    -0.333
     2.000     2.000     1.000     1.000     4.000    -0.071
     2.000     0.000     1.000     1.000     4.000    -0.244
     1.000     1.000     1.000     2.000     1.000     0.024
     1.000     2.000     1.000     0.000     3.000    -0.429
     2.000     2.000     2.000     2.000     2.000     0.407
     1.000     2.000     0.000     1.000     1.000    -0.406
     2.000     2.000     2.000     2.000     2.000     0.407
     3.000     3.000     3.000     3.000     1.000     0.977
     2.000     2.000     2.000     0.000     2.000    -0.049
     1.000     1.000     1.000     1.000     3.000    -0.243
     2.000     3.000     1.000     2.000     1.000     0.270
     1.000     1.000     1.000     1.000     1.000    -0.215
     3.000     1.000     1.000     1.000     4.000    -0.044
     2.000     2.000     1.000     3.000     4.000     0.341
     3.000     2.000     1.000     3.000     2.000     0.471
     1.000     1.000     1.000     1.000     3.000    -0.243
     1.000     0.000     1.000     1.000     4.000    -0.363
     2.000     1.000     3.000     1.000     3.000     0.333
     2.000     1.000     2.000     3.000     2.000     0.520
     1.000     3.000     3.000     0.000     3.000     0.110
     3.000     2.000     0.000     2.000     2.000     0.025
     2.000     2.000     2.000     2.000     2.000     0.407
     2.000     2.000     1.000     2.000     2.000     0.188
     4.000     3.000     1.000     1.000     3.000     0.244
     3.000     1.000     2.000     2.000     3.000     0.421
     1.000     1.000     1.000     1.000     3.000    -0.243
     1.000     3.000     1.000     2.000     4.000     0.119
     2.000     4.000     1.000     2.000     3.000     0.329
     1.000     1.000     1.000     0.000     3.000    -0.508
     2.000     3.000     2.000     1.000     1.000     0.287
     0.000     1.000     0.000     0.000     2.000    -0.959
     3.000     1.000     1.000     0.000     3.000    -0.287
     1.000     1.000     1.000     1.000     3.000    -0.243
     1.000     2.000     1.000     1.000     2.000    -0.151
     3.000     2.000     2.000     2.000     1.000     0.514
     2.000     1.000     0.000     1.000     1.000    -0.366
     3.000     3.000     3.000     3.000     1.000     0.977
     1.000     1.000     0.000     1.000     3.000    -0.513
     1.000     1.000     1.000     1.000     4.000    -0.265
     1.000     1.000     1.000     1.000     3.000    -0.243
     1.000     2.000     1.000     1.000     2.000    -0.151
     0.000     2.000     0.000     2.000     2.000    -0.305
     1.000     2.000     1.000     1.000     2.000    -0.151
     2.000     3.000     2.000     2.000     1.000     0.486
     1.000     1.000     1.000     1.000     1.000    -0.215
     1.000     1.000     1.000     2.000     2.000     0.010
     4.000     1.000     2.000     3.000     2.000     0.727
     2.000     3.000     2.000     1.000     1.000     0.287
     3.000     3.000     3.000     3.000     1.000     0.977
     2.000     3.000     1.000     1.000     1.000     0.051
     3.000     3.000     2.000     4.000     3.000     0.963
     1.000     0.000     0.000     0.000     4.000    -0.954
     4.000     3.000     4.000     3.000     4.000     1.297
     2.000     3.000     1.000     0.000     1.000    -0.214
     2.000     1.000     2.000     2.000     3.000     0.327
     1.000     1.000     1.000     1.000     2.000    -0.230
     3.000     4.000     0.000     1.000     4.000    -0.079
     0.000     2.000     0.000     0.000     2.000    -0.859
     2.000     1.000     0.000     0.000     4.000    -0.690
     3.000     3.000     3.000     1.000     1.000     0.595
     3.000     3.000     2.000     3.000     4.000     0.722
     1.000     1.000     1.000     1.000     3.000    -0.243
     2.000     1.000     1.000     3.000     4.000     0.270
     2.000     2.000     3.000     3.000     4.000     0.763
     1.000     0.000     0.000     1.000     4.000    -0.638
     1.000     0.000     1.000     1.000     2.000    -0.327
     1.000     1.000     1.000     1.000     3.000    -0.243
     2.000     1.000     1.000     1.000     1.000    -0.099
     2.000     2.000     2.000     3.000     4.000     0.557
     4.000     2.000     0.000     0.000     0.000    -0.310
     1.000     3.000     1.000     1.000     3.000    -0.091
     1.000     1.000     1.000     1.000     2.000    -0.230
     3.000     2.000     2.000     2.000     2.000     0.501
     2.000     1.000     2.000     1.000     4.000     0.101
     2.000     2.000     1.000     1.000     2.000    -0.036
     0.000     0.000     0.000     0.000     4.000    -1.148
     1.000     2.000     1.000     1.000     3.000    -0.164
     3.000     2.000     2.000     2.000     3.000     0.489
     0.000     1.000     1.000     1.000     2.000    -0.373
     3.000     1.000     2.000     1.000     0.000     0.265
     2.000     4.000     3.000     1.000     4.000     0.538
     1.000     2.000     1.000     2.000     2.000     0.082
     2.000     1.000     2.000     1.000     3.000     0.121
     3.000     4.000     1.000     2.000     0.000     0.472
     2.000     3.000     2.000     1.000     1.000     0.287
     1.000     2.000     2.000     1.000     1.000     0.113
     3.000     3.000     2.000     2.000     3.000     0.556
     2.000     2.000     2.000     2.000     3.000     0.395
     1.000     1.000     3.000     1.000     3.000     0.229
     1.000     1.000     1.000     1.000     3.000    -0.243
     1.000     1.000     1.000     2.000     3.000    -0.002
     3.000     4.000     1.000     1.000     4.000     0.195
     0.000     1.000     0.000     1.000     4.000    -0.682
     3.000     2.000     1.000     1.000     4.000     0.033
     2.000     3.000     1.000     2.000     0.000     0.290
     2.000     1.000     1.000     0.000     1.000    -0.362
     1.000     1.000     0.000     0.000     2.000    -0.788
     1.000     1.000     2.000     1.000     4.000    -0.007
     1.000     0.000     0.000     1.000     4.000    -0.638
     2.000     1.000     1.000     1.000     3.000    -0.126
     1.000     1.000     1.000     0.000     4.000    -0.531
     3.000     3.000     0.000     2.000     3.000     0.079
     1.000     0.000     0.000     0.000     0.000    -0.867
     3.000     3.000     3.000     1.000     3.000     0.570
     3.000     3.000     2.000     1.000     0.000     0.405
     3.000     3.000     2.000     2.000     4.000     0.538
     3.000     4.000     1.000     2.000     4.000     0.407
     1.000     1.000     1.000     1.000     3.000    -0.243
     1.000     1.000     3.000     1.000     2.000     0.242
     1.000     3.000     0.000     1.000     3.000    -0.361
     1.000     1.000     0.000     1.000     1.000    -0.486
     3.000     3.000     2.000     3.000     1.000     0.767
     4.000     1.000     3.000     3.000     2.000     0.939
     1.000     3.000     2.000     1.000     4.000     0.136
     1.000     1.000     1.000     1.000     3.000    -0.243
     1.000     2.000     2.000     2.000     2.000     0.307
     2.000     1.000     1.000     1.000     3.000    -0.126
     0.000     0.000     1.000     0.000     1.000    -0.727
     1.000     3.000     1.000     1.000     3.000    -0.091
     3.000     4.000     1.000     1.000     4.000     0.195
     2.000     3.000     2.000     2.000     3.000     0.461
     2.000     4.000     3.000     3.000     3.000     0.941
     1.000     3.000     1.000     0.000     4.000    -0.378
     1.000     1.000     1.000     1.000     4.000    -0.265
     1.000     2.000     0.000     1.000     3.000    -0.434
     2.000     2.000     1.000     2.000     2.000     0.188
     4.000     1.000     0.000     0.000     4.000    -0.456
     1.000     0.000     0.000     0.000     4.000    -0.954
     1.000     1.000     2.000     2.000     3.000     0.227
     1.000     1.000     0.000     1.000     3.000    -0.513
     1.000     1.000     1.000     1.000     3.000    -0.243
     1.000     1.000     1.000     1.000     4.000    -0.265
     4.000     1.000     0.000     1.000     4.000    -0.196
     2.000     1.000     1.000     1.000     3.000    -0.126
     1.000     2.000     1.000     1.000     4.000    -0.186
     1.000     1.000     0.000     0.000     4.000    -0.830
     1.000     0.000     1.000     2.000     1.000    -0.067
     1.000     2.000     2.000     2.000     2.000     0.307
     1.000     0.000     0.000     0.000     4.000    -0.954
     2.000     3.000     0.000     1.000     2.000    -0.232
     3.000     1.000     1.000     0.000     4.000    -0.308
     3.000     0.000     1.000     0.000     2.000    -0.370
     1.000     2.000     0.000     1.000     1.000    -0.406
     1.000     2.000     1.000     1.000     2.000    -0.151
     1.000     1.000     0.000     0.000     1.000    -0.772
     3.000     2.000     1.000     1.000     1.000     0.081
     3.000     0.000     0.000     3.000     3.000     0.035
     2.000     3.000     1.000     1.000     0.000     0.071
     2.000     2.000     2.000     2.000     2.000     0.407
     1.000     0.000     0.000     1.000     4.000    -0.638
     2.000     2.000     2.000     4.000     4.000     0.779
     2.000     0.000     0.000     0.000     1.000    -0.745
     3.000     3.000     2.000     1.000     0.000     0.405
     3.000     3.000     2.000     1.000     1.000     0.386
     2.000     1.000     1.000     1.000     4.000    -0.148
     0.000     4.000     0.000     1.000     4.000    -0.437
     3.000     3.000     2.000     3.000     1.000     0.767
     1.000     1.000     2.000     2.000     0.000     0.271
     1.000     2.000     1.000     1.000     4.000    -0.186
     1.000     2.000     1.000     2.000     4.000     0.050
     1.000     2.000     0.000     0.000     2.000    -0.697
     1.000     3.000     2.000     1.000     4.000     0.136
     3.000     2.000     2.000     1.000     0.000     0.336
     1.000     1.000     1.000     1.000     2.000    -0.230
     1.000     1.000     0.000     1.000     2.000    -0.500
     3.000     3.000     1.000     2.000     3.000     0.342
     3.000     3.000     2.000     2.000     3.000     0.556
     1.000     1.000     0.000     0.000     2.000    -0.788
     3.000     2.000     1.000     2.000     4.000     0.253
     1.000     3.000     1.000     1.000     0.000    -0.042
     2.000     2.000     3.000     2.000     1.000     0.621
     1.000     0.000     0.000     0.000     3.000    -0.926
     1.000     2.000     1.000     1.000     3.000    -0.164
     1.000     3.000     1.000     0.000     1.000    -0.329
     3.000     3.000     3.000     3.000     2.000     0.964
     1.000     1.000     1.000     1.000     2.000    -0.230
     2.000     2.000     1.000     2.000     1.000     0.201
     1.000     4.000     1.000     2.000     3.000     0.224
     1.000     4.000     1.000     1.000     2.000     0.012
     2.000     3.000     2.000     2.000     3.000     0.461
     2.000     2.000     1.000     1.000     3.000    -0.049
     2.000     3.000     2.000     1.000     3.000     0.262
     2.000     3.000     1.000     1.000     3.000     0.024
     2.000     2.000     2.000     2.000     0.000     0.438
     1.000     2.000     2.000     1.000     1.000     0.113
     2.000     1.000     1.000     1.000     3.000    -0.126
     0.000     3.000     1.000     1.000     1.000    -0.207
     1.000     2.000     2.000     1.000     2.000     0.099
     1.000     3.000     1.000     1.000     3.000    -0.091
     3.000     3.000     3.000     4.000     1.000     1.205
     2.000     3.000     1.000     1.000     3.000     0.024
     2.000     3.000     2.000     2.000     4.000     0.443
     3.000     1.000     2.000     3.000     0.000     0.649
     1.000     1.000     0.000     1.000     3.000    -0.513
     4.000     2.000     0.000     3.000     1.000     0.321
     2.000     3.000     1.000     3.000     2.000     0.442
     4.000     4.000     4.000     4.000     1.000     1.700
     2.000     2.000     0.000     1.000     1.000    -0.289
     3.000     3.000     1.000     1.000     3.000     0.127
     1.000     1.000     1.000     1.000     2.000    -0.230
     2.000     2.000     1.000     1.000     2.000    -0.036
     1.000     1.000     1.000     1.000     3.000    -0.243
     2.000     2.000     1.000     1.000     2.000    -0.036
     2.000     2.000     0.000     0.000     2.000    -0.567
     3.000     0.000     0.000     0.000     1.000    -0.631
     2.000     1.000     1.000     1.000     1.000    -0.099
     1.000     2.000     2.000     3.000     2.000     0.488
     2.000     3.000     0.000     0.000     2.000    -0.493
     3.000     2.000     3.000     3.000     3.000     0.880
     2.000     2.000     2.000     2.000     2.000     0.407
     3.000     3.000     3.000     3.000     0.000     0.997
     2.000     1.000     2.000     2.000     4.000     0.308
     3.000     3.000     1.000     2.000     3.000     0.342
     1.000     1.000     0.000     0.000     3.000    -0.804
     1.000     1.000     1.000     1.000     3.000    -0.243
     0.000     0.000     0.000     0.000     4.000    -1.148
     1.000     0.000     2.000     1.000     4.000    -0.098
     2.000     2.000     1.000     1.000     3.000    -0.049
     1.000     1.000     1.000     1.000     2.000    -0.230
     1.000     3.000     1.000     3.000     4.000     0.307
     3.000     2.000     2.000     1.000     3.000     0.290
     2.000     2.000     1.000     1.000     4.000    -0.071
     2.000     2.000     2.000     2.000     2.000     0.407
     1.000     1.000     1.000     1.000     4.000    -0.265
     1.000     0.000     0.000     1.000     3.000    -0.615
     3.000     2.000     2.000     2.000     1.000     0.514
     3.000     1.000     1.000     1.000     3.000    -0.023
     1.000     2.000     1.000     1.000     4.000    -0.186
     3.000     1.000     1.000     1.000     2.000    -0.009
     2.000     1.000     0.000     0.000     4.000    -0.690
     2.000     1.000     1.000     1.000     3.000    -0.126
     1.000     1.000     1.000     0.000     1.000    -0.481
     4.000     4.000     1.000     1.000     0.000     0.381
     3.000     1.000     2.000     2.000     1.000     0.446
     2.000     4.000     1.000     1.000     1.000     0.140
     2.000     2.000     1.000     2.000     2.000     0.188
     2.000     3.000     2.000     2.000     3.000     0.461
     3.000     1.000     3.000     3.000     1.000     0.838
     0.000     0.000     0.000     0.000     0.000    -1.049
     2.000     1.000     0.000     0.000     4.000    -0.690
     0.000     0.000     1.000     0.000     4.000    -0.780
     0.000     0.000     0.000     1.000     4.000    -0.787
     0.000     1.000     1.000     1.000     4.000    -0.408
     1.000     1.000     1.000     1.000     3.000    -0.243
     2.000     3.000     2.000     0.000     2.000     0.018
     1.000     3.000     1.000     0.000     4.000    -0.378
     2.000     1.000     1.000     1.000     3.000    -0.126
     3.000     1.000     2.000     2.000     1.000     0.446
     1.000     3.000     1.000     1.000     4.000    -0.113
     2.000     4.000     0.000     4.000     0.000     0.510
     3.000     3.000     1.000     2.000     1.000     0.368
     2.000     4.000     2.000     3.000     0.000     0.775
     1.000     0.000     1.000     0.000     1.000    -0.581
     1.000     1.000     1.000     1.000     0.000    -0.194
     3.000     3.000     1.000     0.000     1.000    -0.113
     2.000     1.000     1.000     1.000     3.000    -0.126
     1.000     0.000     1.000     1.000     4.000    -0.363
     2.000     2.000     1.000     2.000     1.000     0.201
     2.000     2.000     0.000     0.000     0.000    -0.531
     2.000     1.000     1.000     2.000     3.000     0.104
     2.000     2.000     1.000     1.000     3.000    -0.049
     3.000     4.000     0.000     0.000     2.000    -0.303
     1.000     2.000     1.000     1.000     4.000    -0.186
     1.000     2.000     1.000     1.000     1.000    -0.137
     1.000     1.000     0.000     0.000     2.000    -0.788
     2.000     3.000     3.000     1.000     1.000     0.498
     2.000     2.000     2.000     1.000     1.000     0.218
     4.000     2.000     1.000     0.000     2.000    -0.083
     4.000     4.000     3.000     1.000     3.000     0.770
     1.000     2.000     1.000     1.000     1.000    -0.137
     1.000     2.000     1.000     1.000     4.000    -0.186
     1.000     1.000     1.000     1.000     1.000    -0.215
     3.000     2.000     0.000     1.000     4.000    -0.236
     3.000     3.000     1.000     2.000     1.000     0.368
     4.000     3.000     1.000     2.000     0.000     0.498
     3.000     3.000     1.000     2.000     3.000     0.342
     2.000     3.000     2.000     1.000     4.000     0.242
     2.000     1.000     2.000     0.000     4.000    -0.151
     1.000     4.000     1.000     0.000     4.000    -0.290
     2.000     0.000     0.000     0.000     2.000    -0.761
     2.000     2.000     2.000     1.000     2.000     0.205
     3.000     1.000     2.000     1.000     1.000     0.245
     3.000     2.000     2.000     2.000     4.000     0.470
     2.000     2.000     1.000     1.000     4.000    -0.071
     1.000     1.000     2.000     1.000     1.000     0.040
     0.000     0.000     1.000     0.000     0.000    -0.706
     1.000     3.000     2.000     2.000     4.000     0.343
     1.000     0.000     0.000     1.000     1.000    -0.586
     1.000     3.000     1.000     1.000     1.000    -0.063
     3.000     3.000     3.000     3.000     4.000     0.932
     2.000     4.000     0.000     0.000     4.000    -0.439
     3.000     3.000     2.000     2.000     3.000     0.556
     2.000     1.000     0.000     0.000     3.000    -0.665
     2.000     1.000     2.000     1.000     4.000     0.101
     1.000     1.000     2.000     2.000     4.000     0.208
     2.000     2.000     1.000     1.000     3.000    -0.049
     2.000     2.000     1.000     1.000     1.000    -0.022
     2.000     1.000     0.000     0.000     4.000    -0.690
     1.000     3.000     1.000     1.000     3.000    -0.091
     1.000     3.000     1.000     1.000     3.000    -0.091
     0.000     2.000     0.000     0.000     2.000    -0.859
     2.000     2.000     0.000     2.000     2.000    -0.069
     1.000     2.000     1.000     1.000     2.000    -0.151
     3.000     2.000     1.000     1.000     0.000     0.102
     2.000     4.000     0.000     0.000     4.000    -0.439
     2.000     1.000     0.000     0.000     0.000    -0.614
     4.000     3.000     0.000     2.000     4.000     0.166
     1.000     4.000     0.000     0.000     0.000    -0.490
     2.000     3.000     1.000     3.000     0.000     0.476
     3.000     3.000     1.000     0.000     4.000    -0.161
     2.000     1.000     1.000     1.000     1.000    -0.099
     2.000     2.000     0.000     1.000     2.000    -0.303
     0.000     0.000     0.000     0.000     4.000    -1.148
     2.000     2.000     1.000     2.000     2.000     0.188
     1.000     0.000     1.000     3.000     0.000     0.140
     2.000     0.000     0.000     0.000     1.000    -0.745
     3.000     1.000     3.000     3.000     4.000     0.793
     3.000     2.000     1.000     1.000     4.000     0.033
     3.000     4.000     2.000     3.000     0.000     0.874
     2.000     1.000     1.000     1.000     4.000    -0.148
     2.000     2.000     1.000     2.000     4.000     0.156
     2.000     3.000     3.000     1.000     2.000     0.484
     1.000     2.000     1.000     1.000     1.000    -0.137
     1.000     0.000     1.000     2.000     1.000    -0.067
     0.000     3.000     0.000     0.000     0.000    -0.736
     1.000     2.000     1.000     1.000     2.000    -0.151
     3.000     4.000     1.000     1.000     2.000     0.229
     3.000     3.000     1.000     1.000     1.000     0.154
     2.000     0.000     2.000     0.000     4.000    -0.239
     2.000     2.000     1.000     2.000     3.000     0.176
     3.000     1.000     1.000     1.000     3.000    -0.023
     0.000     1.000     0.000     0.000     4.000    -1.005
     3.000     1.000     1.000     2.000     4.000     0.182
     2.000     2.000     2.000     2.000     3.000     0.395
