     1.000     1.000     1.000     2.000     3.000    -0.277
     2.000     3.000     1.000     3.000     2.000     0.362
     3.000     2.000     1.000     1.000     2.000    -0.141
     2.000     2.000     3.000     2.000     3.000     0.252
     0.000     2.000     3.000     2.000     2.000    -0.213
     3.000     2.000     1.000     2.000     3.000     0.228
     2.000     2.000     2.000     2.000     2.000     0.021
     2.000     2.000     2.000     3.000     2.000     0.255
     2.000     2.000     3.000     2.000     3.000     0.252
     1.000     2.000     2.000     3.000     2.000     0.098
     1.000     2.000     2.000     1.000     1.000    -0.509
     3.000     3.000     3.000     3.000     3.000     0.864
     0.000     2.000     2.000     2.000     2.000    -0.309
     0.000     2.000     2.000     3.000     4.000     0.214
     2.000     1.000     2.000     3.000     2.000     0.059
     0.000     2.000     2.000     2.000     1.000    -0.452
     3.000     3.000     3.000     3.000     3.000     0.864
     2.000     2.000     1.000     3.000     2.000     0.163
     0.000     2.000     2.000     1.000     1.000    -0.700
     3.000     2.000     1.000     3.000     3.000     0.465
     0.000     3.000     1.000     1.000     1.000    -0.587
     3.000     2.000     2.000     3.000     3.000     0.558
     2.000     2.000     4.000     4.000     3.000     0.861
     2.000     3.000     1.000     3.000     3.000     0.502
     2.000     2.000     2.000     2.000     2.000     0.021
     1.000     1.000     2.000     1.000     3.000    -0.419
     0.000     1.000     2.000     2.000     2.000    -0.503
     1.000     1.000     3.000     1.000     3.000    -0.325
     3.000     2.000     2.000     2.000     3.000     0.319
     0.000     1.000     1.000     1.000     1.000    -0.998
     1.000     2.000     2.000     3.000     2.000     0.098
     3.000     2.000     2.000     3.000     3.000     0.558
     2.000     3.000     2.000     3.000     3.000     0.596
     0.000     1.000     2.000     1.000     2.000    -0.751
     0.000     3.000     0.000     0.000     2.000    -0.815
     2.000     1.000     2.000     2.000     1.000    -0.308
     2.000     3.000     3.000     1.000     2.000     0.079
     1.000     2.000     1.000     1.000     1.000    -0.601
     0.000     3.000     3.000     3.000     3.000     0.363
     0.000     4.000     1.000     1.000     0.000    -0.498
     2.000     3.000     1.000     3.000     3.000     0.502
     0.000     1.000     2.000     1.000     2.000    -0.751
     1.000     1.000     3.000     2.000     1.000    -0.369
     1.000     1.000     1.000     1.000     3.000    -0.509
     0.000     1.000     4.000     1.000     3.000    -0.399
     3.000     3.000     3.000     3.000     3.000     0.864
     2.000     2.000     1.000     2.000     3.000     0.067
     1.000     2.000     2.000     3.000     3.000     0.237
     3.000     3.000     3.000     3.000     3.000     0.864
     1.000     1.000     4.000     2.000     1.000    -0.268
     0.000     0.000     1.000     1.000     0.000    -1.384
     2.000     3.000     2.000     2.000     2.000     0.217
     1.000     3.000     1.000     2.000     2.000    -0.030
     2.000     1.000     3.000     2.000     2.000    -0.077
     1.000     1.000     1.000     2.000     3.000    -0.277
     2.000     2.000     2.000     2.000     2.000     0.021
     2.000     2.000     2.000     2.000     2.000     0.021
     2.000     2.000     2.000     2.000     2.000     0.021
     3.000     4.000     3.000     2.000     2.000     0.693
     0.000     2.000     2.000     2.000     2.000    -0.309
     2.000     2.000     3.000     3.000     3.000     0.488
     2.000     2.000     1.000     2.000     1.000    -0.209
     0.000     1.000     1.000     0.000     2.000    -1.126
     1.000     2.000     2.000     2.000     2.000    -0.134
     1.000     1.000     1.000     1.000     1.000    -0.792
     1.000     0.000     1.000     1.000     0.000    -1.145
     0.000     2.000     2.000     3.000     3.000     0.067
     2.000     2.000     2.000     3.000     3.000     0.393
     2.000     2.000     2.000     2.000     2.000     0.021
     0.000     2.000     2.000     2.000     1.000    -0.452
     2.000     2.000     2.000     3.000     2.000     0.255
     2.000     3.000     2.000     2.000     2.000     0.217
     1.000     3.000     2.000     2.000     3.000     0.199
     2.000     3.000     3.000     0.000     2.000    -0.195
     2.000     2.000     2.000     2.000     2.000     0.021
     3.000     4.000     3.000     3.000     3.000     1.088
     1.000     1.000     1.000     1.000     2.000    -0.650
     2.000     2.000     1.000     4.000     2.000     0.439
     0.000     3.000     2.000     2.000     3.000     0.030
     3.000     3.000     3.000     2.000     4.000     0.761
     3.000     2.000     1.000     4.000     2.000     0.600
     0.000     3.000     1.000     3.000     1.000    -0.109
     2.000     2.000     2.000     2.000     1.000    -0.119
     3.000     3.000     3.000     2.000     2.000     0.474
     3.000     3.000     2.000     2.000     2.000     0.380
     1.000     1.000     1.000     1.000     1.000    -0.792
     3.000     3.000     2.000     2.000     2.000     0.380
     3.000     2.000     2.000     3.000     2.000     0.418
     3.000     3.000     1.000     3.000     2.000     0.528
     3.000     4.000     3.000     4.000     4.000     1.542
     2.000     2.000     2.000     2.000     2.000     0.021
     2.000     2.000     1.000     1.000     1.000    -0.443
     1.000     2.000     1.000     1.000     2.000    -0.460
     1.000     2.000     2.000     2.000     3.000     0.004
     2.000     3.000     3.000     2.000     2.000     0.311
     1.000     2.000     2.000     2.000     2.000    -0.134
     0.000     1.000     0.000     1.000     1.000    -1.105
     1.000     2.000     3.000     1.000     2.000    -0.273
     1.000     2.000     2.000     1.000     1.000    -0.509
     0.000     1.000     1.000     3.000     2.000    -0.357
     0.000     2.000     3.000     1.000     1.000    -0.600
     3.000     3.000     3.000     3.000     3.000     0.864
     1.000     3.000     1.000     3.000     2.000     0.204
     1.000     3.000     3.000     2.000     3.000     0.293
     1.000     1.000     1.000     1.000     1.000    -0.792
     3.000     3.000     2.000     3.000     4.000     0.919
     1.000     1.000     1.000     1.000     2.000    -0.650
     4.000     3.000     1.000     1.000     3.000     0.378
     1.000     1.000     2.000     1.000     1.000    -0.700
     4.000     4.000     4.000     4.000     3.000     1.715
     0.000     3.000     2.000     2.000     2.000    -0.110
     2.000     2.000     1.000     2.000     0.000    -0.359
     1.000     2.000     1.000     0.000     1.000    -0.865
     4.000     4.000     3.000     4.000     4.000     1.786
     1.000     2.000     2.000     2.000     2.000    -0.134
     4.000     4.000     2.000     3.000     4.000     1.349
     2.000     3.000     4.000     3.000     3.000     0.800
     1.000     3.000     0.000     2.000     1.000    -0.264
     1.000     3.000     2.000     1.000     1.000    -0.312
     0.000     1.000     1.000     2.000     1.000    -0.739
     1.000     2.000     2.000     2.000     1.000    -0.274
     2.000     3.000     3.000     3.000     2.000     0.552
     2.000     2.000     1.000     1.000     1.000    -0.443
     1.000     2.000     1.000     1.000     1.000    -0.601
     0.000     1.000     1.000     0.000     1.000    -1.284
     3.000     3.000     3.000     3.000     3.000     0.864
     2.000     2.000     0.000     2.000     2.000    -0.165
     2.000     2.000     2.000     2.000     2.000     0.021
     0.000     2.000     0.000     0.000     2.000    -1.029
     2.000     2.000     2.000     2.000     2.000     0.021
     2.000     2.000     2.000     2.000     2.000     0.021
     0.000     2.000     1.000     2.000     2.000    -0.402
     3.000     3.000     2.000     3.000     1.000     0.477
     1.000     1.000     1.000     1.000     2.000    -0.650
     2.000     2.000     1.000     2.000     1.000    -0.209
     1.000     3.000     2.000     1.000     3.000    -0.032
     3.000     4.000     3.000     3.000     4.000     1.247
     2.000     3.000     1.000     1.000     2.000    -0.106
     2.000     2.000     1.000     1.000     1.000    -0.443
     1.000     3.000     2.000     3.000     3.000     0.437
     3.000     3.000     2.000     3.000     3.000     0.766
     3.000     1.000     2.000     1.000     1.000    -0.381
     1.000     2.000     2.000     1.000     3.000    -0.228
     2.000     2.000     2.000     2.000     2.000     0.021
     1.000     1.000     1.000     1.000     1.000    -0.792
     4.000     3.000     2.000     2.000     3.000     0.705
     0.000     0.000     1.000     1.000     1.000    -1.213
     1.000     3.000     2.000     3.000     2.000     0.297
     1.000     1.000     2.000     1.000     1.000    -0.700
     1.000     3.000     0.000     2.000     2.000    -0.125
     2.000     3.000     2.000     2.000     2.000     0.217
     0.000     3.000     0.000     1.000     1.000    -0.688
     3.000     2.000     2.000     2.000     3.000     0.319
     0.000     2.000     0.000     0.000     3.000    -0.877
     0.000     3.000     4.000     2.000     2.000     0.089
     1.000     3.000     1.000     2.000     0.000    -0.320
     1.000     1.000     2.000     2.000     1.000    -0.463
     3.000     3.000     3.000     3.000     3.000     0.864
     2.000     2.000     2.000     2.000     2.000     0.021
     1.000     3.000     3.000     4.000     3.000     0.806
     1.000     1.000     3.000     1.000     1.000    -0.605
     1.000     2.000     1.000     1.000     1.000    -0.601
     2.000     3.000     4.000     4.000     2.000     0.930
     2.000     2.000     2.000     2.000     2.000     0.021
     0.000     1.000     2.000     3.000     3.000    -0.127
     4.000     4.000     2.000     4.000     3.000     1.476
     1.000     2.000     2.000     1.000     2.000    -0.368
     2.000     2.000     2.000     3.000     3.000     0.393
     3.000     4.000     2.000     2.000     2.000     0.599
     1.000     1.000     1.000     1.000     2.000    -0.650
     2.000     1.000     0.000     1.000     3.000    -0.449
     3.000     2.000     3.000     3.000     3.000     0.654
     0.000     1.000     1.000     1.000     1.000    -0.998
     3.000     3.000     2.000     1.000     1.000     0.005
     0.000     2.000     2.000     2.000     3.000    -0.168
     1.000     1.000     1.000     1.000     1.000    -0.792
     1.000     2.000     1.000     2.000     2.000    -0.225
     0.000     1.000     1.000     1.000     3.000    -0.698
     2.000     3.000     2.000     3.000     2.000     0.456
     2.000     4.000     0.000     3.000     4.000     0.777
     2.000     2.000     2.000     3.000     1.000     0.113
     3.000     3.000     2.000     3.000     4.000     0.919
     3.000     3.000     4.000     3.000     1.000     0.679
     1.000     2.000     2.000     1.000     2.000    -0.368
     0.000     2.000     1.000     2.000     3.000    -0.260
     2.000     2.000     3.000     2.000     3.000     0.252
     3.000     3.000     2.000     3.000     3.000     0.766
     1.000     1.000     3.000     1.000     1.000    -0.605
     0.000     0.000     2.000     0.000     2.000    -1.245
     0.000     2.000     2.000     2.000     0.000    -0.607
     1.000     2.000     3.000     2.000     3.000     0.097
     1.000     2.000     0.000     0.000     2.000    -0.822
     2.000     2.000     3.000     2.000     2.000     0.115
     0.000     1.000     2.000     0.000     0.000    -1.355
     3.000     3.000     2.000     3.000     1.000     0.477
     1.000     2.000     0.000     1.000     2.000    -0.557
     2.000     2.000     3.000     2.000     2.000     0.115
     1.000     1.000     1.000     2.000     3.000    -0.277
     1.000     3.000     1.000     1.000     1.000    -0.403
     4.000     3.000     1.000     3.000     2.000     0.720
     1.000     1.000     1.000     2.000     2.000    -0.414
     3.000     3.000     3.000     3.000     3.000     0.864
     1.000     2.000     2.000     2.000     2.000    -0.134
     2.000     4.000     4.000     4.000     4.000     1.466
     3.000     3.000     2.000     3.000     3.000     0.766
     1.000     2.000     1.000     2.000     2.000    -0.225
     1.000     2.000     1.000     1.000     1.000    -0.601
     2.000     2.000     1.000     1.000     3.000    -0.163
     0.000     3.000     0.000     1.000     2.000    -0.542
     2.000     2.000     3.000     3.000     2.000     0.350
     2.000     3.000     3.000     4.000     2.000     0.825
     1.000     3.000     1.000     3.000     2.000     0.204
     2.000     2.000     3.000     2.000     2.000     0.115
     2.000     4.000     2.000     2.000     4.000     0.718
     0.000     3.000     4.000     3.000     4.000     0.618
     1.000     1.000     2.000     1.000     2.000    -0.559
     1.000     2.000     2.000     2.000     3.000     0.004
     1.000     1.000     2.000     1.000     1.000    -0.700
     2.000     3.000     3.000     2.000     2.000     0.311
     1.000     1.000     2.000     2.000     2.000    -0.324
     0.000     3.000     2.000     1.000     2.000    -0.348
     4.000     4.000     2.000     2.000     2.000     0.784
     1.000     2.000     0.000     1.000     2.000    -0.557
     3.000     3.000     3.000     3.000     3.000     0.864
     1.000     3.000     2.000     1.000     3.000    -0.032
     0.000     2.000     1.000     2.000     1.000    -0.546
     0.000     0.000     2.000     2.000     1.000    -0.849
     2.000     2.000     3.000     2.000     2.000     0.115
     0.000     2.000     2.000     0.000     2.000    -0.828
     2.000     2.000     2.000     3.000     3.000     0.393
     2.000     3.000     3.000     3.000     3.000     0.694
     0.000     3.000     2.000     1.000     2.000    -0.348
     1.000     2.000     1.000     2.000     3.000    -0.087
     1.000     2.000     2.000     2.000     2.000    -0.134
     1.000     2.000     1.000     2.000     2.000    -0.225
     1.000     2.000     1.000     2.000     2.000    -0.225
     2.000     2.000     3.000     2.000     3.000     0.252
     2.000     2.000     3.000     2.000     3.000     0.252
     3.000     3.000     2.000     2.000     3.000     0.518
     1.000     2.000     2.000     3.000     2.000     0.098
     1.000     1.000     2.000     2.000     1.000    -0.463
     3.000     3.000     3.000     2.000     3.000     0.613
     0.000     4.000     3.000     4.000     2.000     0.719
     2.000     2.000     2.000     3.000     3.000     0.393
     2.000     2.000     1.000     2.000     2.000    -0.070
     3.000     4.000     2.000     3.000     3.000     0.989
     0.000     1.000     1.000     1.000     1.000    -0.998
     1.000     2.000     3.000     3.000     2.000     0.193
     3.000     3.000     3.000     2.000     3.000     0.613
     2.000     2.000     3.000     3.000     4.000     0.636
     2.000     2.000     3.000     2.000     2.000     0.115
     4.000     4.000     3.000     4.000     4.000     1.786
     2.000     3.000     0.000     1.000     2.000    -0.201
     2.000     2.000     3.000     2.000     3.000     0.252
     3.000     2.000     3.000     2.000     1.000     0.135
     1.000     1.000     2.000     2.000     1.000    -0.463
     1.000     1.000     2.000     0.000     1.000    -0.963
     4.000     4.000     3.000     3.000     4.000     1.455
     2.000     2.000     2.000     3.000     1.000     0.113
     1.000     1.000     1.000     3.000     3.000    -0.048
     2.000     3.000     3.000     3.000     3.000     0.694
     2.000     3.000     2.000     2.000     3.000     0.355
     4.000     2.000     2.000     2.000     2.000     0.368
     1.000     2.000     3.000     3.000     3.000     0.331
     2.000     3.000     2.000     2.000     2.000     0.217
     1.000     3.000     2.000     3.000     2.000     0.297
     3.000     4.000     2.000     4.000     3.000     1.265
     1.000     1.000     2.000     2.000     1.000    -0.463
     2.000     4.000     2.000     2.000     2.000     0.438
     3.000     2.000     3.000     1.000     2.000     0.044
     2.000     2.000     2.000     2.000     2.000     0.021
     0.000     0.000     2.000     1.000     0.000    -1.281
     1.000     2.000     3.000     3.000     3.000     0.331
     3.000     1.000     2.000     2.000     3.000     0.124
     1.000     2.000     2.000     2.000     2.000    -0.134
     2.000     2.000     2.000     2.000     2.000     0.021
     2.000     1.000     2.000     1.000     2.000    -0.402
     2.000     3.000     2.000     2.000     3.000     0.355
     2.000     3.000     1.000     3.000     1.000     0.219
     2.000     2.000     2.000     1.000     1.000    -0.352
     2.000     2.000     1.000     2.000     3.000     0.067
     1.000     2.000     1.000     2.000     2.000    -0.225
     3.000     4.000     2.000     3.000     3.000     0.989
     0.000     1.000     3.000     1.000     2.000    -0.651
     2.000     3.000     1.000     3.000     2.000     0.362
     0.000     3.000     2.000     3.000     2.000     0.126
     1.000     2.000     3.000     3.000     2.000     0.193
     3.000     3.000     2.000     3.000     2.000     0.623
     2.000     2.000     2.000     2.000     2.000     0.021
     1.000     2.000     1.000     1.000     3.000    -0.319
     1.000     3.000     1.000     2.000     1.000    -0.170
     2.000     3.000     2.000     3.000     2.000     0.456
     0.000     3.000     0.000     1.000     2.000    -0.542
     1.000     3.000     0.000     1.000     1.000    -0.499
     2.000     2.000     1.000     2.000     1.000    -0.209
     2.000     3.000     3.000     2.000     1.000     0.170
     3.000     3.000     2.000     2.000     2.000     0.380
     1.000     3.000     2.000     2.000     4.000     0.344
     0.000     1.000     0.000     1.000     0.000    -1.273
     1.000     2.000     2.000     2.000     1.000    -0.274
     3.000     3.000     3.000     3.000     1.000     0.574
     2.000     1.000     1.000     1.000     1.000    -0.633
     0.000     0.000     4.000     1.000     1.000    -0.898
     0.000     2.000     3.000     1.000     3.000    -0.310
     0.000     3.000     0.000     2.000     1.000    -0.442
     1.000     2.000     1.000     2.000     2.000    -0.225
     2.000     3.000     1.000     2.000     2.000     0.125
     2.000     3.000     3.000     3.000     4.000     0.845
     1.000     1.000     3.000     1.000     1.000    -0.605
     1.000     1.000     2.000     1.000     1.000    -0.700
     2.000     3.000     4.000     4.000     4.000     1.228
     1.000     3.000     3.000     1.000     2.000    -0.077
     3.000     3.000     3.000     2.000     2.000     0.474
     1.000     1.000     2.000     2.000     2.000    -0.324
     0.000     3.000     2.000     2.000     2.000    -0.110
     3.000     2.000     1.000     3.000     3.000     0.465
     1.000     1.000     1.000     1.000     2.000    -0.650
     0.000     0.000     0.000     0.000     1.000    -1.650
     1.000     1.000     1.000     1.000     3.000    -0.509
     2.000     2.000     2.000     2.000     2.000     0.021
     1.000     2.000     1.000     3.000     0.000    -0.283
     2.000     2.000     3.000     2.000     2.000     0.115
     2.000     3.000     2.000     3.000     2.000     0.456
     1.000     2.000     2.000     1.000     1.000    -0.509
     1.000     1.000     1.000     1.000     1.000    -0.792
     4.000     3.000     3.000     3.000     4.000     1.218
     3.000     2.000     3.000     3.000     2.000     0.514
     0.000     2.000     3.000     1.000     3.000    -0.310
     1.000     3.000     1.000     1.000     3.000    -0.123
     2.000     2.000     1.000     2.000     2.000    -0.070
     2.000     3.000     3.000     1.000     2.000     0.079
     2.000     3.000     4.000     2.000     1.000     0.272
     3.000     2.000     0.000     0.000     0.000    -0.793
     3.000     3.000     3.000     3.000     2.000     0.721
     1.000     1.000     1.000     2.000     2.000    -0.414
     3.000     4.000     2.000     3.000     4.000     1.146
     0.000     2.000     2.000     1.000     1.000    -0.700
     2.000     2.000     2.000     1.000     2.000    -0.211
     0.000     3.000     0.000     2.000     2.000    -0.300
     3.000     1.000     2.000     3.000     1.000     0.080
     2.000     3.000     2.000     4.000     1.000     0.587
     1.000     2.000     1.000     1.000     2.000    -0.460
     2.000     3.000     3.000     3.000     3.000     0.694
     1.000     2.000     4.000     1.000     4.000     0.112
     2.000     2.000     3.000     3.000     2.000     0.350
     2.000     2.000     2.000     1.000     1.000    -0.352
     1.000     2.000     2.000     2.000     2.000    -0.134
     3.000     3.000     2.000     3.000     2.000     0.623
     2.000     2.000     2.000     2.000     3.000     0.158
     2.000     3.000     2.000     2.000     0.000    -0.075
     0.000     1.000     0.000     0.000     1.000    -1.401
     2.000     3.000     1.000     3.000     4.000     0.651
     2.000     3.000     1.000     3.000     4.000     0.651
     0.000     2.000     1.000     0.000     0.000    -1.242
     2.000     3.000     2.000     2.000     2.000     0.217
     1.000     3.000     1.000     2.000     2.000    -0.030
     3.000     3.000     3.000     3.000     2.000     0.721
     0.000     1.000     0.000     0.000     2.000    -1.237
     0.000     0.000     2.000     1.000     2.000    -0.960
     2.000     3.000     3.000     4.000     4.000     1.119
     3.000     3.000     3.000     0.000     3.000     0.096
     0.000     3.000     0.000     0.000     2.000    -0.815
     0.000     0.000     1.000     0.000     1.000    -1.519
     1.000     3.000     1.000     3.000     2.000     0.204
     1.000     2.000     2.000     1.000     2.000    -0.368
     0.000     2.000     2.000     1.000     0.000    -0.860
     3.000     2.000     2.000     3.000     2.000     0.418
     4.000     4.000     3.000     4.000     4.000     1.786
     2.000     2.000     2.000     1.000     2.000    -0.211
     3.000     3.000     3.000     3.000     3.000     0.864
     1.000     2.000     3.000     3.000     3.000     0.331
     0.000     1.000     3.000     3.000     2.000    -0.172
     0.000     1.000     0.000     3.000     2.000    -0.454
     2.000     2.000     2.000     2.000     3.000     0.158
     2.000     3.000     2.000     2.000     2.000     0.217
     0.000     0.000     1.000     1.000     2.000    -1.058
     1.000     0.000     1.000     1.000     3.000    -0.707
     3.000     3.000     1.000     4.000     3.000     0.943
     2.000     2.000     2.000     1.000     1.000    -0.352
     0.000     3.000     2.000     3.000     3.000     0.267
     1.000     2.000     2.000     2.000     1.000    -0.274
     3.000     4.000     3.000     4.000     3.000     1.368
     1.000     1.000     1.000     2.000     2.000    -0.414
     3.000     2.000     3.000     1.000     2.000     0.044
     1.000     3.000     2.000     0.000     3.000    -0.304
     1.000     3.000     3.000     3.000     1.000     0.249
     1.000     3.000     2.000     3.000     3.000     0.437
