     1.000     3.000     2.000     0.178
     1.000     3.000     2.000     0.178
     3.000     1.000     0.000    -0.432
     2.000     2.000     2.000     0.180
     3.000     3.000     0.000    -0.207
     1.000     2.000     1.000    -0.219
     2.000     2.000     1.000    -0.105
     2.000     2.000     2.000     0.180
     3.000     2.000     3.000     0.552
     1.000     2.000     2.000     0.072
     2.000     2.000     0.000    -0.434
     3.000     1.000     0.000    -0.432
     2.000     1.000     2.000     0.072
     2.000     2.000     1.000    -0.105
     2.000     1.000     2.000     0.072
     0.000     3.000     2.000     0.066
     3.000     2.000     3.000     0.552
     2.000     1.000     1.000    -0.222
     3.000     1.000     0.000    -0.432
     3.000     1.000     2.000     0.189
     2.000     1.000     1.000    -0.222
     3.000     2.000     3.000     0.552
     3.000     4.000     3.000     0.791
     2.000     1.000     1.000    -0.222
     1.000     1.000     1.000    -0.337
     3.000     1.000     1.000    -0.098
     2.000     2.000     2.000     0.180
     1.000     1.000     1.000    -0.337
     3.000     4.000     4.000     1.086
     2.000     1.000     1.000    -0.222
     3.000     1.000     1.000    -0.098
     3.000     2.000     1.000     0.018
     2.000     0.000     2.000    -0.056
     3.000     3.000     1.000     0.130
     3.000     1.000     0.000    -0.432
     1.000     2.000     2.000     0.072
     3.000     1.000     2.000     0.189
     1.000     1.000     1.000    -0.337
     3.000     2.000     3.000     0.552
     3.000     2.000     1.000     0.018
     3.000     2.000     0.000    -0.315
     3.000     2.000     2.000     0.297
     2.000     3.000     1.000     0.007
     3.000     3.000     1.000     0.130
     3.000     2.000     2.000     0.297
     3.000     2.000     2.000     0.297
     2.000     2.000     1.000    -0.105
     3.000     3.000     1.000     0.130
     3.000     0.000     2.000     0.060
     3.000     3.000     1.000     0.130
     0.000     3.000     3.000     0.319
     2.000     2.000     2.000     0.180
     2.000     1.000     1.000    -0.222
     2.000     2.000     3.000     0.433
     3.000     1.000     2.000     0.189
     3.000     1.000     1.000    -0.098
     3.000     3.000     1.000     0.130
     2.000     2.000     2.000     0.180
     3.000     2.000     1.000     0.018
     2.000     2.000     2.000     0.180
     3.000     2.000     3.000     0.552
     2.000     2.000     2.000     0.180
     2.000     1.000     1.000    -0.222
     4.000     0.000     2.000     0.194
     3.000     1.000     1.000    -0.098
     2.000     3.000     1.000     0.007
     3.000     1.000     2.000     0.189
     3.000     3.000     3.000     0.662
     2.000     2.000     1.000    -0.105
     1.000     2.000     1.000    -0.219
     3.000     2.000     1.000     0.018
     3.000     1.000     2.000     0.189
     2.000     1.000     2.000     0.072
     2.000     3.000     2.000     0.286
     2.000     2.000     2.000     0.180
     3.000     3.000     1.000     0.130
     3.000     3.000     1.000     0.130
     3.000     3.000     3.000     0.662
     3.000     2.000     2.000     0.297
     3.000     1.000     2.000     0.189
     2.000     3.000     1.000     0.007
     3.000     2.000     1.000     0.018
     3.000     2.000     1.000     0.018
     3.000     1.000     1.000    -0.098
     1.000     0.000     0.000    -0.821
     2.000     2.000     1.000    -0.105
     2.000     1.000     1.000    -0.222
     3.000     3.000     2.000     0.405
     2.000     3.000     1.000     0.007
     4.000     3.000     3.000     0.801
     3.000     1.000     1.000    -0.098
     3.000     1.000     1.000    -0.098
     3.000     1.000     1.000    -0.098
     2.000     2.000     2.000     0.180
     3.000     2.000     0.000    -0.315
     2.000     2.000     2.000     0.180
     0.000     1.000     0.000    -0.803
     3.000     1.000     1.000    -0.098
     2.000     2.000     2.000     0.180
     3.000     3.000     1.000     0.130
     2.000     0.000     0.000    -0.698
     3.000     3.000     3.000     0.662
     3.000     1.000     2.000     0.189
     3.000     2.000     2.000     0.297
     2.000     1.000     1.000    -0.222
     4.000     1.000     2.000     0.323
     0.000     3.000     1.000    -0.228
     1.000     3.000     0.000    -0.437
     2.000     2.000     2.000     0.180
     4.000     3.000     3.000     0.801
     2.000     0.000     0.000    -0.698
     2.000     3.000     0.000    -0.325
     2.000     1.000     1.000    -0.222
     3.000     3.000     1.000     0.130
     2.000     2.000     1.000    -0.105
     4.000     1.000     3.000     0.580
     3.000     2.000     3.000     0.552
     0.000     3.000     1.000    -0.228
     2.000     1.000     0.000    -0.553
     1.000     1.000     1.000    -0.337
     4.000     0.000     0.000    -0.427
     3.000     2.000     3.000     0.552
     3.000     1.000     0.000    -0.432
     2.000     2.000     1.000    -0.105
     3.000     3.000     1.000     0.130
     4.000     3.000     3.000     0.801
     1.000     1.000     1.000    -0.337
     2.000     2.000     2.000     0.180
     2.000     0.000     0.000    -0.698
     3.000     1.000     1.000    -0.098
     3.000     2.000     2.000     0.297
     2.000     1.000     1.000    -0.222
     2.000     2.000     1.000    -0.105
     1.000     1.000     0.000    -0.670
     2.000     2.000     1.000    -0.105
     2.000     2.000     2.000     0.180
     4.000     2.000     1.000     0.159
     3.000     1.000     0.000    -0.432
     2.000     2.000     2.000     0.180
     3.000     3.000     3.000     0.662
     3.000     2.000     2.000     0.297
     1.000     1.000     1.000    -0.337
     2.000     2.000     2.000     0.180
     1.000     0.000     1.000    -0.476
     2.000     3.000     1.000     0.007
     2.000     1.000     2.000     0.072
     2.000     1.000     0.000    -0.553
     3.000     1.000     0.000    -0.432
     2.000     2.000     1.000    -0.105
     2.000     2.000     1.000    -0.105
     1.000     2.000     1.000    -0.219
     2.000     0.000     0.000    -0.698
     3.000     1.000     1.000    -0.098
     0.000     2.000     0.000    -0.674
     4.000     4.000     1.000     0.400
     2.000     1.000     1.000    -0.222
     1.000     3.000     1.000    -0.107
     4.000     2.000     3.000     0.689
     3.000     2.000     2.000     0.297
     3.000     3.000     3.000     0.662
     3.000     2.000     1.000     0.018
     1.000     3.000     1.000    -0.107
     3.000     1.000     3.000     0.444
     2.000     2.000     0.000    -0.434
     3.000     1.000     1.000    -0.098
     3.000     0.000     0.000    -0.571
     3.000     2.000     0.000    -0.315
     1.000     1.000     1.000    -0.337
     1.000     2.000     1.000    -0.219
     1.000     1.000     1.000    -0.337
     0.000     0.000     0.000    -0.964
     2.000     1.000     2.000     0.072
     1.000     1.000     1.000    -0.337
     1.000     2.000     1.000    -0.219
     3.000     3.000     2.000     0.405
     2.000     3.000     1.000     0.007
     2.000     2.000     2.000     0.180
     3.000     1.000     1.000    -0.098
     3.000     0.000     1.000    -0.237
     1.000     1.000     1.000    -0.337
     2.000     2.000     2.000     0.180
     3.000     1.000     1.000    -0.098
     4.000     3.000     1.000     0.271
     0.000     1.000     0.000    -0.803
     1.000     2.000     1.000    -0.219
     2.000     2.000     1.000    -0.105
     2.000     1.000     2.000     0.072
     3.000     1.000     2.000     0.189
     2.000     0.000     2.000    -0.056
     2.000     3.000     2.000     0.286
     1.000     1.000     2.000    -0.036
     2.000     1.000     0.000    -0.553
     1.000     1.000     1.000    -0.337
     0.000     4.000     1.000    -0.096
     3.000     3.000     1.000     0.130
     2.000     0.000     1.000    -0.360
     2.000     2.000     1.000    -0.105
     3.000     1.000     0.000    -0.432
     2.000     1.000     1.000    -0.222
     3.000     4.000     1.000     0.261
     1.000     2.000     1.000    -0.219
     2.000     3.000     2.000     0.286
     2.000     1.000     1.000    -0.222
     4.000     4.000     4.000     1.238
     4.000     2.000     2.000     0.431
     1.000     2.000     1.000    -0.219
     2.000     2.000     1.000    -0.105
     3.000     1.000     1.000    -0.098
     1.000     1.000     0.000    -0.670
     2.000     4.000     3.000     0.667
     3.000     4.000     1.000     0.261
     3.000     2.000     2.000     0.297
     3.000     2.000     2.000     0.297
     2.000     0.000     2.000    -0.056
     3.000     1.000     3.000     0.444
     3.000     3.000     1.000     0.130
     2.000     3.000     1.000     0.007
     2.000     2.000     1.000    -0.105
     2.000     3.000     3.000     0.541
     2.000     2.000     2.000     0.180
     1.000     0.000     1.000    -0.476
     3.000     3.000     1.000     0.130
     0.000     1.000     1.000    -0.460
     3.000     3.000     2.000     0.405
     2.000     1.000     1.000    -0.222
     2.000     1.000     1.000    -0.222
     2.000     2.000     2.000     0.180
     3.000     3.000     2.000     0.405
     2.000     1.000     0.000    -0.553
     3.000     2.000     2.000     0.297
     4.000     3.000     1.000     0.271
     1.000     1.000     1.000    -0.337
     2.000     2.000     2.000     0.180
     2.000     1.000     2.000     0.072
     1.000     2.000     1.000    -0.219
     2.000     2.000     1.000    -0.105
     2.000     1.000     2.000     0.072
     3.000     3.000     2.000     0.405
     2.000     1.000     1.000    -0.222
     2.000     2.000     1.000    -0.105
     1.000     1.000     1.000    -0.337
     2.000     1.000     2.000     0.072
     4.000     4.000     4.000     1.238
     2.000     1.000     2.000     0.072
     1.000     1.000     2.000    -0.036
     3.000     1.000     3.000     0.444
     1.000     1.000     1.000    -0.337
     3.000     3.000     3.000     0.662
     2.000     1.000     2.000     0.072
     3.000     2.000     2.000     0.297
     4.000     3.000     1.000     0.271
     4.000     4.000     3.000     0.933
     0.000     1.000     1.000    -0.460
     2.000     1.000     2.000     0.072
     3.000     3.000     1.000     0.130
     2.000     2.000     1.000    -0.105
     2.000     2.000     0.000    -0.434
     3.000     1.000     0.000    -0.432
     2.000     2.000     1.000    -0.105
     3.000     2.000     2.000     0.297
     2.000     1.000     2.000     0.072
     3.000     2.000     3.000     0.552
     2.000     2.000     2.000     0.180
     4.000     3.000     3.000     0.801
     2.000     2.000     1.000    -0.105
     2.000     1.000     2.000     0.072
     2.000     1.000     1.000    -0.222
     2.000     1.000     0.000    -0.553
     3.000     1.000     0.000    -0.432
     1.000     0.000     0.000    -0.821
     2.000     2.000     2.000     0.180
     1.000     1.000     1.000    -0.337
     3.000     1.000     1.000    -0.098
     3.000     1.000     2.000     0.189
     1.000     2.000     1.000    -0.219
     2.000     2.000     2.000     0.180
     1.000     1.000     1.000    -0.337
     1.000     1.000     2.000    -0.036
     2.000     3.000     2.000     0.286
     2.000     1.000     1.000    -0.222
     1.000     1.000     1.000    -0.337
     2.000     1.000     1.000    -0.222
     2.000     1.000     1.000    -0.222
     1.000     2.000     1.000    -0.219
     4.000     2.000     2.000     0.431
     2.000     1.000     4.000     0.617
     4.000     2.000     3.000     0.689
     1.000     3.000     1.000    -0.107
     2.000     2.000     1.000    -0.105
     1.000     2.000     1.000    -0.219
     3.000     3.000     3.000     0.662
     4.000     4.000     0.000     0.051
     1.000     1.000     0.000    -0.670
     1.000     1.000     1.000    -0.337
     3.000     0.000     1.000    -0.237
     2.000     0.000     1.000    -0.360
     2.000     2.000     1.000    -0.105
     2.000     3.000     1.000     0.007
     0.000     1.000     2.000    -0.149
     2.000     1.000     1.000    -0.222
     1.000     3.000     2.000     0.178
     2.000     3.000     1.000     0.007
     4.000     3.000     3.000     0.801
     4.000     2.000     1.000     0.159
     3.000     3.000     1.000     0.130
     0.000     0.000     1.000    -0.600
     3.000     3.000     2.000     0.405
     2.000     0.000     3.000     0.198
     3.000     1.000     1.000    -0.098
     2.000     1.000     1.000    -0.222
     3.000     3.000     3.000     0.662
     2.000     0.000     1.000    -0.360
     4.000     2.000     3.000     0.689
     2.000     3.000     1.000     0.007
     1.000     4.000     2.000     0.301
     3.000     1.000     1.000    -0.098
     1.000     1.000     1.000    -0.337
     2.000     0.000     0.000    -0.698
     1.000     2.000     1.000    -0.219
     2.000     2.000     2.000     0.180
     3.000     3.000     0.000    -0.207
     2.000     1.000     1.000    -0.222
     2.000     2.000     2.000     0.180
     1.000     1.000     0.000    -0.670
     2.000     2.000     1.000    -0.105
     3.000     3.000     1.000     0.130
     2.000     1.000     1.000    -0.222
     3.000     3.000     4.000     0.954
     3.000     2.000     2.000     0.297
     3.000     2.000     2.000     0.297
     1.000     1.000     1.000    -0.337
     3.000     0.000     2.000     0.060
     1.000     2.000     0.000    -0.548
     3.000     2.000     2.000     0.297
     1.000     1.000     1.000    -0.337
     4.000     4.000     2.000     0.666
     2.000     1.000     2.000     0.072
     3.000     2.000     1.000     0.018
     1.000     2.000     0.000    -0.548
     1.000     1.000     1.000    -0.337
     3.000     3.000     2.000     0.405
     1.000     1.000     1.000    -0.337
     3.000     3.000     3.000     0.662
     4.000     2.000     2.000     0.431
     3.000     2.000     2.000     0.297
     1.000     0.000     0.000    -0.821
     2.000     2.000     2.000     0.180
     2.000     2.000     1.000    -0.105
     2.000     1.000     2.000     0.072
     3.000     3.000     2.000     0.405
     0.000     0.000     0.000    -0.964
     4.000     0.000     3.000     0.450
     4.000     0.000     3.000     0.450
     2.000     2.000     0.000    -0.434
     3.000     2.000     2.000     0.297
     2.000     1.000     1.000    -0.222
     1.000     2.000     1.000    -0.219
     3.000     2.000     3.000     0.552
     0.000     2.000     1.000    -0.340
     3.000     2.000     2.000     0.297
     1.000     3.000     1.000    -0.107
     2.000     2.000     0.000    -0.434
     1.000     2.000     1.000    -0.219
     3.000     1.000     1.000    -0.098
     2.000     3.000     1.000     0.007
     2.000     0.000     1.000    -0.360
     2.000     2.000     2.000     0.180
     4.000     3.000     3.000     0.801
     3.000     0.000     0.000    -0.571
     3.000     1.000     1.000    -0.098
     3.000     2.000     2.000     0.297
     3.000     3.000     2.000     0.405
     1.000     0.000     1.000    -0.476
     2.000     1.000     1.000    -0.222
     1.000     1.000     0.000    -0.670
     1.000     2.000     1.000    -0.219
     1.000     2.000     3.000     0.324
     3.000     3.000     3.000     0.662
     2.000     1.000     1.000    -0.222
     1.000     3.000     1.000    -0.107
     2.000     3.000     2.000     0.286
     3.000     1.000     0.000    -0.432
     2.000     2.000     0.000    -0.434
     2.000     2.000     2.000     0.180
     2.000     0.000     0.000    -0.698
     3.000     2.000     1.000     0.018
     2.000     3.000     3.000     0.541
