Call:corr.test(x = facetts, y = criterion)
Correlation matrix 
       gpa_cc gpa_cc_num gpa_univ gpa_univ_num hsgpa hsgpa_num lifesat sattotal satverb satquant
sumsA1  -0.21       0.32    -0.03         0.05 -0.13      0.12    0.16     0.03    0.04     0.03
sumsA2  -0.06       0.26    -0.05         0.12 -0.17      0.17    0.19     0.02   -0.02     0.03
sumsA3   0.11       0.00    -0.01         0.08 -0.02      0.02    0.03    -0.02   -0.14    -0.11
sumsA4  -0.22       0.15    -0.12         0.12 -0.09      0.09   -0.05     0.08    0.13     0.10
sumsA5  -0.03       0.02     0.02        -0.03  0.03     -0.03   -0.18    -0.06    0.03    -0.10
sumsA6  -0.14       0.23    -0.04         0.06 -0.16      0.17    0.25    -0.02   -0.06     0.02
sumsA7  -0.03       0.12    -0.01         0.10 -0.17      0.16    0.12    -0.05   -0.15    -0.15
sumsA8  -0.15       0.20    -0.13         0.18 -0.15      0.15    0.14     0.02    0.14     0.05
sumsC1  -0.09       0.10    -0.03         0.03 -0.06      0.06    0.03     0.04    0.21     0.19
sumsC2  -0.05       0.19    -0.10         0.15 -0.12      0.12    0.27    -0.04   -0.07    -0.02
sumsC3   0.06       0.12    -0.06         0.17 -0.13      0.13    0.19    -0.06   -0.05    -0.03
sumsC4  -0.18       0.35    -0.07         0.17 -0.17      0.16    0.20    -0.06    0.00    -0.02
sumsC5  -0.14       0.38    -0.15         0.24 -0.22      0.22    0.28    -0.07    0.01     0.02
sumsC6  -0.15       0.32    -0.01         0.11 -0.16      0.16    0.23     0.00    0.09     0.10
sumsC7  -0.07       0.21    -0.01         0.08 -0.14      0.14    0.11    -0.09   -0.17    -0.11
sumsC8  -0.14       0.17     0.02         0.13 -0.12      0.11    0.10    -0.04    0.07     0.05
sumsC9  -0.25       0.40    -0.08         0.17 -0.13      0.13    0.23    -0.02   -0.05    -0.06
sumsE1   0.02       0.13     0.04        -0.03 -0.11      0.11    0.26    -0.03    0.01    -0.10
sumsE2   0.05      -0.22     0.08        -0.19  0.14     -0.14    0.00     0.02    0.02    -0.04
sumsE3   0.12      -0.07     0.00        -0.01 -0.06      0.06    0.20    -0.12   -0.15    -0.16
sumsE4  -0.04       0.20    -0.01         0.04 -0.07      0.07    0.49    -0.08   -0.09    -0.07
sumsE5  -0.04       0.11     0.03        -0.09 -0.01      0.00    0.09    -0.05    0.11     0.03
sumsE6  -0.04       0.05    -0.01        -0.01 -0.06      0.06    0.11    -0.01    0.05    -0.09
sumsE7  -0.05       0.17     0.04        -0.09 -0.03      0.02    0.16     0.16    0.15     0.10
sumsE8  -0.07       0.17     0.04        -0.05 -0.06      0.05    0.22    -0.03    0.02    -0.04
sumsE9  -0.09       0.11    -0.04         0.07 -0.06      0.06    0.25    -0.05   -0.03    -0.02
sumsN1   0.07       0.02    -0.09         0.13 -0.11      0.11    0.22     0.03    0.00     0.02
sumsN2  -0.01       0.16    -0.04         0.09 -0.09      0.09    0.53    -0.04   -0.12    -0.05
sumsN3   0.08       0.03     0.07        -0.02  0.01     -0.01    0.31    -0.03   -0.07    -0.06
sumsN4  -0.02       0.12     0.01         0.00 -0.03      0.03    0.25     0.10    0.13     0.14
sumsN5  -0.04       0.17    -0.05         0.08 -0.08      0.08    0.27    -0.02   -0.07    -0.01
sumsN6   0.19      -0.16     0.03        -0.01  0.06     -0.05    0.18     0.01    0.01     0.07
sumsN7   0.07      -0.05     0.04        -0.03 -0.01      0.00    0.21    -0.08   -0.15    -0.18
sumsO1  -0.15       0.21     0.03        -0.11  0.01     -0.01    0.06     0.01    0.02    -0.06
sumsO2  -0.08       0.17     0.01         0.04 -0.10      0.09    0.18     0.03    0.06    -0.02
sumsO3  -0.23       0.38     0.09        -0.02 -0.15      0.14    0.22    -0.04    0.05     0.03
sumsO4  -0.24       0.34    -0.05         0.12 -0.16      0.15    0.07     0.13    0.25     0.06
sumsO5  -0.12       0.19     0.11        -0.06 -0.05      0.04    0.04    -0.02    0.08    -0.08
sumsO6  -0.23       0.40     0.01         0.07 -0.10      0.10    0.13     0.11    0.24     0.17
sumsO7  -0.20       0.39    -0.04         0.12 -0.10      0.10    0.21     0.07    0.14     0.11
sumsO8  -0.10       0.21     0.04         0.01 -0.12      0.12    0.18    -0.02    0.08    -0.07
sumsO9  -0.17       0.39    -0.02         0.11 -0.21      0.20    0.24     0.16    0.27     0.26
       satwrite acttotal acteng actmath actread actwrite actsci absences2 absences4 highedlvl2
sumsA1     0.05     0.13   0.03   -0.02    0.02     0.00  -0.01     -0.07     -0.09       0.02
sumsA2     0.03     0.13   0.10    0.10    0.08    -0.06   0.07     -0.07     -0.15      -0.02
sumsA3    -0.08    -0.01   0.02    0.03   -0.02    -0.01  -0.02      0.07     -0.12      -0.15
sumsA4     0.05     0.08   0.00    0.01    0.00     0.07   0.00     -0.14      0.03      -0.01
sumsA5    -0.03    -0.06  -0.07   -0.14   -0.08     0.12  -0.11     -0.02      0.04       0.05
sumsA6    -0.02     0.00   0.00   -0.08   -0.06     0.04  -0.07     -0.15     -0.10       0.08
sumsA7    -0.13     0.08   0.05    0.09    0.04    -0.07   0.04     -0.14     -0.19      -0.08
sumsA8     0.05     0.10   0.04    0.00    0.02    -0.02   0.00     -0.10     -0.08       0.16
sumsC1     0.10     0.01  -0.03   -0.06   -0.03    -0.04  -0.01     -0.07      0.09       0.11
sumsC2    -0.02    -0.01   0.06    0.09    0.07    -0.01   0.09     -0.10     -0.18       0.07
sumsC3    -0.11    -0.05   0.10    0.13    0.09    -0.04   0.07     -0.14     -0.24      -0.03
sumsC4    -0.04     0.08   0.01    0.02   -0.04     0.01   0.00     -0.22     -0.26       0.01
sumsC5    -0.02     0.08   0.05    0.03    0.02    -0.03   0.03     -0.19     -0.27       0.04
sumsC6    -0.02     0.12   0.08    0.05    0.05    -0.10   0.05     -0.18     -0.18       0.15
sumsC7    -0.06    -0.06   0.02    0.01   -0.02    -0.02   0.00     -0.21     -0.21      -0.02
sumsC8    -0.07     0.03   0.08    0.06    0.06     0.02   0.06     -0.14     -0.05       0.05
sumsC9    -0.04     0.01   0.05    0.05    0.05     0.06   0.08     -0.21     -0.24      -0.02
sumsE1     0.11    -0.05  -0.07   -0.14   -0.10    -0.07  -0.13     -0.03     -0.04      -0.02
sumsE2     0.01    -0.06  -0.14   -0.14   -0.12    -0.05  -0.07      0.13      0.23      -0.02
sumsE3    -0.05    -0.04  -0.04   -0.06   -0.04     0.10  -0.04      0.02     -0.01      -0.08
sumsE4    -0.07    -0.03  -0.02   -0.07   -0.04    -0.07  -0.03     -0.07     -0.07       0.10
sumsE5     0.05     0.03   0.01   -0.04    0.02     0.02   0.02      0.02      0.08       0.10
sumsE6     0.02     0.00  -0.05   -0.13   -0.06     0.06  -0.09     -0.02      0.02       0.06
sumsE7     0.14     0.05  -0.02   -0.12    0.00    -0.08  -0.02      0.15      0.05       0.08
sumsE8     0.02    -0.03  -0.12   -0.19   -0.13    -0.01  -0.14     -0.06      0.01       0.04
sumsE9    -0.05    -0.01  -0.03   -0.07   -0.07    -0.11  -0.01     -0.07     -0.17       0.04
sumsN1    -0.04     0.12   0.16    0.17    0.14    -0.10   0.11     -0.05     -0.16      -0.04
sumsN2    -0.08    -0.04   0.09    0.05    0.06    -0.05   0.08     -0.04     -0.15      -0.02
sumsN3     0.00    -0.11   0.00    0.01    0.01    -0.06   0.03      0.02     -0.06      -0.03
sumsN4     0.12     0.09   0.04    0.00    0.01    -0.14   0.05     -0.12      0.04       0.09
sumsN5     0.01    -0.11  -0.01    0.01   -0.01    -0.09   0.00     -0.09     -0.18       0.01
sumsN6    -0.01    -0.01   0.14    0.16    0.12    -0.09   0.18      0.04     -0.02       0.10
sumsN7    -0.04    -0.09   0.00    0.03    0.00    -0.03   0.04      0.08     -0.11      -0.01
sumsO1     0.04     0.04  -0.01   -0.10   -0.03    -0.09  -0.03      0.02      0.01       0.19
sumsO2    -0.02     0.12   0.05   -0.04    0.05     0.01  -0.01     -0.07      0.02       0.08
sumsO3     0.01     0.09   0.08   -0.02    0.03     0.05   0.01     -0.16     -0.06       0.11
sumsO4     0.17     0.23   0.20    0.08    0.20     0.03   0.13     -0.05     -0.07       0.17
sumsO5     0.02     0.06   0.08   -0.04    0.04    -0.07  -0.01     -0.01      0.04       0.22
sumsO6     0.11     0.23   0.16    0.06    0.13    -0.10   0.11     -0.07      0.02       0.11
sumsO7     0.08     0.11   0.05   -0.04    0.03    -0.05   0.00     -0.10     -0.09       0.05
sumsO8    -0.02     0.09  -0.09   -0.14   -0.09    -0.01  -0.13     -0.02      0.00       0.02
sumsO9     0.19     0.22   0.18    0.16    0.16     0.04   0.20     -0.19     -0.05       0.07
       highedlvl4 gcfac1 gqfac1 gffac1 gvfac1 grfac1 cog15fac1
sumsA1       0.04   0.19   0.06   0.17   0.09   0.14      0.19
sumsA2       0.09   0.21   0.08   0.24   0.12   0.11      0.23
sumsA3       0.04   0.09   0.01   0.06   0.00   0.01      0.05
sumsA4      -0.13   0.03   0.02   0.08   0.06   0.04      0.06
sumsA5      -0.08  -0.05  -0.10  -0.06  -0.11   0.02     -0.07
sumsA6      -0.07   0.05   0.00   0.09   0.04   0.06      0.08
sumsA7       0.06   0.13   0.04   0.17   0.08   0.05      0.14
sumsA8       0.03   0.12   0.07   0.11   0.10   0.10      0.12
sumsC1      -0.01   0.01   0.07  -0.04   0.05   0.05      0.01
sumsC2       0.08   0.03   0.11   0.06   0.07  -0.02      0.06
sumsC3       0.14   0.04   0.01   0.03   0.02  -0.03      0.03
sumsC4      -0.06   0.03   0.03   0.07   0.04   0.00      0.04
sumsC5      -0.01   0.11   0.06   0.11   0.04   0.06      0.10
sumsC6      -0.04   0.20   0.15   0.18   0.14   0.11      0.20
sumsC7       0.02  -0.04   0.01   0.01  -0.01  -0.09     -0.04
sumsC8      -0.07   0.10   0.06   0.05   0.08   0.07      0.09
sumsC9       0.00   0.04   0.08   0.06   0.06   0.07      0.06
sumsE1       0.00   0.02  -0.01  -0.01  -0.05   0.07      0.00
sumsE2      -0.06  -0.11  -0.04  -0.11   0.02  -0.07     -0.10
sumsE3      -0.04  -0.09  -0.07  -0.07  -0.10   0.00     -0.09
sumsE4      -0.03   0.03   0.04   0.07   0.06   0.07      0.07
sumsE5      -0.03   0.03   0.03  -0.03   0.01   0.08      0.02
sumsE6      -0.13  -0.01  -0.10  -0.04  -0.06   0.09     -0.03
sumsE7      -0.02   0.15   0.09   0.09   0.06   0.18      0.14
sumsE8      -0.09  -0.05  -0.06  -0.01  -0.02   0.06     -0.02
sumsE9      -0.02  -0.03   0.01  -0.01   0.03   0.00     -0.01
sumsN1       0.05   0.14   0.09   0.11   0.12   0.07      0.14
sumsN2       0.04   0.01   0.06   0.08   0.07   0.03      0.06
sumsN3       0.09   0.00   0.03  -0.01   0.03  -0.01      0.01
sumsN4       0.05   0.15   0.13   0.12   0.17   0.13      0.16
sumsN5       0.04  -0.01  -0.04   0.00   0.00  -0.04     -0.02
sumsN6       0.18   0.07   0.13   0.02   0.10  -0.01      0.07
sumsN7       0.12  -0.02  -0.01  -0.02  -0.04  -0.06     -0.03
sumsO1       0.02   0.08   0.04  -0.01   0.03   0.06      0.04
sumsO2      -0.03   0.20   0.04   0.18   0.18   0.15      0.21
sumsO3       0.03   0.19   0.09   0.15   0.11   0.17      0.20
sumsO4       0.09   0.39   0.13   0.21   0.13   0.25      0.30
sumsO5       0.02   0.23  -0.05   0.08   0.15   0.13      0.17
sumsO6      -0.03   0.38   0.16   0.29   0.24   0.26      0.36
sumsO7       0.05   0.37   0.14   0.31   0.21   0.22      0.34
sumsO8      -0.12   0.14  -0.02   0.12   0.05   0.12      0.12
sumsO9       0.09   0.30   0.29   0.29   0.24   0.24      0.34
Sample Size 
       gpa_cc gpa_cc_num gpa_univ gpa_univ_num hsgpa hsgpa_num lifesat sattotal satverb satquant
sumsA1    217        164      499          426   716       716     722      277     235      223
sumsA2    217        164      499          426   716       716     722      277     235      223
sumsA3    217        164      499          426   716       716     722      277     235      223
sumsA4    217        164      499          426   716       716     722      277     235      223
sumsA5    217        164      499          426   716       716     722      277     235      223
sumsA6    217        164      499          426   716       716     722      277     235      223
sumsA7    217        164      499          426   716       716     722      277     235      223
sumsA8    217        164      499          426   716       716     722      277     235      223
sumsC1    217        164      499          426   716       716     722      277     235      223
sumsC2    217        164      499          426   716       716     722      277     235      223
sumsC3    217        164      499          426   716       716     722      277     235      223
sumsC4    217        164      499          426   716       716     722      277     235      223
sumsC5    217        164      499          426   716       716     722      277     235      223
sumsC6    217        164      499          426   716       716     722      277     235      223
sumsC7    217        164      499          426   716       716     722      277     235      223
sumsC8    217        164      499          426   716       716     722      277     235      223
sumsC9    217        164      499          426   716       716     722      277     235      223
sumsE1    217        164      499          426   716       716     722      277     235      223
sumsE2    217        164      499          426   716       716     722      277     235      223
sumsE3    217        164      499          426   716       716     722      277     235      223
sumsE4    217        164      499          426   716       716     722      277     235      223
sumsE5    217        164      499          426   716       716     722      277     235      223
sumsE6    217        164      499          426   716       716     722      277     235      223
sumsE7    217        164      499          426   716       716     722      277     235      223
sumsE8    217        164      499          426   716       716     722      277     235      223
sumsE9    217        164      499          426   716       716     722      277     235      223
sumsN1    217        164      499          426   716       716     722      277     235      223
sumsN2    217        164      499          426   716       716     722      277     235      223
sumsN3    217        164      499          426   716       716     722      277     235      223
sumsN4    217        164      499          426   716       716     722      277     235      223
sumsN5    217        164      499          426   716       716     722      277     235      223
sumsN6    217        164      499          426   716       716     722      277     235      223
sumsN7    217        164      499          426   716       716     722      277     235      223
sumsO1    217        164      499          426   716       716     722      277     235      223
sumsO2    217        164      499          426   716       716     722      277     235      223
sumsO3    217        164      499          426   716       716     722      277     235      223
sumsO4    217        164      499          426   716       716     722      277     235      223
sumsO5    217        164      499          426   716       716     722      277     235      223
sumsO6    217        164      499          426   716       716     722      277     235      223
sumsO7    217        164      499          426   716       716     722      277     235      223
sumsO8    217        164      499          426   716       716     722      277     235      223
sumsO9    217        164      499          426   716       716     722      277     235      223
       satwrite acttotal acteng actmath actread actwrite actsci absences2 absences4 highedlvl2
sumsA1      206      349    256     256     255      206    256       217       499        217
sumsA2      206      349    256     256     255      206    256       217       499        217
sumsA3      206      349    256     256     255      206    256       217       499        217
sumsA4      206      349    256     256     255      206    256       217       499        217
sumsA5      206      349    256     256     255      206    256       217       499        217
sumsA6      206      349    256     256     255      206    256       217       499        217
sumsA7      206      349    256     256     255      206    256       217       499        217
sumsA8      206      349    256     256     255      206    256       217       499        217
sumsC1      206      349    256     256     255      206    256       217       499        217
sumsC2      206      349    256     256     255      206    256       217       499        217
sumsC3      206      349    256     256     255      206    256       217       499        217
sumsC4      206      349    256     256     255      206    256       217       499        217
sumsC5      206      349    256     256     255      206    256       217       499        217
sumsC6      206      349    256     256     255      206    256       217       499        217
sumsC7      206      349    256     256     255      206    256       217       499        217
sumsC8      206      349    256     256     255      206    256       217       499        217
sumsC9      206      349    256     256     255      206    256       217       499        217
sumsE1      206      349    256     256     255      206    256       217       499        217
sumsE2      206      349    256     256     255      206    256       217       499        217
sumsE3      206      349    256     256     255      206    256       217       499        217
sumsE4      206      349    256     256     255      206    256       217       499        217
sumsE5      206      349    256     256     255      206    256       217       499        217
sumsE6      206      349    256     256     255      206    256       217       499        217
sumsE7      206      349    256     256     255      206    256       217       499        217
sumsE8      206      349    256     256     255      206    256       217       499        217
sumsE9      206      349    256     256     255      206    256       217       499        217
sumsN1      206      349    256     256     255      206    256       217       499        217
sumsN2      206      349    256     256     255      206    256       217       499        217
sumsN3      206      349    256     256     255      206    256       217       499        217
sumsN4      206      349    256     256     255      206    256       217       499        217
sumsN5      206      349    256     256     255      206    256       217       499        217
sumsN6      206      349    256     256     255      206    256       217       499        217
sumsN7      206      349    256     256     255      206    256       217       499        217
sumsO1      206      349    256     256     255      206    256       217       499        217
sumsO2      206      349    256     256     255      206    256       217       499        217
sumsO3      206      349    256     256     255      206    256       217       499        217
sumsO4      206      349    256     256     255      206    256       217       499        217
sumsO5      206      349    256     256     255      206    256       217       499        217
sumsO6      206      349    256     256     255      206    256       217       499        217
sumsO7      206      349    256     256     255      206    256       217       499        217
sumsO8      206      349    256     256     255      206    256       217       499        217
sumsO9      206      349    256     256     255      206    256       217       499        217
       highedlvl4 gcfac1 gqfac1 gffac1 gvfac1 grfac1 cog15fac1
sumsA1        499    706    706    706    706    699       699
sumsA2        499    706    706    706    706    699       699
sumsA3        499    706    706    706    706    699       699
sumsA4        499    706    706    706    706    699       699
sumsA5        499    706    706    706    706    699       699
sumsA6        499    706    706    706    706    699       699
sumsA7        499    706    706    706    706    699       699
sumsA8        499    706    706    706    706    699       699
sumsC1        499    706    706    706    706    699       699
sumsC2        499    706    706    706    706    699       699
sumsC3        499    706    706    706    706    699       699
sumsC4        499    706    706    706    706    699       699
sumsC5        499    706    706    706    706    699       699
sumsC6        499    706    706    706    706    699       699
sumsC7        499    706    706    706    706    699       699
sumsC8        499    706    706    706    706    699       699
sumsC9        499    706    706    706    706    699       699
sumsE1        499    706    706    706    706    699       699
sumsE2        499    706    706    706    706    699       699
sumsE3        499    706    706    706    706    699       699
sumsE4        499    706    706    706    706    699       699
sumsE5        499    706    706    706    706    699       699
sumsE6        499    706    706    706    706    699       699
sumsE7        499    706    706    706    706    699       699
sumsE8        499    706    706    706    706    699       699
sumsE9        499    706    706    706    706    699       699
sumsN1        499    706    706    706    706    699       699
sumsN2        499    706    706    706    706    699       699
sumsN3        499    706    706    706    706    699       699
sumsN4        499    706    706    706    706    699       699
sumsN5        499    706    706    706    706    699       699
sumsN6        499    706    706    706    706    699       699
sumsN7        499    706    706    706    706    699       699
sumsO1        499    706    706    706    706    699       699
sumsO2        499    706    706    706    706    699       699
sumsO3        499    706    706    706    706    699       699
sumsO4        499    706    706    706    706    699       699
sumsO5        499    706    706    706    706    699       699
sumsO6        499    706    706    706    706    699       699
sumsO7        499    706    706    706    706    699       699
sumsO8        499    706    706    706    706    699       699
sumsO9        499    706    706    706    706    699       699
Probability values  adjusted for multiple tests. 
       gpa_cc gpa_cc_num gpa_univ gpa_univ_num hsgpa hsgpa_num lifesat sattotal satverb satquant
sumsA1   1.00       0.03     1.00         1.00  0.77      1.00    0.02        1    1.00     1.00
sumsA2   1.00       0.67     1.00         1.00  0.00      0.01    0.00        1    1.00     1.00
sumsA3   1.00       1.00     1.00         1.00  1.00      1.00    1.00        1    1.00     1.00
sumsA4   1.00       1.00     1.00         1.00  1.00      1.00    1.00        1    1.00     1.00
sumsA5   1.00       1.00     1.00         1.00  1.00      1.00    0.00        1    1.00     1.00
sumsA6   1.00       1.00     1.00         1.00  0.01      0.01    0.00        1    1.00     1.00
sumsA7   1.00       1.00     1.00         1.00  0.01      0.01    0.87        1    1.00     1.00
sumsA8   1.00       1.00     1.00         0.25  0.07      0.10    0.15        1    1.00     1.00
sumsC1   1.00       1.00     1.00         1.00  1.00      1.00    1.00        1    1.00     1.00
sumsC2   1.00       1.00     1.00         1.00  1.00      1.00    0.00        1    1.00     1.00
sumsC3   1.00       1.00     1.00         0.50  0.31      0.34    0.00        1    1.00     1.00
sumsC4   1.00       0.00     1.00         0.44  0.01      0.01    0.00        1    1.00     1.00
sumsC5   1.00       0.00     0.71         0.00  0.00      0.00    0.00        1    1.00     1.00
sumsC6   1.00       0.04     1.00         1.00  0.02      0.02    0.00        1    1.00     1.00
sumsC7   1.00       1.00     1.00         1.00  0.24      0.17    1.00        1    1.00     1.00
sumsC8   1.00       1.00     1.00         1.00  1.00      1.00    1.00        1    1.00     1.00
sumsC9   0.24       0.00     1.00         0.35  0.30      0.37    0.00        1    1.00     1.00
sumsE1   1.00       1.00     1.00         1.00  1.00      1.00    0.00        1    1.00     1.00
sumsE2   1.00       1.00     1.00         0.08  0.19      0.17    1.00        1    1.00     1.00
sumsE3   1.00       1.00     1.00         1.00  1.00      1.00    0.00        1    1.00     1.00
sumsE4   1.00       1.00     1.00         1.00  1.00      1.00    0.00        1    1.00     1.00
sumsE5   1.00       1.00     1.00         1.00  1.00      1.00    1.00        1    1.00     1.00
sumsE6   1.00       1.00     1.00         1.00  1.00      1.00    1.00        1    1.00     1.00
sumsE7   1.00       1.00     1.00         1.00  1.00      1.00    0.01        1    1.00     1.00
sumsE8   1.00       1.00     1.00         1.00  1.00      1.00    0.00        1    1.00     1.00
sumsE9   1.00       1.00     1.00         1.00  1.00      1.00    0.00        1    1.00     1.00
sumsN1   1.00       1.00     1.00         1.00  1.00      1.00    0.00        1    1.00     1.00
sumsN2   1.00       1.00     1.00         1.00  1.00      1.00    0.00        1    1.00     1.00
sumsN3   1.00       1.00     1.00         1.00  1.00      1.00    0.00        1    1.00     1.00
sumsN4   1.00       1.00     1.00         1.00  1.00      1.00    0.00        1    1.00     1.00
sumsN5   1.00       1.00     1.00         1.00  1.00      1.00    0.00        1    1.00     1.00
sumsN6   1.00       1.00     1.00         1.00  1.00      1.00    0.00        1    1.00     1.00
sumsN7   1.00       1.00     1.00         1.00  1.00      1.00    0.00        1    1.00     1.00
sumsO1   1.00       1.00     1.00         1.00  1.00      1.00    1.00        1    1.00     1.00
sumsO2   1.00       1.00     1.00         1.00  1.00      1.00    0.00        1    1.00     1.00
sumsO3   0.65       0.00     1.00         1.00  0.07      0.12    0.00        1    1.00     1.00
sumsO4   0.39       0.01     1.00         1.00  0.03      0.05    1.00        1    0.10     1.00
sumsO5   1.00       1.00     1.00         1.00  1.00      1.00    1.00        1    1.00     1.00
sumsO6   0.53       0.00     1.00         1.00  1.00      1.00    0.30        1    0.22     1.00
sumsO7   1.00       0.00     1.00         1.00  1.00      1.00    0.00        1    1.00     1.00
sumsO8   1.00       1.00     1.00         1.00  1.00      1.00    0.00        1    1.00     1.00
sumsO9   1.00       0.00     1.00         1.00  0.00      0.00    0.00        1    0.03     0.07
       satwrite acttotal acteng actmath actread actwrite actsci absences2 absences4 highedlvl2
sumsA1        1     1.00      1       1       1        1      1         1      1.00          1
sumsA2        1     1.00      1       1       1        1      1         1      0.64          1
sumsA3        1     1.00      1       1       1        1      1         1      1.00          1
sumsA4        1     1.00      1       1       1        1      1         1      1.00          1
sumsA5        1     1.00      1       1       1        1      1         1      1.00          1
sumsA6        1     1.00      1       1       1        1      1         1      1.00          1
sumsA7        1     1.00      1       1       1        1      1         1      0.03          1
sumsA8        1     1.00      1       1       1        1      1         1      1.00          1
sumsC1        1     1.00      1       1       1        1      1         1      1.00          1
sumsC2        1     1.00      1       1       1        1      1         1      0.07          1
sumsC3        1     1.00      1       1       1        1      1         1      0.00          1
sumsC4        1     1.00      1       1       1        1      1         1      0.00          1
sumsC5        1     1.00      1       1       1        1      1         1      0.00          1
sumsC6        1     1.00      1       1       1        1      1         1      0.04          1
sumsC7        1     1.00      1       1       1        1      1         1      0.00          1
sumsC8        1     1.00      1       1       1        1      1         1      1.00          1
sumsC9        1     1.00      1       1       1        1      1         1      0.00          1
sumsE1        1     1.00      1       1       1        1      1         1      1.00          1
sumsE2        1     1.00      1       1       1        1      1         1      0.00          1
sumsE3        1     1.00      1       1       1        1      1         1      1.00          1
sumsE4        1     1.00      1       1       1        1      1         1      1.00          1
sumsE5        1     1.00      1       1       1        1      1         1      1.00          1
sumsE6        1     1.00      1       1       1        1      1         1      1.00          1
sumsE7        1     1.00      1       1       1        1      1         1      1.00          1
sumsE8        1     1.00      1       1       1        1      1         1      1.00          1
sumsE9        1     1.00      1       1       1        1      1         1      0.09          1
sumsN1        1     1.00      1       1       1        1      1         1      0.22          1
sumsN2        1     1.00      1       1       1        1      1         1      0.81          1
sumsN3        1     1.00      1       1       1        1      1         1      1.00          1
sumsN4        1     1.00      1       1       1        1      1         1      1.00          1
sumsN5        1     1.00      1       1       1        1      1         1      0.07          1
sumsN6        1     1.00      1       1       1        1      1         1      1.00          1
sumsN7        1     1.00      1       1       1        1      1         1      1.00          1
sumsO1        1     1.00      1       1       1        1      1         1      1.00          1
sumsO2        1     1.00      1       1       1        1      1         1      1.00          1
sumsO3        1     1.00      1       1       1        1      1         1      1.00          1
sumsO4        1     0.01      1       1       1        1      1         1      1.00          1
sumsO5        1     1.00      1       1       1        1      1         1      1.00          1
sumsO6        1     0.02      1       1       1        1      1         1      1.00          1
sumsO7        1     1.00      1       1       1        1      1         1      1.00          1
sumsO8        1     1.00      1       1       1        1      1         1      1.00          1
sumsO9        1     0.02      1       1       1        1      1         1      1.00          1
       highedlvl4 gcfac1 gqfac1 gffac1 gvfac1 grfac1 cog15fac1
sumsA1       1.00   0.00   1.00   0.01   1.00   0.17      0.00
sumsA2       1.00   0.00   1.00   0.00   1.00   1.00      0.00
sumsA3       1.00   1.00   1.00   1.00   1.00   1.00      1.00
sumsA4       1.00   1.00   1.00   1.00   1.00   1.00      1.00
sumsA5       1.00   1.00   1.00   1.00   1.00   1.00      1.00
sumsA6       1.00   1.00   1.00   1.00   1.00   1.00      1.00
sumsA7       1.00   0.57   1.00   0.00   1.00   1.00      0.25
sumsA8       1.00   1.00   1.00   1.00   1.00   1.00      0.96
sumsC1       1.00   1.00   1.00   1.00   1.00   1.00      1.00
sumsC2       1.00   1.00   1.00   1.00   1.00   1.00      1.00
sumsC3       1.00   1.00   1.00   1.00   1.00   1.00      1.00
sumsC4       1.00   1.00   1.00   1.00   1.00   1.00      1.00
sumsC5       1.00   1.00   1.00   1.00   1.00   1.00      1.00
sumsC6       1.00   0.00   0.11   0.00   0.17   1.00      0.00
sumsC7       1.00   1.00   1.00   1.00   1.00   1.00      1.00
sumsC8       1.00   1.00   1.00   1.00   1.00   1.00      1.00
sumsC9       1.00   1.00   1.00   1.00   1.00   1.00      1.00
sumsE1       1.00   1.00   1.00   1.00   1.00   1.00      1.00
sumsE2       1.00   1.00   1.00   1.00   1.00   1.00      1.00
sumsE3       1.00   1.00   1.00   1.00   1.00   1.00      1.00
sumsE4       1.00   1.00   1.00   1.00   1.00   1.00      1.00
sumsE5       1.00   1.00   1.00   1.00   1.00   1.00      1.00
sumsE6       1.00   1.00   1.00   1.00   1.00   1.00      1.00
sumsE7       1.00   0.09   1.00   1.00   1.00   0.00      0.22
sumsE8       1.00   1.00   1.00   1.00   1.00   1.00      1.00
sumsE9       1.00   1.00   1.00   1.00   1.00   1.00      1.00
sumsN1       1.00   0.27   1.00   1.00   1.00   1.00      0.13
sumsN2       1.00   1.00   1.00   1.00   1.00   1.00      1.00
sumsN3       1.00   1.00   1.00   1.00   1.00   1.00      1.00
sumsN4       1.00   0.08   0.76   1.00   0.00   0.83      0.01
sumsN5       1.00   1.00   1.00   1.00   1.00   1.00      1.00
sumsN6       0.04   1.00   0.64   1.00   1.00   1.00      1.00
sumsN7       1.00   1.00   1.00   1.00   1.00   1.00      1.00
sumsO1       1.00   1.00   1.00   1.00   1.00   1.00      1.00
sumsO2       1.00   0.00   1.00   0.00   0.00   0.05      0.00
sumsO3       1.00   0.00   1.00   0.05   1.00   0.01      0.00
sumsO4       1.00   0.00   0.55   0.00   0.38   0.00      0.00
sumsO5       1.00   0.00   1.00   1.00   0.08   0.40      0.01
sumsO6       1.00   0.00   0.02   0.00   0.00   0.00      0.00
sumsO7       1.00   0.00   0.18   0.00   0.00   0.00      0.00
sumsO8       1.00   0.12   1.00   1.00   1.00   1.00      0.97
sumsO9       1.00   0.00   0.00   0.00   0.00   0.00      0.00
