10010003	5	4	1	1	3	2	3	1	2	4	1	1	4	2	4	1	2	4	2	1	3	5	2	5	4	5	2	2	4	4	5	3	4	3	5	3	3	4	4	3	1	5	2	3	3	3	4	2	5	2	3	4	2	3	4	3	3	1	3	2	3	3	3	2	3	3	2	2	3	2	3	3	3	4	3	2	5	3	3	2	3	3	4	3	4	3	2	5	3	2	2	2	2	4	2	5	3	5	5	4	2	3	0	1
10010006	4	2	4	4	4	3	2	1	5	5	1	4	4	3	5	4	4	1	4	2	3	2	1	4	3	1	2	4	3	4	5	5	4	2	5	4	5	4	5	4	2	4	3	5	5	1	4	3	3	2	4	5	1	2	3	4	3	3	4	5	5	5	4	2	5	5	1	1	4	5	3	4	4	4	2	5	4	4	3	3	4	5	5	5	4	4	1	5	5	4	2	3	1	4	2	5	4	3	4	4	5	5	0	1
10010013	4	3	3	1	4	2	4	2	1	3	1	3	2	3	5	4	5	5	1	2	4	4	1	4	4	2	5	2	5	5	4	2	4	4	4	4	2	2	2	5	2	4	3	4	4	1	2	2	2	2	1	4	5	1	2	4	1	4	3	5	4	2	3	1	1	4	1	5	2	5	5	4	5	4	4	4	5	2	2	1	1	4	3	3	5	2	2	5	3	4	1	1	2	3	2	5	2	2	3	3	1	4	0	1
10010015	5	5	4	1	2	5	5	1	1	5	2	1	2	2	5	1	2	5	4	3	3	3	2	4	5	5	2	1	5	4	5	4	5	3	5	3	2	5	5	1	2	5	1	4	5	4	5	2	5	1	3	5	1	2	5	5	1	2	5	3	4	5	1	3	1	5	1	1	1	1	1	5	4	5	5	5	5	4	2	3	5	3	5	1	5	5	1	5	4	1	2	1	3	5	2	5	1	4	5	5	2	5	0	1
10010016	3	3	4	2	4	3	5	3	4	5	2	5	2	3	5	2	3	4	2	3	5	5	2	5	4	5	4	2	5	3	2	4	5	3	2	2	2	3	4	3	2	5	3	1	3	4	3	3	3	2	3	5	2	2	4	4	3	3	3	3	5	4	3	3	4	3	2	2	2	2	2	3	3	4	2	2	3	5	3	1	4	5	2	3	5	4	2	5	4	2	2	2	2	5	2	5	2	5	5	5	2	4	0	1
10010017	4	3	1	3	4	4	2	3	2	2	2	3	2	4	4	4	3	4	4	3	4	4	4	4	4	5	3	3	5	2	4	2	4	5	2	3	2	4	4	3	2	4	4	5	3	5	4	3	4	2	2	2	2	3	3	3	3	3	4	2	3	3	4	3	3	4	2	2	2	2	3	4	2	2	3	2	2	4	4	2	4	4	1	4	4	4	3	4	4	2	2	3	3	3	2	5	4	4	4	4	2	4	0	1
10010019	5	3	4	2	2	3	3	1	3	4	2	2	3	3	4	1	2	4	4	2	3	3	2	4	3	3	4	2	4	3	4	3	3	4	3	4	2	3	4	3	2	4	2	3	3	3	2	3	4	2	4	3	2	2	2	4	2	2	5	4	4	3	2	2	2	4	2	2	3	3	3	3	3	3	4	4	3	4	3	4	4	3	4	3	3	3	2	4	3	2	2	2	3	4	1	5	2	4	3	4	3	4	0	1
10010022	4	4	4	1	2	3	3	2	2	4	2	2	3	3	4	1	3	4	3	2	2	4	2	3	4	3	2	1	3	4	4	2	4	2	5	2	4	5	2	3	1	4	2	1	4	4	4	2	4	2	3	4	1	2	4	4	2	1	4	1	5	2	3	2	1	5	1	1	1	2	3	2	4	4	4	3	4	3	2	2	4	4	4	4	5	5	2	5	5	1	3	1	1	4	2	4	2	5	5	5	1	4	0	1
10010025	5	5	3	2	2	3	3	1	2	3	2	1	3	3	5	1	2	5	3	3	1	4	2	5	4	3	3	1	4	2	5	4	5	5	4	2	2	5	3	2	2	5	3	5	5	4	3	1	5	2	3	4	3	3	5	4	2	2	5	2	5	4	2	3	2	5	2	1	2	2	2	3	3	4	4	3	3	4	1	4	5	2	2	2	5	3	1	5	4	2	2	1	2	5	2	5	2	4	4	4	3	4	0	1
10010026	3	5	4	3	5	5	2	3	3	4	4	4	3	2	2	2	3	4	3	4	1	4	3	3	3	4	3	2	5	2	4	4	4	3	2	3	3	4	3	1	3	5	2	3	2	3	4	3	5	2	3	5	3	4	3	2	2	3	4	3	3	4	2	2	2	4	3	3	3	3	2	5	2	4	3	4	4	2	3	4	3	2	3	3	5	4	3	3	3	3	2	3	5	5	2	4	1	4	4	4	4	5	0	1
10010030	3	3	3	3	4	2	3	2	2	3	2	2	2	3	4	2	3	3	3	2	3	3	3	4	3	2	3	2	3	4	4	3	3	3	4	4	3	4	3	2	2	4	2	2	3	4	2	2	3	2	3	4	2	2	2	2	2	2	3	4	4	3	2	2	1	3	2	2	2	1	3	2	3	4	3	4	4	3	1	4	4	4	3	2	3	3	2	4	4	2	2	2	2	3	3	4	3	4	3	3	2	2	0	1
10010035	5	4	4	3	4	4	3	2	2	3	2	3	1	3	5	3	3	5	2	3	2	3	1	4	4	3	3	2	3	3	4	2	4	3	5	1	3	3	3	3	2	5	1	2	3	2	4	2	3	1	4	5	1	4	3	3	2	3	3	4	4	2	2	3	2	3	1	4	2	2	3	2	4	3	3	4	5	3	1	3	3	3	3	3	3	4	2	4	3	1	2	2	3	4	2	5	2	2	5	4	2	5	0	1
10010036	4	4	2	2	3	3	3	2	3	1	2	3	1	3	4	1	3	3	3	1	2	3	2	4	4	5	4	2	3	5	5	3	4	4	3	4	2	4	4	2	3	4	3	1	4	3	3	3	4	2	3	2	2	2	5	3	3	2	5	3	4	3	3	2	2	4	3	2	2	3	2	2	4	3	3	4	4	3	2	1	4	3	3	3	5	3	1	5	4	4	4	1	1	4	2	5	2	4	4	4	1	3	0	1
10010037	4	4	3	3	2	3	3	2	2	4	3	2	4	3	4	1	2	4	4	3	2	3	2	4	4	3	2	2	5	2	3	4	4	4	4	4	3	4	4	2	1	5	3	4	3	3	4	2	3	3	4	4	3	3	2	3	2	3	3	3	4	4	3	3	2	3	2	2	2	2	2	3	3	4	3	3	4	3	1	4	4	2	3	1	5	4	2	5	4	2	2	2	3	4	3	4	2	3	4	4	3	4	0	1
10010039	4	5	5	2	4	5	5	4	2	1	2	4	1	1	5	2	4	5	1	3	1	3	1	3	3	5	5	1	3	3	4	3	4	4	5	4	1	5	4	4	1	5	4	3	3	2	5	1	5	2	3	5	3	4	5	4	4	2	5	2	5	2	4	2	1	4	2	4	4	2	4	4	4	5	5	5	5	2	4	2	2	2	4	4	5	5	4	4	2	4	2	2	4	5	4	5	3	5	4	4	4	4	0	1
10010040	4	4	4	3	3	4	3	2	2	5	3	4	4	4	3	3	3	5	3	3	3	4	3	4	3	5	4	2	5	3	4	5	5	4	3	3	5	5	4	3	2	5	3	4	3	3	4	1	5	2	4	4	3	3	4	4	2	3	3	2	4	4	3	4	2	4	3	2	3	4	2	4	2	3	4	3	5	4	3	4	4	4	2	2	4	5	2	4	4	4	2	2	3	4	1	5	2	3	4	3	3	4	0	1
10010042	4	4	3	2	4	4	3	3	3	3	2	3	3	4	4	2	3	4	2	2	3	4	2	4	4	4	3	2	4	4	4	3	4	4	2	3	3	3	3	3	2	4	4	3	2	3	3	2	3	2	4	4	2	3	4	4	2	2	4	4	3	4	4	2	2	3	2	1	3	2	2	3	3	4	4	4	5	1	1	3	4	4	3	4	4	4	1	5	3	2	4	1	2	4	3	5	3	4	4	4	2	4	0	1
10010044	4	5	4	1	4	4	3	2	2	3	1	4	1	3	4	1	4	4	3	2	3	5	1	3	4	4	4	1	4	4	4	4	4	4	4	4	3	4	3	2	2	4	4	2	4	4	4	2	4	2	3	4	2	4	3	4	1	2	4	1	4	4	3	4	1	5	2	1	3	2	3	5	5	5	5	4	5	2	1	2	4	5	4	3	5	4	2	4	5	4	1	1	4	4	1	5	2	5	5	5	1	4	0	1
10010045	5	5	5	1	2	4	4	1	2	5	2	1	2	2	5	1	5	4	2	1	1	5	2	5	5	4	3	2	3	1	4	3	5	2	4	3	1	4	3	2	2	4	1	1	4	3	2	3	4	1	3	4	1	1	4	4	2	1	4	2	5	4	3	3	2	5	2	3	1	2	2	4	5	3	4	5	3	4	2	1	5	3	5	4	5	5	1	5	5	1	3	1	1	4	3	5	1	5	5	5	2	4	0	1
10010046	5	5	2	1	2	4	5	1	2	3	1	1	3	3	5	1	4	5	1	1	1	5	1	3	3	5	4	1	5	2	5	4	5	4	3	5	3	3	4	2	1	5	1	1	5	2	2	1	5	1	3	5	5	2	4	5	1	1	2	3	5	5	5	1	1	5	1	3	1	1	4	2	4	5	5	5	5	5	5	2	3	4	2	2	5	5	1	5	3	2	2	1	1	5	1	5	1	5	4	4	2	4	0	1
10010048	4	3	3	2	3	4	4	2	2	3	1	2	2	2	5	1	2	5	4	2	1	4	2	3	4	4	3	1	4	2	4	3	4	4	4	2	2	4	3	1	1	4	3	3	4	4	4	2	4	2	3	5	3	2	4	4	1	2	4	4	4	4	2	3	2	4	2	2	2	2	2	3	4	4	4	4	4	4	1	2	4	3	3	1	4	4	1	4	3	1	3	1	2	5	1	4	2	4	5	4	2	4	0	1
10010049	4	3	3	2	3	3	3	2	3	4	2	2	2	3	4	2	3	4	3	2	3	4	2	3	4	4	3	2	3	4	4	4	4	3	4	3	3	4	4	3	2	4	2	2	4	4	4	2	4	2	3	4	3	2	4	4	3	3	4	3	4	4	3	2	2	4	2	2	2	2	3	2	4	4	4	4	4	3	1	2	4	4	3	4	4	4	2	4	4	2	2	2	2	4	2	4	3	4	4	4	2	3	0	1
10010051	4	3	1	2	3	2	2	3	3	3	3	3	3	2	4	3	3	5	2	2	3	5	4	4	5	4	4	3	4	5	4	2	4	3	4	4	1	3	3	3	1	4	3	3	2	1	3	3	4	4	2	5	3	3	4	3	2	3	4	2	3	3	4	1	2	3	1	4	3	2	3	4	2	3	2	1	3	2	2	1	3	4	2	3	5	4	1	4	4	2	3	2	1	1	1	5	3	4	3	4	2	2	0	1
10010052	4	4	2	1	2	4	4	2	3	4	3	2	2	4	4	1	2	4	3	2	3	4	2	4	4	5	3	1	4	4	5	3	4	4	4	3	3	4	4	3	1	4	2	5	3	4	5	1	4	2	2	4	2	3	5	4	3	2	5	3	5	4	3	2	2	4	2	2	1	2	3	3	4	3	4	3	3	3	2	3	4	3	4	2	5	3	2	5	4	2	3	2	2	4	1	5	2	4	4	4	3	3	0	1
10020002	3	3	3	3	2	3	3	2	2	4	4	2	2	2	4	2	3	4	2	3	3	3	3	3	2	3	4	2	3	3	3	2	3	3	4	3	3	4	3	3	2	3	2	3	3	4	3	2	3	2	3	4	3	2	3	3	2	2	4	5	3	3	3	3	2	4	2	3	2	4	2	2	3	4	3	3	4	3	4	3	2	4	4	3	4	3	2	4	3	3	3	3	2	4	3	5	3	3	3	4	3	3	0	1
10020003	4	4	4	1	1	4	4	1	2	4	2	2	1	2	4	1	2	4	3	4	1	3	1	4	4	4	3	2	5	1	4	4	4	5	5	2	1	4	4	2	1	4	3	3	4	3	4	2	4	2	3	4	3	3	4	3	2	4	3	3	4	4	2	2	2	4	3	3	1	2	2	4	4	5	4	3	2	3	2	4	5	1	4	1	5	4	2	4	3	1	1	1	4	4	2	3	1	4	4	4	2	3	0	1
10020006	4	4	2	5	2	4	3	3	3	4	2	2	4	3	4	1	4	4	2	4	4	4	2	4	4	5	5	2	5	5	5	4	4	5	4	2	5	4	5	3	3	5	5	2	4	5	4	4	4	2	5	5	3	4	4	3	3	5	4	4	4	4	4	2	3	5	4	3	2	4	4	4	4	5	4	5	3	3	5	2	5	4	2	5	4	4	1	4	4	4	3	4	4	3	1	5	2	4	3	5	3	5	0	1
10020011	4	3	3	2	2	4	5	2	3	4	1	2	2	1	4	1	3	4	2	2	4	4	1	2	2	4	4	2	3	4	3	2	3	4	4	5	3	3	1	2	2	3	4	1	3	2	3	2	3	4	2	3	3	1	4	3	1	3	4	4	4	3	3	1	3	4	2	2	3	4	3	2	3	2	4	3	5	2	3	3	4	5	2	4	3	4	1	4	1	2	2	2	1	4	4	4	4	4	3	4	2	3	0	1
10020012	4	4	3	2	3	3	3	2	2	3	2	2	2	3	4	2	3	4	4	3	2	4	2	4	4	5	3	3	4	4	5	4	4	4	4	2	2	4	3	2	2	5	2	4	4	4	4	2	4	2	4	4	2	3	3	2	2	2	4	3	4	4	2	2	2	4	2	3	2	2	2	4	3	5	4	4	5	3	2	3	4	3	5	3	4	4	1	5	4	2	2	2	2	4	2	5	2	4	4	4	2	4	0	1
10020013	5	5	5	1	1	4	4	1	2	5	2	1	3	3	4	2	2	4	4	2	2	3	1	5	3	4	4	2	4	2	4	5	4	5	4	2	3	4	4	2	2	5	3	2	3	5	4	3	4	1	5	5	2	2	4	3	4	3	4	3	5	5	3	2	3	4	2	1	2	4	4	3	3	4	4	4	4	4	3	4	5	3	4	2	4	4	2	5	4	3	2	1	2	4	2	5	2	4	4	5	2	5	0	1
10020021	4	4	2	2	3	4	5	2	3	5	1	3	3	3	4	1	2	5	2	2	2	3	3	4	4	3	2	1	5	4	4	4	5	5	4	2	3	4	3	2	2	4	3	4	4	4	5	2	4	2	3	5	2	3	4	3	3	2	5	3	4	5	2	2	3	5	3	2	2	2	2	5	4	4	5	3	5	2	2	3	4	2	4	2	5	4	1	5	4	3	4	1	4	5	2	5	1	5	5	4	2	4	0	1
10020025	4	4	3	2	2	3	4	2	3	3	3	2	3	3	3	2	3	3	2	3	2	3	2	3	3	4	3	2	3	3	4	3	3	3	2	3	2	3	3	3	2	4	2	2	3	3	3	2	3	2	2	3	2	3	3	3	3	3	3	2	3	3	2	3	3	3	3	3	3	3	3	3	3	3	3	3	3	3	3	3	3	3	3	3	3	3	3	3	3	3	3	3	3	3	3	3	3	3	3	3	3	3	0	1
10020026	4	3	3	2	4	1	2	2	2	4	3	3	2	2	4	2	3	4	4	4	1	3	2	3	4	3	4	2	5	3	4	4	4	5	4	4	3	3	2	4	1	5	4	5	2	5	2	4	2	3	4	4	4	2	1	3	2	3	4	4	4	4	3	2	1	3	1	2	2	2	3	4	2	4	3	3	5	2	2	5	4	2	4	1	4	4	2	5	4	2	4	2	2	4	2	4	2	4	3	4	3	4	0	1
10020027	5	5	3	1	1	4	4	1	1	4	1	1	1	3	5	1	2	5	1	1	2	5	1	4	5	4	1	1	3	3	5	4	5	3	5	1	1	4	3	1	1	5	1	1	4	3	3	1	4	1	2	5	1	1	4	4	1	2	5	1	4	4	3	1	1	5	1	1	1	1	2	4	4	5	5	3	5	4	1	1	4	3	3	1	5	5	1	5	4	2	1	1	1	5	1	5	1	5	5	5	1	4	0	1
10020028	5	1	5	1	1	5	5	1	1	5	1	1	3	3	5	1	3	5	1	2	1	5	1	1	1	5	3	1	5	1	5	5	5	5	5	1	3	5	5	1	1	5	1	4	5	5	5	1	5	1	1	5	1	5	4	5	1	1	5	2	5	5	1	1	1	5	1	5	1	1	1	4	5	5	5	5	5	5	1	4	5	1	3	1	5	5	1	5	2	1	3	1	5	5	1	5	1	5	5	5	1	5	0	1
10020032	3	1	1	4	5	1	2	3	2	3	2	4	1	2	5	2	5	5	1	1	4	5	3	1	3	5	1	3	2	5	5	1	3	3	3	2	1	2	2	5	2	4	2	1	3	2	3	3	1	2	1	3	1	1	5	5	5	3	5	1	5	3	4	1	1	4	1	3	1	2	5	1	1	3	2	4	5	3	4	1	1	4	3	5	5	5	3	5	2	5	2	1	3	3	1	5	4	5	5	5	1	2	0	1
10020033	3	2	3	2	2	3	3	1	2	3	2	1	2	2	5	1	1	5	4	3	1	2	3	2	2	4	3	1	3	1	3	4	4	3	4	4	1	4	3	2	1	3	1	3	3	4	2	1	5	1	3	4	3	4	4	4	2	2	4	4	4	4	1	3	1	4	1	3	2	2	1	3	3	4	4	3	5	4	1	3	4	2	4	1	4	4	1	5	4	1	1	1	3	4	2	4	1	4	4	4	3	3	0	1
10020036	4	4	4	2	3	4	3	1	2	3	2	2	2	3	4	1	3	4	2	2	3	3	2	4	2	3	4	1	4	4	4	3	4	4	4	2	2	4	3	2	1	5	3	2	4	4	4	2	4	2	2	5	2	2	4	3	2	2	4	4	4	4	3	2	1	4	1	4	2	2	3	4	2	4	4	3	4	4	1	2	3	4	5	3	5	4	1	5	4	1	2	1	3	4	2	4	2	4	4	4	2	4	0	1
10020037	4	4	2	2	2	5	4	1	2	4	3	2	3	5	4	2	2	4	3	3	4	3	2	3	3	5	2	2	2	4	5	4	4	4	3	3	2	5	3	2	2	5	2	5	2	4	4	1	4	2	4	5	2	3	5	4	2	3	5	3	4	4	2	3	2	5	2	2	3	2	2	4	3	5	4	4	5	4	2	2	4	3	2	2	4	5	1	4	4	2	3	1	4	5	1	5	2	4	4	4	3	3	0	1
10020039	4	5	4	3	3	4	5	2	2	3	3	3	1	2	5	3	2	5	2	2	3	4	1	5	2	5	5	1	5	3	5	3	4	2	4	3	2	4	4	1	2	5	3	1	3	4	1	3	4	2	3	5	2	2	5	3	3	2	5	2	5	3	2	2	3	5	1	1	2	2	2	4	3	5	4	3	5	2	2	2	5	3	4	2	5	5	1	5	4	2	2	1	3	5	1	5	2	5	4	5	2	4	0	1
10020041	5	5	3	3	4	4	4	2	4	4	4	2	2	4	5	1	4	5	2	2	4	5	1	3	3	4	3	2	4	5	5	5	5	4	3	4	2	3	3	4	2	5	2	1	3	3	3	1	3	1	2	5	2	2	4	5	2	2	4	1	4	5	3	3	1	5	2	2	2	2	3	4	3	4	4	3	5	3	2	3	4	3	4	2	5	3	1	5	3	1	2	1	1	5	1	5	1	3	4	5	2	5	0	1
10020042	4	3	2	2	3	4	2	2	2	4	3	3	2	2	3	2	3	3	2	3	2	3	3	3	2	2	3	2	3	4	4	4	4	3	4	4	3	2	3	2	2	4	4	4	3	3	3	3	4	3	4	4	2	2	4	4	3	1	4	3	4	3	2	3	2	2	3	3	2	3	2	3	3	2	4	4	4	2	3	3	4	2	4	2	4	5	2	4	4	3	2	3	4	4	2	4	1	4	4	2	2	4	0	1
10020044	3	3	3	2	4	4	2	3	3	3	2	4	1	3	4	1	3	4	2	2	4	3	4	5	3	3	4	3	4	5	5	4	5	3	2	5	1	4	2	4	2	3	3	4	2	5	2	2	3	2	3	3	1	2	3	3	2	1	3	3	4	4	3	2	2	4	2	2	3	2	4	2	1	4	4	2	4	1	1	2	3	4	5	3	5	4	3	4	5	2	2	3	2	3	2	4	3	4	4	4	3	4	0	1
10020045	5	4	3	2	1	4	5	2	4	4	2	2	3	3	4	1	2	4	4	2	4	4	2	4	4	4	3	2	4	4	4	4	4	4	4	2	2	4	3	2	2	4	2	2	4	4	4	2	4	2	4	4	2	2	3	4	2	2	5	4	4	4	2	4	2	4	2	3	2	2	2	4	3	4	4	4	4	4	2	4	4	3	4	2	4	4	2	4	4	2	2	2	2	4	2	4	2	4	4	4	2	4	0	1
10020046	3	3	3	2	2	3	3	2	3	3	2	2	3	3	3	2	3	5	3	3	3	3	2	3	3	3	2	3	3	3	5	3	3	3	5	3	2	3	3	2	2	5	2	3	3	3	3	3	3	3	2	4	3	2	3	3	2	2	4	3	4	3	2	2	3	5	2	3	2	2	2	2	3	3	3	3	3	3	3	2	2	3	4	3	4	3	2	4	5	2	3	2	3	4	2	4	2	3	4	5	2	3	0	1
10020049	5	3	5	2	3	5	3	2	2	4	3	2	2	2	3	3	4	3	1	3	3	2	3	2	5	5	4	3	5	5	5	3	4	5	5	4	3	4	2	2	2	5	3	2	4	3	5	1	5	1	4	4	2	3	4	4	2	3	5	2	4	4	2	2	2	5	4	4	2	3	2	3	3	2	3	2	4	3	4	4	5	4	4	4	5	4	2	5	5	1	2	3	2	4	2	5	2	3	4	3	4	5	0	1
10020050	4	5	4	3	3	4	4	2	3	4	4	2	3	4	4	2	2	4	4	3	1	4	2	4	4	5	4	2	4	1	4	4	4	4	4	2	4	5	4	2	3	5	3	3	4	5	4	2	4	2	4	5	2	3	5	3	2	2	3	3	4	4	4	3	2	4	3	3	2	3	4	4	4	4	5	5	5	4	4	3	4	4	4	3	5	4	2	4	4	3	2	2	3	5	2	5	2	5	5	4	2	5	0	1
10020054	4	4	4	3	4	4	3	2	2	2	4	3	2	1	4	4	4	4	2	5	2	4	2	4	3	5	4	2	4	4	3	3	4	4	3	5	2	4	4	2	3	4	3	3	4	5	4	2	4	2	3	3	4	4	4	2	2	4	3	4	3	4	2	2	2	3	2	3	3	2	3	4	3	3	4	2	4	3	2	3	2	4	5	2	4	4	2	4	2	2	2	3	3	4	3	5	2	3	3	3	3	4	0	1
10020056	5	3	3	1	3	4	3	2	2	5	1	3	1	3	4	1	2	5	2	2	3	4	2	3	4	5	3	1	3	5	5	5	5	2	4	1	2	3	4	3	2	4	1	1	4	5	4	3	3	2	3	4	1	1	4	3	2	2	5	3	5	4	2	4	1	5	3	2	3	3	2	2	4	4	4	2	2	5	3	2	5	3	3	3	5	3	1	5	4	1	3	1	4	3	1	5	1	4	4	5	1	4	0	1
10020057	4	4	3	2	2	3	3	1	3	4	2	1	2	4	4	1	2	4	4	2	2	4	1	5	3	3	3	1	5	3	5	4	4	5	4	2	3	4	3	1	1	5	4	3	3	5	2	2	3	2	4	4	2	3	3	4	2	2	4	3	5	4	2	2	2	4	2	2	2	2	2	4	4	5	4	2	4	4	2	4	5	3	2	2	4	3	2	4	3	2	2	1	3	4	2	5	2	4	3	4	2	5	0	1
10020058	3	3	3	4	3	4	2	3	2	3	4	2	3	4	3	4	3	3	2	4	4	2	4	4	3	4	3	3	5	5	5	2	4	4	2	3	3	4	2	5	4	5	5	1	3	5	2	2	3	3	3	3	4	1	3	3	2	3	3	2	3	3	4	1	1	3	3	5	3	4	5	4	1	3	3	2	4	3	4	2	3	3	3	3	4	3	2	5	2	2	2	4	2	3	1	5	2	3	3	4	4	2	0	1
10020059	5	4	3	1	2	3	3	2	2	3	2	2	2	3	4	1	3	5	3	2	4	3	2	3	3	4	3	2	5	4	4	3	4	4	3	2	2	3	3	2	2	3	3	2	3	5	3	2	3	2	2	3	2	2	3	3	2	2	3	3	4	3	2	2	2	3	2	2	3	2	2	4	2	4	3	2	3	3	2	4	3	2	3	2	4	3	2	4	3	2	2	2	2	3	2	4	2	3	3	4	3	3	0	1
10020060	4	5	4	3	2	4	4	3	2	4	2	2	2	3	4	1	2	5	5	2	1	4	2	2	4	5	3	3	4	1	4	5	4	4	3	3	4	5	2	1	3	5	1	2	5	3	2	2	3	2	3	3	1	4	5	5	5	1	4	4	4	5	2	2	4	5	2	1	1	3	2	5	3	4	5	4	4	5	3	2	4	5	3	5	2	4	2	5	2	3	2	2	3	5	2	5	3	5	5	4	1	4	0	1
10020061	5	4	2	2	2	3	3	1	2	3	1	1	3	3	3	1	1	4	1	1	1	4	1	3	4	4	3	1	4	2	4	4	4	5	3	2	3	4	4	1	1	4	3	3	4	3	4	2	4	2	3	3	3	2	4	3	2	3	5	3	4	4	1	2	2	4	1	2	1	2	1	2	2	4	3	3	4	3	1	2	4	2	2	1	3	3	2	4	3	1	3	2	2	4	2	5	1	4	4	4	1	4	0	1
10020062	3	4	3	2	4	5	4	3	1	4	3	2	2	3	4	2	2	5	2	2	3	4	2	5	4	4	5	1	4	2	4	4	5	4	3	3	4	5	1	4	2	5	2	4	3	4	3	2	5	2	3	3	4	3	4	5	1	1	5	3	4	4	3	2	2	5	2	4	2	2	5	3	2	5	5	4	3	3	2	2	2	2	3	5	5	4	2	5	3	3	2	1	2	5	3	5	1	5	4	3	1	5	0	1
10020063	5	3	4	3	5	5	5	1	3	2	5	3	2	1	5	1	5	5	2	4	4	5	3	3	3	3	4	1	5	1	4	1	3	3	5	5	1	5	3	2	1	3	1	4	4	4	5	2	5	2	4	4	5	3	5	5	2	1	5	4	5	1	2	2	3	5	2	4	2	1	3	4	4	5	4	3	3	3	1	5	5	4	5	5	5	4	1	5	5	1	2	2	1	4	1	5	1	5	5	5	5	3	0	1
10020064	5	4	5	3	3	4	3	2	3	4	2	2	3	2	4	2	3	4	3	3	2	3	3	5	4	2	3	1	3	4	4	4	4	3	4	3	3	4	4	3	1	4	3	1	4	3	2	2	4	2	3	5	2	1	4	3	2	2	4	2	5	4	2	3	4	5	3	2	2	2	3	3	2	2	4	3	5	3	1	3	5	4	5	4	5	5	1	5	5	2	2	1	1	4	2	5	2	5	4	5	3	3	0	1
10020069	5	4	4	3	3	4	5	2	2	4	3	4	3	3	5	3	3	5	2	3	3	4	1	3	5	5	3	1	5	3	5	4	5	5	4	3	3	4	3	2	2	5	2	4	4	4	4	2	4	1	3	5	2	4	5	4	2	2	5	2	5	4	1	2	1	5	1	3	3	1	4	4	5	5	5	4	4	2	4	4	4	4	2	2	5	5	1	5	3	2	2	1	4	4	1	5	4	5	4	5	3	4	0	1
10020070	4	4	2	3	3	4	4	2	2	4	3	3	2	3	4	3	3	4	2	3	3	3	2	2	3	4	4	2	4	3	4	3	4	4	3	3	2	4	4	2	2	4	3	3	3	3	3	2	4	2	2	4	2	2	4	4	1	2	4	3	4	3	3	2	2	4	2	2	3	3	3	4	4	4	4	3	4	3	3	2	4	2	4	2	3	3	3	4	4	3	3	3	2	4	2	4	2	4	4	4	2	4	0	1
10020071	5	3	4	2	4	5	4	1	2	4	2	4	3	3	5	1	3	4	2	2	3	3	1	4	4	3	3	1	3	4	4	3	4	3	5	2	2	4	3	3	1	4	3	3	3	3	2	2	3	2	2	4	2	3	3	3	1	2	5	3	5	3	2	3	2	4	3	2	2	2	3	3	4	4	4	4	5	3	1	3	3	5	4	2	5	3	1	5	4	2	2	1	2	4	3	4	2	3	4	5	1	3	0	1
10020072	5	4	1	1	2	4	5	1	2	4	2	2	2	2	5	2	3	4	1	1	3	4	1	1	4	3	3	2	5	5	5	3	5	5	5	1	1	4	4	1	1	5	1	4	3	5	5	1	4	1	4	5	1	1	4	4	2	1	5	1	4	4	2	1	1	5	1	1	1	2	1	3	4	4	4	3	5	3	1	3	4	2	3	1	5	5	2	5	4	1	2	1	1	5	1	5	1	4	5	5	1	4	0	1
10020075	4	5	4	3	3	5	4	3	2	3	4	1	3	2	5	2	3	5	4	2	3	5	2	5	4	5	4	2	3	2	5	4	4	5	4	4	3	5	3	3	3	5	3	5	4	5	5	2	5	2	2	4	3	2	5	4	3	2	4	4	4	3	2	3	3	4	4	2	4	4	3	4	3	4	4	4	4	5	2	2	4	4	2	4	3	5	2	5	4	3	4	2	2	4	2	5	1	4	4	4	3	2	0	1
10020077	5	4	3	2	2	5	4	1	1	5	1	2	1	5	5	1	2	5	2	2	3	3	2	5	5	4	5	1	5	5	5	5	5	5	4	4	2	3	4	3	2	5	2	1	4	5	3	2	3	2	3	5	1	2	4	5	4	1	2	2	5	3	4	2	2	5	1	3	2	3	3	3	3	4	3	2	2	4	3	4	3	3	4	4	3	3	3	2	3	1	4	2	2	2	2	5	3	3	4	2	2	4	0	1
10020078	4	2	3	1	3	2	4	4	2	4	2	3	4	2	5	2	2	3	2	3	3	4	2	3	4	3	3	3	4	2	3	5	2	4	1	1	4	2	2	1	1	1	4	2	3	4	2	3	1	1	2	4	3	4	2	3	2	3	2	3	3	3	2	2	4	3	3	2	3	4	2	4	3	2	2	4	2	4	3	3	3	3	3	2	5	4	2	5	3	1	3	1	2	2	5	1	4	3	2	3	3	5	0	1
10020079	4	4	4	4	4	5	3	2	3	3	4	3	3	3	5	3	3	4	3	3	2	4	3	5	4	5	3	1	4	3	5	3	4	4	4	3	3	5	4	3	3	5	3	5	4	5	4	1	5	1	4	5	2	3	4	5	3	3	5	3	4	4	3	3	3	4	2	3	3	3	3	4	4	4	4	4	3	4	3	4	4	4	5	3	5	5	2	4	4	2	3	3	3	5	3	5	1	5	4	5	4	5	0	1
10020081	5	5	4	2	3	3	4	2	2	4	2	2	2	4	5	1	2	4	2	2	2	4	2	4	4	5	4	1	4	4	5	4	4	4	3	2	3	4	2	3	2	5	4	3	3	5	3	2	4	2	4	4	3	2	5	4	3	2	5	2	5	4	3	3	2	4	2	3	2	2	4	4	3	5	5	4	4	4	3	3	4	3	4	2	5	4	2	5	4	2	4	2	2	4	2	5	2	5	5	5	2	4	0	1
10030002	4	4	3	4	4	3	3	2	3	3	3	3	4	4	5	2	4	5	3	3	3	4	3	3	4	5	2	4	3	3	4	4	4	3	4	4	2	3	2	3	2	5	2	3	4	3	4	4	3	2	3	4	3	2	5	5	1	2	5	4	4	3	3	3	3	4	3	2	3	5	3	3	5	5	5	3	5	2	2	3	3	3	3	3	5	5	2	5	4	2	3	1	2	4	2	3	2	4	3	5	2	4	0	1
10030003	4	4	2	2	5	5	5	1	3	4	1	4	1	4	5	1	3	5	3	1	3	5	2	5	5	5	4	1	5	3	5	3	5	3	4	3	3	4	4	5	1	5	3	4	4	5	5	1	5	2	1	5	3	3	5	4	3	2	5	3	5	3	4	2	2	5	1	1	3	4	5	3	5	5	5	4	3	4	3	3	2	5	4	3	4	4	2	5	3	1	2	1	2	4	1	5	4	5	5	5	2	5	0	1
10030005	4	4	4	1	3	2	4	1	3	4	3	2	3	2	5	1	3	5	2	2	2	4	2	5	3	5	4	2	4	2	5	3	4	5	4	4	2	5	3	3	1	4	3	3	4	3	3	2	4	3	3	4	2	3	4	4	2	2	5	4	5	4	3	1	2	5	1	2	2	2	3	3	2	4	5	2	3	4	2	2	5	4	2	2	5	5	1	5	3	1	2	1	2	4	1	5	3	5	5	5	1	3	0	1
10030006	5	5	5	1	2	5	5	1	2	5	1	2	2	2	4	1	2	5	3	1	1	4	1	5	5	5	1	1	4	1	4	3	5	3	5	1	2	5	4	2	1	5	2	5	5	5	5	1	5	1	3	5	1	3	4	5	2	1	5	2	5	4	1	2	1	5	1	2	1	2	2	4	4	5	5	5	3	4	2	3	5	3	3	1	4	4	1	5	4	1	1	1	2	5	1	5	1	5	5	5	2	3	0	1
10030008	4	4	3	3	4	4	2	2	4	4	2	3	3	3	3	1	3	3	3	1	3	3	3	3	4	2	4	2	5	4	3	3	3	3	3	4	3	4	3	4	3	5	3	1	3	1	3	3	3	3	3	5	2	1	2	4	1	5	3	4	5	4	3	2	3	4	1	1	4	4	4	4	3	3	4	3	3	4	2	4	5	5	3	3	3	4	1	4	3	2	5	1	1	4	2	5	4	3	4	4	2	5	0	1
10030011	5	4	4	2	3	4	3	1	4	3	2	2	3	5	4	2	3	4	2	3	3	4	3	5	4	5	3	1	4	3	5	2	5	3	4	2	2	5	5	3	1	5	2	1	4	3	5	1	3	2	3	4	1	2	5	4	2	2	4	2	4	1	3	2	2	5	1	1	2	2	2	3	3	4	4	3	1	4	4	3	4	2	2	1	5	4	1	5	4	2	2	2	1	4	2	5	4	4	5	4	2	5	0	1
10030012	5	5	1	1	1	5	4	2	5	3	2	3	2	5	3	1	5	4	5	4	2	3	2	2	5	5	3	2	5	4	3	3	4	3	4	2	2	4	4	2	2	4	1	5	5	5	5	1	5	5	1	5	2	2	3	4	2	2	4	2	3	4	2	2	2	4	2	2	2	2	2	5	5	5	5	4	4	3	1	3	5	2	4	1	4	4	1	4	5	1	3	1	5	3	3	3	2	3	3	3	2	3	0	1
10030013	5	5	3	1	2	3	4	1	3	4	1	1	4	3	5	1	1	5	2	4	1	2	1	3	5	5	4	1	5	3	5	5	5	4	5	2	3	4	5	4	1	5	2	4	4	4	4	1	4	1	3	5	1	3	2	4	2	2	4	3	5	4	5	2	2	5	2	2	2	2	2	3	2	5	4	3	3	2	4	2	4	5	3	2	4	4	1	4	5	1	2	1	4	4	1	5	2	4	5	5	3	4	0	1
10030017	5	5	2	2	2	3	4	1	2	3	2	2	2	3	5	2	3	5	2	2	3	5	1	3	2	5	4	2	2	4	5	2	4	4	5	4	1	4	4	3	1	5	3	2	3	3	4	2	4	2	2	4	3	3	4	4	3	1	4	2	4	4	4	2	2	4	2	2	2	3	3	3	2	4	4	3	1	3	3	2	4	4	3	3	5	4	1	4	4	2	3	1	1	3	1	5	1	3	4	4	2	3	0	1
10030018	5	4	4	3	2	2	4	2	3	3	3	1	2	3	4	2	3	4	2	1	3	4	3	5	5	2	4	2	5	5	5	2	5	5	4	3	5	5	3	3	1	5	3	1	2	5	4	4	3	2	3	5	2	1	2	5	2	3	5	3	4	2	3	2	2	4	1	2	2	4	3	2	2	5	4	4	5	4	3	3	4	4	3	3	5	5	1	5	4	2	3	2	2	4	2	5	2	5	4	5	2	4	0	1
10030019	5	3	3	2	2	2	4	1	4	3	1	2	1	2	4	1	3	4	3	1	4	4	2	4	3	4	3	2	4	4	5	4	5	4	4	1	2	4	2	2	1	4	2	1	4	3	3	2	3	2	2	3	2	2	3	3	2	2	4	2	5	4	2	2	2	4	2	1	2	3	3	2	2	4	4	3	4	3	4	3	4	4	4	2	5	4	2	4	4	2	2	2	2	3	2	5	2	3	3	4	2	3	0	1
10030021	5	5	5	1	1	2	4	1	2	5	1	1	1	2	5	1	2	5	2	2	2	5	1	4	5	4	3	1	4	2	5	3	5	4	5	1	1	5	2	2	1	5	2	5	3	3	3	1	5	2	1	5	2	3	5	5	1	2	5	2	5	4	2	2	2	5	2	3	2	1	2	3	3	5	5	3	5	4	1	2	4	3	5	1	5	4	1	5	5	1	2	1	3	3	1	3	2	4	4	4	2	3	0	1
10040007	5	5	2	3	3	3	4	2	2	2	2	3	1	1	4	1	3	5	2	3	3	3	2	3	3	5	3	2	2	2	3	1	4	3	3	5	1	3	3	3	1	4	1	4	3	3	5	1	3	2	2	3	2	2	5	3	1	2	4	4	5	1	2	1	3	3	3	5	2	4	4	2	3	3	4	4	3	3	5	2	3	2	2	4	4	5	3	3	3	3	2	1	2	3	2	5	1	4	4	4	1	3	0	1
10040008	4	5	2	1	2	3	3	1	2	3	2	2	3	3	5	2	2	5	2	1	2	3	2	4	4	4	4	2	5	5	4	3	4	1	5	2	3	4	3	2	1	5	1	2	4	3	5	5	5	2	3	5	2	2	5	4	2	1	5	2	4	4	2	2	2	5	1	2	2	2	2	4	3	4	4	4	4	4	1	2	4	2	3	2	5	4	1	5	3	1	1	1	3	5	1	5	1	4	4	5	2	5	0	1
10040010	2	3	4	2	3	3	3	2	2	2	1	4	2	4	4	3	3	3	3	3	3	3	3	3	3	5	2	1	4	2	5	1	4	3	5	2	1	5	5	1	1	4	1	3	3	4	3	1	4	1	2	5	4	2	4	3	1	1	4	4	5	1	3	1	1	5	2	2	1	1	1	3	4	5	5	2	2	4	1	5	5	4	5	1	5	5	1	5	4	1	2	1	3	4	2	5	5	5	4	4	1	3	0	1
10040013	5	5	3	2	4	4	3	2	2	4	1	3	2	3	5	3	2	4	2	2	3	3	2	5	2	5	5	2	5	5	5	4	5	5	4	3	3	3	3	2	2	5	3	1	4	3	3	2	3	1	4	4	1	3	4	3	2	3	4	3	5	4	3	2	2	3	2	2	2	3	1	4	4	2	3	4	3	5	5	2	4	3	3	3	5	4	2	4	3	3	3	1	2	4	2	5	2	5	4	4	2	5	0	1
10040014	4	4	4	1	1	3	3	1	2	3	2	2	2	2	5	1	2	5	2	2	2	3	2	3	2	3	2	1	3	2	4	3	4	2	5	2	3	4	5	1	1	3	1	3	4	4	3	2	4	2	3	4	1	3	4	3	2	1	3	2	5	3	2	3	1	4	2	1	2	1	2	3	4	4	4	3	4	3	2	2	3	2	5	1	4	5	1	5	4	1	2	1	1	4	1	5	1	4	4	5	1	4	0	1
10040016	5	5	1	2	3	4	3	1	3	3	2	2	2	3	4	3	2	4	1	1	2	4	3	3	4	5	3	1	4	4	5	3	5	5	4	1	2	3	2	3	1	5	3	1	3	3	5	2	4	2	3	4	1	2	4	4	2	2	4	1	4	4	3	2	2	4	2	2	3	2	3	4	4	3	3	3	2	3	2	1	2	4	4	4	4	4	1	4	3	2	2	1	3	3	3	5	2	5	3	4	1	4	0	1
10040017	4	4	4	2	2	3	4	2	2	4	1	2	2	2	4	2	3	4	3	2	3	4	2	3	4	4	4	2	4	4	4	4	4	4	4	2	2	4	4	2	2	4	2	4	4	4	4	2	4	2	3	4	2	3	4	4	2	2	4	2	4	4	2	2	2	4	2	3	2	2	2	3	4	3	4	3	3	4	2	2	4	3	4	2	4	4	2	4	4	2	2	2	2	4	2	4	2	4	4	4	2	4	0	1
10040020	4	4	4	2	3	3	3	2	3	3	3	2	3	5	4	2	3	5	3	3	3	4	3	3	3	3	3	2	5	5	5	3	4	5	4	5	3	5	3	4	2	5	2	1	3	3	2	3	4	2	3	5	4	1	4	4	3	1	5	3	5	3	3	2	2	4	2	3	1	2	4	2	2	4	4	4	1	4	2	2	3	4	5	4	5	5	2	5	4	4	2	3	1	5	2	5	1	5	4	5	3	4	0	1
10040023	4	3	3	1	2	3	3	1	2	3	3	2	2	2	4	2	2	5	2	3	2	3	2	3	4	5	3	2	3	3	4	4	4	4	4	2	2	4	3	2	2	4	3	3	4	4	3	2	3	2	2	3	2	3	3	3	2	3	3	3	3	3	2	2	2	3	2	3	2	2	2	3	3	3	3	2	2	3	3	2	3	3	2	2	3	3	2	3	3	2	2	2	3	3	2	3	3	3	3	3	2	3	0	1
10040028	4	4	4	3	4	3	4	3	3	4	3	2	3	3	4	3	2	5	3	3	3	3	3	5	4	4	4	2	5	4	5	4	4	4	2	3	3	3	3	3	2	5	2	3	2	2	3	2	3	4	3	4	4	2	4	3	4	2	3	2	4	4	3	3	2	3	2	2	2	2	3	2	4	4	3	3	1	4	1	1	4	3	3	2	5	3	1	5	3	2	2	3	3	4	2	5	1	2	3	3	2	4	0	1
10040029	5	5	3	1	1	3	5	1	3	5	2	1	1	1	5	2	2	5	1	1	1	5	2	4	5	2	2	1	1	4	5	4	5	3	5	2	1	3	3	2	1	3	1	1	3	3	3	1	3	1	4	5	1	1	4	4	2	1	5	3	5	4	2	2	1	5	1	1	1	1	2	3	4	4	3	5	5	5	3	1	5	3	2	4	4	5	1	5	3	2	2	1	1	4	1	3	1	4	4	5	1	3	0	1
10040038	3	3	1	1	3	3	3	3	3	3	3	3	3	3	3	3	3	3	3	3	3	3	3	3	3	3	3	3	5	3	3	3	3	3	3	5	4	3	3	3	3	3	3	3	3	3	3	3	3	3	3	3	3	3	3	2	3	3	3	2	3	3	3	3	3	3	3	3	3	3	3	3	3	3	3	3	3	3	4	3	4	1	1	3	3	3	3	3	3	2	4	1	2	3	3	2	2	4	1	3	3	3	0	1
10040039	5	5	3	1	4	5	3	1	1	4	1	2	2	4	5	1	3	5	2	1	3	5	2	5	5	2	3	3	5	5	4	2	4	5	4	2	3	5	2	4	1	5	2	2	2	5	2	1	3	4	4	4	1	2	4	4	5	2	5	2	4	4	4	2	2	4	1	2	2	4	5	4	4	4	4	3	4	2	2	2	4	4	2	3	5	3	2	3	4	1	3	2	1	4	2	4	3	4	4	4	2	4	0	1
10040040	4	4	4	2	3	3	3	2	3	3	2	2	2	2	4	1	3	5	2	2	3	4	2	2	4	4	3	1	3	4	5	3	4	3	5	3	2	4	3	2	2	4	3	3	4	4	3	2	4	2	3	5	2	2	3	3	2	2	5	3	5	3	2	2	2	4	2	2	2	3	3	3	5	3	5	3	5	3	2	2	4	3	5	3	5	5	1	5	2	2	3	1	2	4	1	5	2	5	5	5	1	3	0	1
10040041	5	4	3	1	3	3	5	1	3	4	1	3	1	2	5	1	3	5	4	1	1	5	1	4	3	5	4	1	4	4	3	3	3	5	4	2	5	4	3	2	2	5	1	2	4	4	2	1	4	1	5	4	2	2	3	2	1	2	5	2	4	3	1	2	1	4	1	2	1	2	2	1	3	5	5	5	5	2	1	2	4	4	3	1	5	5	1	5	4	1	1	1	1	4	1	5	1	4	5	5	1	5	0	1
10040045	5	5	2	1	3	2	5	1	3	1	4	2	1	3	5	3	3	5	1	3	1	4	3	4	3	5	1	1	2	3	3	1	3	2	4	3	1	4	4	1	1	4	1	3	3	2	4	2	4	2	3	4	2	3	5	4	1	1	4	3	4	2	1	2	1	4	3	5	1	1	1	3	2	5	3	4	2	2	1	3	3	2	3	2	5	5	1	5	3	1	3	2	1	4	1	4	1	4	4	4	3	2	0	1
10040046	2	4	4	4	2	3	3	3	4	4	4	3	3	4	4	5	4	5	2	2	4	2	4	5	2	4	4	2	3	4	2	1	3	2	2	4	3	4	1	3	3	3	4	2	2	2	2	2	2	2	4	4	1	2	4	4	2	2	3	4	4	1	3	4	2	4	1	5	3	4	4	2	3	4	3	4	2	3	3	5	3	5	4	3	5	3	3	3	2	2	3	4	2	4	2	3	2	4	2	5	4	4	0	1
10040047	5	4	4	1	1	4	4	2	2	4	2	2	3	3	5	2	2	4	4	2	3	4	3	4	4	4	4	1	5	4	5	4	4	5	4	2	3	4	4	2	1	5	4	3	3	4	4	2	5	2	4	5	3	3	4	4	2	2	5	3	5	4	2	2	2	5	2	3	3	3	2	3	4	4	3	3	4	4	2	3	4	4	5	2	4	4	1	5	4	2	2	2	2	4	2	4	2	4	4	4	2	4	0	1
10040048	4	3	4	4	3	4	5	3	3	3	3	3	3	3	3	4	4	3	4	4	3	4	4	4	3	3	4	3	4	3	3	3	3	3	5	2	3	2	4	4	3	3	2	3	4	3	3	5	3	3	2	3	4	2	4	3	3	3	3	3	2	4	3	3	4	3	4	3	3	4	3	3	3	3	5	5	4	2	2	2	4	3	4	2	3	4	2	4	3	3	2	2	2	3	2	5	3	3	2	3	3	3	0	1
10050001	4	4	2	2	2	3	4	2	3	3	4	2	2	2	5	2	4	5	2	3	3	4	3	3	4	4	2	2	3	4	4	3	3	3	4	4	2	3	3	3	2	2	3	3	3	3	3	2	3	4	3	4	2	2	4	4	2	2	4	3	4	3	3	4	3	3	3	3	2	2	2	3	2	4	3	3	3	3	3	3	3	3	5	3	4	3	2	3	3	2	2	3	2	3	2	4	2	3	3	4	2	3	0	1
10050003	3	5	4	1	2	5	2	1	5	5	1	1	5	3	5	1	3	3	4	4	3	4	1	5	4	2	5	1	5	1	5	5	5	5	5	2	5	5	4	2	5	5	5	5	5	4	3	2	5	1	5	5	2	4	2	3	1	3	5	5	5	5	1	5	2	5	4	2	2	5	2	4	5	5	5	5	5	5	2	5	4	2	5	1	5	5	2	2	5	2	1	1	4	5	2	1	1	5	1	5	5	5	0	1
10050010	4	4	3	4	1	4	3	3	2	2	4	2	2	5	4	5	2	2	1	2	2	5	5	4	5	2	4	1	5	5	1	1	3	5	3	3	4	1	3	3	3	3	3	4	2	3	1	1	2	3	2	5	2	4	3	3	4	3	4	3	3	3	3	4	4	3	4	4	3	3	2	5	2	2	4	2	4	4	3	3	3	4	1	4	4	5	1	5	3	4	3	2	4	3	3	3	4	3	3	5	2	4	0	1
10050011	5	5	4	2	2	4	4	1	2	4	2	2	3	3	5	2	3	5	3	2	3	5	2	5	4	4	2	2	2	3	4	3	4	3	4	4	2	4	3	2	1	4	2	4	4	3	5	1	4	2	3	4	1	2	4	3	4	2	5	2	4	4	3	2	2	4	2	3	4	2	3	4	2	3	4	3	4	3	2	3	4	3	5	3	4	5	2	5	4	2	2	2	2	4	1	3	3	4	4	4	2	3	0	1
10050014	3	3	3	2	3	3	3	2	2	3	2	3	2	3	3	2	2	3	2	2	3	3	3	2	3	3	3	2	3	3	3	3	3	3	3	2	3	3	3	3	2	3	2	2	3	2	3	2	3	2	2	3	2	2	3	3	2	2	3	2	3	3	3	2	2	3	2	2	2	2	2	3	2	3	3	2	3	3	2	2	3	3	3	2	3	3	2	4	3	3	3	3	2	3	2	3	2	2	3	3	2	3	0	1
10050017	3	2	5	1	4	1	4	5	5	3	1	1	1	5	4	3	4	3	2	3	3	3	2	2	4	2	5	2	4	3	2	3	4	3	3	5	4	2	3	2	3	3	2	2	3	3	3	3	3	3	2	2	3	2	3	2	2	3	3	3	4	4	2	2	2	5	4	3	2	3	2	2	3	1	2	1	1	3	3	3	3	2	4	2	2	2	3	4	2	2	4	4	2	3	2	3	1	3	4	4	4	5	0	1
10050020	4	4	4	4	3	2	4	3	3	4	4	4	3	3	3	2	3	3	3	4	4	3	2	3	2	4	3	1	3	3	4	2	3	4	3	3	3	3	4	3	3	4	3	2	3	4	2	3	3	3	2	3	3	2	2	3	3	5	3	4	4	3	3	4	4	3	5	3	2	3	3	4	3	2	3	2	3	2	5	5	4	4	2	3	3	3	4	2	5	3	4	3	2	4	1	5	4	2	3	4	4	3	0	1
10050021	4	3	3	2	3	4	3	3	3	3	4	3	3	4	4	4	5	5	3	3	4	3	3	3	3	3	3	4	4	3	4	3	3	4	4	3	3	3	3	4	4	4	3	3	3	3	4	4	4	3	4	3	3	3	3	5	4	5	3	4	3	4	3	3	3	3	3	3	3	3	3	3	3	3	3	3	3	2	3	4	3	4	4	3	3	4	3	3	4	3	4	4	4	4	5	4	5	4	4	4	4	4	0	1
10050022	4	3	3	2	2	2	3	2	3	3	2	2	2	3	3	1	3	4	2	2	2	3	4	4	4	2	2	2	3	2	4	3	4	2	4	3	2	4	4	3	1	4	1	3	3	3	3	2	4	2	2	4	2	2	4	3	2	1	4	2	4	3	2	2	2	4	2	2	2	2	2	3	3	3	3	3	4	4	2	2	4	3	2	1	4	4	1	4	3	1	2	2	2	4	2	4	1	3	4	4	1	3	0	1
10050029	4	5	5	1	1	2	4	1	1	5	1	1	2	2	5	2	1	5	1	2	5	5	1	4	5	5	3	1	1	5	4	2	4	4	4	1	1	3	4	3	1	5	2	2	3	4	4	2	3	2	2	4	3	3	5	4	2	3	5	3	5	2	2	2	2	5	2	2	2	2	4	4	3	3	4	3	5	3	3	2	4	4	3	3	4	4	2	4	4	2	2	1	2	3	2	5	3	4	4	5	2	4	0	1
10050031	5	5	3	2	4	5	3	1	2	5	2	3	4	3	5	1	1	5	4	2	3	5	2	4	5	5	3	2	4	3	5	4	5	4	4	2	3	3	2	2	1	5	2	3	4	3	4	2	4	1	2	4	2	3	4	4	3	3	5	2	4	4	3	3	2	5	2	2	3	1	2	3	3	5	5	3	2	2	2	3	4	3	4	2	4	4	1	5	5	1	2	2	4	4	2	5	3	4	4	4	2	4	0	1
10050033	4	2	2	1	2	2	4	1	2	4	3	1	2	2	4	1	3	5	2	1	2	4	2	3	4	3	4	3	4	4	4	4	4	3	4	4	1	4	3	4	2	4	2	1	3	2	3	3	2	2	2	4	2	2	3	3	2	2	3	2	3	3	2	2	2	3	2	2	2	2	3	3	3	4	3	3	3	3	1	2	2	2	4	2	3	3	2	2	3	2	2	1	2	2	3	3	2	2	3	4	2	3	0	1
10050034	3	3	3	2	3	3	3	2	2	3	3	3	2	3	3	2	3	3	2	2	2	3	3	3	3	4	3	2	3	2	3	3	3	3	4	3	2	3	3	2	2	3	3	3	3	3	3	2	3	2	2	4	2	2	3	3	2	2	3	2	3	2	2	2	2	4	2	2	2	2	3	3	3	3	3	3	3	3	3	2	3	3	5	2	3	3	2	3	3	2	2	2	2	3	2	3	2	3	3	3	2	3	0	1
10050036	3	3	4	2	4	2	4	2	2	3	4	3	4	4	4	2	3	5	3	2	3	3	3	2	2	2	2	2	4	4	3	3	3	2	3	4	3	3	4	4	4	5	3	2	4	3	4	3	3	4	3	4	2	3	3	4	3	3	4	2	4	3	3	4	2	5	1	4	1	2	3	4	1	4	4	4	2	2	2	2	5	4	2	3	5	4	2	5	5	2	4	4	1	4	1	5	2	4	4	5	4	4	0	1
10050037	4	4	2	2	2	3	3	2	2	5	2	2	3	3	4	1	4	5	3	3	3	3	3	5	5	5	3	2	4	2	4	3	4	3	3	5	3	5	3	3	2	5	2	2	3	3	3	3	4	2	2	5	2	3	3	3	3	3	3	2	3	3	3	2	2	4	2	3	2	2	3	3	2	4	3	3	2	3	2	3	2	3	3	2	3	3	1	5	3	2	2	1	3	3	2	5	2	3	4	4	3	4	0	1
10050038	4	4	3	3	3	4	4	1	2	4	3	2	1	2	3	1	2	4	3	3	1	4	1	5	4	5	3	1	4	2	4	2	4	4	4	3	3	4	3	1	1	5	2	5	4	5	5	3	5	2	2	5	4	5	5	3	1	1	5	3	5	2	1	1	1	4	3	4	2	1	1	4	5	3	4	4	3	3	3	3	5	1	5	1	3	5	1	4	4	2	1	1	2	4	2	5	1	5	5	4	4	4	0	1
10050041	3	4	4	3	4	4	4	2	2	3	4	3	2	2	4	3	2	4	2	4	3	2	4	4	2	5	3	2	4	3	3	3	3	4	3	4	2	4	2	3	2	4	2	3	2	2	4	2	4	2	4	4	2	3	4	4	2	2	4	3	4	2	2	1	1	4	2	4	3	2	3	3	2	2	4	4	2	2	2	3	3	4	5	4	4	4	2	3	2	2	2	3	2	2	1	5	3	3	4	4	3	4	0	1
10050042	4	4	3	2	3	3	3	3	3	3	3	3	3	3	3	3	3	3	3	3	3	3	2	3	3	5	3	2	4	4	4	3	5	4	4	1	4	4	4	3	1	4	3	1	2	2	1	1	3	3	3	4	1	5	3	3	2	2	4	2	5	3	2	2	3	4	1	1	2	4	3	2	3	4	4	3	1	4	4	2	4	4	1	3	4	4	3	4	4	3	3	3	1	3	2	4	5	4	4	5	1	5	0	1
10050044	4	4	2	1	4	1	2	2	2	3	2	2	2	3	5	1	3	4	2	2	3	3	2	4	4	4	3	2	5	4	5	2	5	2	3	3	3	3	2	3	1	4	2	2	2	2	2	3	4	2	3	3	2	3	4	4	3	1	4	3	4	3	3	2	3	4	2	3	2	2	4	3	3	3	4	2	2	2	1	3	3	4	2	2	4	4	1	4	5	1	2	1	2	2	2	4	4	3	4	4	2	3	0	1
10050045	4	4	5	1	3	4	4	2	2	4	3	2	2	3	4	2	3	4	3	3	3	3	2	4	3	5	4	2	4	3	4	3	4	4	4	4	2	4	3	3	2	4	3	3	3	5	4	2	4	2	3	5	3	3	4	3	3	3	3	2	4	3	3	2	2	4	2	3	3	3	2	4	4	4	3	3	4	4	2	3	3	3	5	2	4	3	2	4	3	2	3	2	3	4	2	4	3	4	3	4	3	3	0	1
10050049	5	5	3	2	2	3	4	2	3	5	2	2	3	4	5	1	4	5	2	2	3	5	1	5	4	4	4	1	5	3	3	5	4	2	5	3	2	4	4	3	1	5	3	2	4	3	2	3	3	2	3	5	1	2	5	5	3	3	4	4	4	5	5	2	3	4	1	1	2	2	4	1	4	5	5	3	4	5	2	1	5	3	4	2	5	4	1	5	5	1	5	1	1	5	1	5	2	5	5	5	1	5	0	1
10050050	4	3	2	3	3	3	3	3	3	3	3	3	3	3	3	3	3	3	3	3	3	3	3	3	3	3	3	3	3	2	2	2	2	3	3	4	4	4	3	3	2	2	3	3	3	3	3	3	3	3	3	3	3	3	3	2	4	2	3	3	3	2	3	3	4	2	4	3	3	2	2	3	4	3	3	3	3	3	3	4	4	4	2	3	3	5	4	3	3	4	5	2	2	2	2	1	3	2	4	2	2	3	0	1
10050052	4	5	2	2	2	5	4	2	3	3	2	2	5	2	4	1	4	5	2	2	3	4	2	4	4	4	2	1	4	4	4	2	4	2	4	4	2	5	4	2	1	5	3	2	4	3	4	1	5	2	2	5	2	1	4	5	2	1	5	2	5	3	4	1	2	5	1	1	2	2	2	4	4	4	5	2	5	4	3	3	2	2	2	2	4	4	1	5	4	1	3	1	2	5	1	5	2	5	5	5	1	5	0	1
10050053	4	4	4	1	2	2	3	1	2	4	3	2	4	2	5	2	3	5	3	3	2	4	3	4	4	4	3	2	3	2	4	4	4	3	4	3	2	4	4	3	2	4	3	4	3	3	4	2	4	2	2	4	2	3	4	4	2	2	4	3	4	4	3	3	3	4	2	3	3	2	2	3	4	3	4	4	4	4	2	3	3	3	4	2	4	4	2	4	4	2	4	2	2	4	2	4	2	4	4	4	3	3	0	1
10050055	3	5	4	3	5	4	3	1	2	3	2	5	3	4	4	2	5	3	2	4	2	3	2	4	3	3	5	2	5	2	4	3	4	5	2	5	2	4	2	4	3	5	5	5	3	3	4	2	4	2	3	4	2	2	3	3	2	4	4	2	5	3	4	1	2	4	3	3	3	4	5	4	2	4	4	2	1	3	3	4	2	4	5	3	4	4	2	4	4	2	3	2	2	4	2	5	4	5	4	4	2	4	0	1
10060006	3	3	2	4	4	3	3	3	4	4	4	4	2	3	2	2	2	3	2	3	3	4	3	2	4	3	4	3	3	3	4	2	4	4	3	3	2	3	4	3	1	3	4	4	3	4	4	3	3	2	3	5	1	3	4	3	3	4	5	4	5	2	5	2	3	4	4	4	3	3	3	3	4	4	3	3	3	4	2	3	3	4	4	4	5	4	1	5	3	3	4	3	2	5	2	5	4	5	5	4	2	3	0	1
10060009	5	5	2	1	2	5	4	1	3	5	1	1	1	3	5	1	2	5	3	1	1	5	2	5	5	5	2	1	5	3	5	4	5	5	5	3	1	5	1	3	1	5	2	1	4	4	5	1	5	1	2	5	1	2	5	5	1	2	5	3	5	5	2	2	5	5	1	1	1	1	1	3	5	2	5	2	4	5	1	2	5	4	4	2	5	5	1	5	2	1	1	1	2	4	1	5	1	5	4	5	1	5	0	1
10060012	5	5	4	2	3	5	4	2	2	5	2	3	2	3	4	2	2	4	3	3	3	4	2	4	4	5	5	1	5	4	5	4	5	5	3	3	2	5	5	1	1	5	4	5	2	4	5	2	5	2	3	5	1	5	5	5	5	1	5	1	4	5	2	2	2	5	2	5	2	2	2	5	2	5	5	5	4	2	3	4	3	3	5	3	5	5	1	5	5	2	2	2	3	5	2	5	1	5	4	4	2	5	0	1
10060014	4	4	3	2	3	3	4	2	3	4	2	2	2	2	5	1	3	4	3	4	1	4	3	3	3	5	4	2	5	1	4	4	4	4	4	2	3	4	4	1	2	5	2	3	4	3	4	2	4	2	3	4	2	3	3	3	1	2	5	4	4	4	2	2	2	4	3	2	3	3	2	4	3	4	4	2	4	3	3	4	4	3	3	2	4	4	1	4	3	4	3	1	2	4	2	5	1	4	4	4	3	5	0	1
10060019	5	4	4	2	3	4	4	2	1	5	1	1	1	5	5	3	3	5	2	1	4	5	1	5	5	4	2	1	3	5	5	4	5	4	5	1	2	2	4	2	1	3	1	3	5	4	4	2	4	2	3	5	2	2	5	5	1	1	5	3	5	5	2	3	1	4	1	1	2	2	2	3	4	5	5	4	5	5	1	1	4	4	5	3	5	5	1	5	4	2	2	1	1	5	3	5	3	5	4	5	1	2	0	1
10060020	3	2	2	1	5	5	5	2	3	3	3	2	2	2	1	1	3	3	5	3	1	2	4	1	2	2	1	1	2	3	2	1	1	4	3	3	3	2	2	3	3	2	3	1	1	1	3	3	2	1	1	1	2	4	4	1	1	2	5	5	2	5	1	2	2	1	2	2	2	2	2	3	4	3	4	3	2	2	3	3	1	3	2	1	1	1	1	2	2	2	1	2	2	3	1	3	5	4	3	3	3	3	0	1
10060022	4	3	3	2	3	3	3	1	3	3	2	2	2	3	3	1	4	5	2	2	3	4	2	2	3	5	4	1	4	4	4	3	4	4	3	2	3	3	3	2	1	4	2	2	3	3	3	2	3	2	3	3	2	2	3	3	3	2	5	3	3	3	3	2	2	4	2	1	2	2	2	1	3	3	4	2	1	3	2	2	4	3	3	3	5	4	2	4	4	2	3	3	2	5	2	5	3	3	4	4	2	5	0	1
10060023	4	4	2	2	2	2	3	1	2	3	1	2	2	3	4	1	2	4	3	2	3	4	2	4	4	4	3	2	4	3	4	3	4	3	3	3	2	4	4	3	2	4	3	3	3	3	4	2	3	2	2	4	2	3	3	3	2	2	4	3	4	3	3	1	2	4	2	3	2	2	3	3	3	4	3	3	2	3	2	2	4	3	2	2	3	3	2	4	4	2	2	2	3	3	2	5	2	4	3	4	2	3	0	1
10060024	4	3	2	3	4	4	3	2	3	4	3	3	1	3	5	3	3	5	1	1	1	5	4	4	4	5	3	2	3	3	3	3	4	5	1	5	3	3	1	5	3	5	2	1	4	2	5	1	5	2	1	5	1	1	5	3	3	2	5	2	4	4	5	1	5	4	1	3	1	3	5	3	4	3	3	3	4	5	3	4	1	3	3	3	3	5	1	5	3	1	5	4	1	4	1	5	2	5	4	4	3	3	0	1
10060027	4	3	3	2	2	3	2	1	3	4	1	2	2	3	5	1	3	1	3	2	2	4	2	3	4	3	3	3	4	3	4	3	4	4	3	2	3	3	4	2	1	5	3	2	5	3	4	3	3	2	3	3	4	3	3	4	2	3	3	2	4	4	3	2	3	4	2	2	1	3	3	4	3	3	3	2	5	3	3	2	3	3	3	2	3	5	2	4	3	1	3	2	2	3	1	5	2	3	5	5	2	4	0	1
10060028	5	3	2	2	2	3	4	1	3	4	3	2	2	3	4	2	4	4	3	2	3	5	3	2	4	3	1	1	3	5	5	3	5	3	3	2	2	5	2	2	1	4	2	2	4	3	4	2	5	2	2	5	2	2	4	4	2	1	4	4	5	3	3	2	2	5	2	3	1	1	2	4	4	4	4	2	3	4	2	2	4	5	3	2	5	5	2	5	4	2	2	1	3	5	2	4	3	5	4	5	2	4	0	1
10060030	4	4	3	4	4	3	5	2	3	3	5	3	4	4	5	3	3	4	4	4	3	3	3	3	3	5	4	3	4	1	4	2	4	5	2	5	4	5	4	3	2	4	3	5	3	4	4	3	4	2	5	5	3	5	3	3	2	4	4	3	4	2	4	3	2	4	3	4	3	2	4	3	3	5	4	5	3	4	2	5	3	3	5	4	5	4	2	4	4	1	3	4	3	5	2	5	2	4	4	4	5	5	0	1
10060031	4	4	3	3	3	3	3	2	3	3	4	2	3	2	4	2	3	4	3	2	3	4	3	4	4	3	3	3	3	3	4	3	3	4	3	4	2	4	3	3	2	4	2	4	3	4	3	3	4	2	3	5	2	4	3	3	2	3	4	3	4	3	3	2	2	4	2	3	2	2	3	3	2	4	3	4	5	3	2	4	4	3	4	3	4	4	2	5	4	2	4	3	3	4	2	5	2	3	4	3	4	4	0	1
10060038	5	5	4	1	2	5	4	1	2	4	2	2	1	3	5	1	3	5	2	1	3	4	3	4	3	5	1	1	4	3	5	4	5	4	4	2	1	5	4	2	1	5	2	3	5	3	5	2	5	2	3	5	1	3	5	4	2	1	5	2	5	4	2	1	1	5	1	1	1	2	3	5	3	5	4	5	5	5	1	1	5	4	4	1	5	5	1	5	4	1	1	1	2	5	1	5	1	5	5	5	1	5	0	1
10060040	4	4	2	2	4	2	3	1	2	3	2	4	2	4	5	2	2	5	2	2	3	4	2	3	4	4	4	3	4	4	4	3	5	4	4	2	2	4	4	4	2	4	3	3	4	4	2	2	4	2	2	5	2	3	3	3	2	2	4	2	4	3	3	4	2	4	2	2	1	4	4	4	4	5	5	4	5	4	1	2	4	4	4	2	4	4	2	5	4	1	4	1	3	4	1	5	4	4	4	4	2	4	0	1
10060042	4	4	3	3	3	4	3	1	3	3	2	3	3	3	4	2	2	4	3	3	3	3	3	4	3	3	4	2	5	2	4	3	4	4	4	3	2	3	4	1	3	5	2	3	3	4	3	2	4	2	4	4	2	4	3	3	2	2	4	3	4	3	2	3	2	4	3	2	2	3	2	3	4	5	4	3	4	4	2	4	5	2	3	3	5	4	1	5	3	2	2	2	4	4	2	4	2	4	4	4	3	5	0	1
10060047	5	4	4	2	2	4	4	1	2	4	2	2	1	4	4	1	4	5	2	3	1	3	1	3	4	5	4	1	3	1	5	4	4	3	4	2	2	5	2	1	2	5	3	4	5	5	5	2	5	2	3	5	1	2	4	4	1	2	5	3	5	4	3	2	2	5	1	1	1	2	1	3	4	4	5	4	5	3	1	2	4	3	5	2	4	4	1	5	4	1	3	1	2	4	2	5	1	4	5	5	2	4	0	1
10060049	4	3	4	3	3	2	3	1	3	5	3	2	2	2	4	3	3	4	3	2	2	4	3	5	5	5	3	2	3	4	4	3	4	3	4	2	4	4	5	2	3	4	2	3	3	1	3	3	3	1	2	3	2	2	3	4	3	1	4	3	4	3	3	2	2	4	2	3	2	2	2	3	3	3	3	3	5	3	3	2	4	3	4	3	3	4	1	4	3	2	2	2	2	3	2	5	2	4	4	4	2	3	0	1
10070002	4	4	5	3	2	3	4	3	3	4	2	2	3	3	3	3	3	3	3	3	2	3	2	4	4	4	3	1	4	4	4	4	4	4	4	3	4	4	4	3	2	5	3	4	4	5	5	3	5	3	4	5	3	3	5	4	4	4	5	4	5	4	3	3	2	4	2	3	2	4	3	3	4	3	4	4	5	4	3	5	4	3	5	2	4	4	1	4	4	4	3	2	3	4	2	4	2	5	4	4	4	3	0	1
10070004	5	3	3	2	2	3	3	2	3	4	3	2	2	4	5	2	2	4	3	3	1	2	2	5	4	5	2	1	5	1	4	4	4	4	3	2	2	3	3	2	2	5	2	2	3	4	3	2	4	2	3	5	2	3	3	3	1	1	4	2	4	4	2	2	2	4	2	2	3	2	2	4	3	5	4	3	5	3	1	4	4	2	2	2	4	4	1	4	5	2	2	2	3	4	2	5	1	3	4	4	3	4	0	1
10070005	5	5	4	2	1	5	5	1	3	3	1	1	1	2	5	1	4	5	1	1	3	5	1	3	5	5	1	1	3	5	5	3	5	3	4	1	1	5	5	3	2	5	1	1	5	3	3	1	5	1	3	5	3	2	5	5	5	2	5	4	5	3	2	1	2	5	2	1	2	4	1	3	5	5	5	5	5	4	2	3	5	5	5	5	5	5	1	5	2	2	2	1	1	5	2	5	1	5	5	5	2	5	0	1
10070008	4	4	4	3	3	4	4	2	2	4	2	2	2	3	4	2	3	4	3	2	2	4	2	3	4	4	2	1	4	3	4	4	4	3	4	2	2	4	3	2	2	4	2	3	4	4	4	2	4	2	3	5	3	4	4	4	1	2	4	2	4	4	2	2	2	4	2	3	2	2	2	4	4	4	4	4	5	4	2	2	4	3	4	2	5	4	2	5	4	2	2	2	2	4	2	4	1	4	4	4	2	4	0	1
10070011	4	4	3	2	3	3	3	4	3	4	2	3	2	2	3	4	4	3	3	3	3	4	3	3	4	4	4	3	4	3	4	4	4	3	2	3	4	3	4	4	1	4	2	2	3	2	2	3	3	2	4	4	3	3	3	4	3	4	5	3	4	4	2	2	3	4	3	4	4	3	3	4	2	2	3	2	2	2	4	4	4	4	5	4	4	2	4	3	4	3	4	2	2	3	2	4	4	3	4	4	4	4	0	1
10070012	5	4	3	1	3	4	4	3	4	4	4	2	4	5	2	1	4	3	4	1	2	3	4	4	4	5	4	3	3	3	5	4	5	5	4	1	2	3	1	2	2	5	3	1	5	5	5	2	3	5	2	4	1	2	5	4	2	3	5	2	4	4	3	1	1	5	1	1	2	1	2	3	2	4	4	3	4	3	3	2	4	5	3	1	5	4	1	5	4	1	1	2	2	5	1	5	4	4	5	5	1	3	0	1
10070014	4	3	2	3	3	3	3	2	3	3	3	3	3	3	2	1	3	4	2	2	2	3	2	3	3	5	3	1	4	5	5	2	4	3	5	3	3	3	4	3	3	4	1	1	3	3	4	3	3	3	4	4	2	2	3	3	3	3	3	2	4	3	3	2	2	4	2	3	2	2	3	2	2	3	3	3	2	3	4	3	2	3	1	2	4	4	1	4	3	1	2	3	3	4	1	4	3	3	4	5	2	2	0	1
10070015	4	5	3	2	2	4	4	2	2	4	2	1	4	4	4	1	2	5	4	2	2	3	4	3	2	1	2	2	4	2	4	3	4	3	4	3	3	3	3	2	2	4	2	5	4	5	5	1	5	2	4	4	2	2	3	4	2	1	5	3	5	2	2	3	1	5	2	3	2	2	2	4	3	4	4	3	3	3	2	4	3	3	3	1	4	4	1	5	4	1	2	2	3	5	1	4	1	5	4	5	3	4	0	1
10070017	5	3	2	1	4	3	4	1	3	5	5	3	1	3	5	1	4	4	2	2	3	4	2	4	5	5	5	1	4	5	5	4	5	4	3	2	2	1	2	3	1	4	1	4	3	5	3	2	4	3	1	4	1	1	4	1	2	2	4	1	2	5	2	1	3	4	1	2	1	4	5	1	2	4	2	3	1	1	4	2	5	5	5	2	5	1	2	5	4	2	2	3	1	4	1	5	5	5	5	5	4	2	0	1
10070020	4	3	2	2	3	3	4	3	3	3	2	4	3	3	4	3	2	4	3	3	3	5	3	3	4	3	3	2	4	4	4	4	4	4	5	3	3	3	3	3	1	5	4	3	3	4	3	3	3	2	3	5	1	2	4	3	3	3	3	3	3	4	3	2	2	3	3	2	2	3	4	2	3	3	3	3	5	3	1	2	2	2	3	2	3	3	4	4	2	1	3	2	2	3	1	3	4	2	3	3	3	4	0	1
10070026	4	1	1	2	3	4	3	1	3	3	3	2	1	1	4	1	3	5	3	1	3	3	2	4	1	4	2	2	3	3	4	3	4	4	4	4	1	3	2	2	2	3	3	1	4	3	3	2	3	3	1	4	1	2	4	3	1	2	3	4	4	2	2	2	2	4	2	1	1	2	2	3	2	5	4	3	2	3	1	2	5	3	3	3	5	4	1	5	3	2	2	3	2	4	2	5	3	4	4	3	2	4	0	1
10070027	4	4	2	3	2	4	3	2	2	4	1	2	1	4	4	3	4	3	4	1	4	2	3	2	4	1	4	3	5	5	4	2	4	5	4	4	4	2	2	4	4	5	4	2	4	2	2	2	3	2	4	4	4	2	2	3	3	4	4	4	5	2	4	1	1	4	1	2	4	4	4	4	2	5	4	3	4	4	3	1	4	4	1	2	4	4	2	3	2	3	3	1	1	3	3	4	3	4	4	4	2	5	0	1
10070028	3	3	4	2	2	4	3	3	4	3	3	2	3	2	4	3	4	3	4	2	2	3	3	5	4	5	4	2	3	4	4	2	4	3	4	3	3	4	3	4	1	5	1	4	4	3	2	2	3	2	2	4	2	4	3	3	1	2	3	2	5	3	2	2	2	4	3	2	2	3	2	2	3	3	4	3	5	3	3	4	4	3	4	3	3	4	2	4	4	3	4	2	2	4	2	5	3	2	4	4	2	3	0	1
10070033	5	3	3	3	5	1	2	3	3	1	3	5	1	3	5	4	3	2	1	2	5	5	3	4	5	5	5	4	3	5	5	3	4	4	2	5	2	2	2	5	2	3	3	1	1	3	2	4	2	3	1	2	3	2	3	2	3	4	2	2	3	2	4	1	2	2	1	3	3	4	5	3	3	4	3	2	1	2	3	2	2	3	5	5	3	2	3	4	1	5	3	2	3	1	3	3	5	1	1	4	1	1	0	1
10070034	4	3	4	3	2	4	4	2	2	4	2	2	3	4	4	1	3	5	2	2	3	4	1	3	5	4	2	2	4	4	5	4	4	3	3	2	3	4	3	4	3	3	2	3	4	4	4	1	3	2	3	5	1	2	4	4	3	2	5	3	4	4	2	4	2	3	1	1	1	2	1	2	3	4	5	4	5	3	1	2	3	1	4	2	5	4	1	5	5	4	3	3	3	5	1	5	1	4	4	5	3	5	0	1
10070037	5	4	3	1	2	3	4	2	3	3	2	2	2	4	5	1	3	5	2	3	2	4	1	4	4	5	2	2	4	2	4	3	4	4	3	3	4	3	4	2	2	4	2	4	3	4	3	2	4	2	3	4	2	3	3	4	1	2	4	2	5	3	2	2	2	4	2	3	1	2	2	4	3	3	3	3	3	3	1	2	3	2	2	3	3	3	3	5	5	2	2	1	3	4	2	4	1	5	4	4	2	4	0	1
10070038	5	5	3	2	5	4	4	1	2	5	2	2	1	3	5	1	3	5	2	1	1	4	1	3	5	5	4	1	3	2	5	3	5	4	4	5	1	5	2	3	2	4	1	4	4	3	5	1	5	2	3	5	1	2	5	5	1	1	5	3	5	4	2	2	1	5	1	2	2	1	2	5	4	5	5	5	4	2	5	2	5	5	2	2	5	5	1	5	5	1	1	1	1	5	2	5	2	5	5	5	2	4	0	1
10070040	5	5	5	3	3	5	3	1	2	5	2	3	3	1	4	2	2	4	2	3	2	4	3	3	4	5	3	1	3	4	4	3	4	3	4	2	2	5	4	2	2	5	1	5	5	5	5	1	5	2	1	5	1	3	5	4	3	1	5	3	5	3	3	2	2	5	2	3	1	2	3	4	5	4	4	4	3	3	3	3	4	3	5	4	4	4	2	5	5	2	3	2	2	5	2	5	2	5	5	4	3	5	0	1
10070043	5	5	3	1	3	4	4	1	2	4	1	2	3	2	5	1	4	4	4	4	2	3	2	4	5	5	3	3	3	5	3	2	4	3	5	4	3	3	4	2	2	5	1	3	4	3	3	2	5	1	2	4	1	2	3	4	2	1	3	1	5	3	2	3	2	5	1	1	1	2	2	2	4	5	4	3	4	5	2	2	4	3	2	2	4	4	1	5	5	1	4	1	1	3	1	4	2	5	4	5	1	5	0	1
10070044	4	4	4	1	2	2	5	1	3	3	1	2	3	3	5	1	3	5	2	2	2	4	1	3	4	5	1	1	3	3	4	4	4	3	4	4	2	5	3	1	2	5	1	1	4	4	2	3	4	1	3	4	3	1	4	3	2	1	3	3	4	3	3	4	2	3	2	1	3	1	1	3	3	4	4	3	4	3	2	3	4	3	3	2	5	4	1	5	4	1	2	1	1	3	3	3	3	3	3	3	3	3	0	1
10080002	5	5	3	2	1	4	5	1	2	4	1	1	4	3	5	1	2	5	4	1	2	4	1	5	5	5	2	1	5	4	5	4	5	1	4	2	2	5	4	1	2	5	4	3	5	5	5	2	5	1	5	5	3	1	4	3	2	1	4	3	5	5	3	2	1	5	2	1	1	4	1	2	5	5	5	5	4	5	1	3	5	4	4	1	5	5	1	5	5	1	3	1	2	4	2	5	1	5	5	5	1	5	0	1
10080003	3	4	3	5	5	5	3	3	5	5	1	5	5	5	5	5	4	5	2	5	2	2	5	5	2	5	5	5	5	1	5	2	3	5	1	5	1	4	1	5	5	5	5	5	2	3	4	5	4	1	3	3	2	5	5	4	3	2	2	5	5	5	5	1	4	4	5	5	4	3	5	5	2	3	3	5	1	1	5	1	2	1	5	4	2	3	4	5	3	4	3	5	5	2	4	5	1	5	3	2	5	5	0	1
10080007	4	1	1	5	2	1	3	3	3	3	3	3	3	2	3	4	2	2	2	3	3	2	2	3	3	3	3	3	3	3	3	3	3	3	3	3	3	3	3	3	4	3	3	3	3	3	3	4	3	3	4	3	3	3	4	4	4	3	3	4	3	3	3	3	3	3	2	3	3	3	3	3	1	3	3	3	3	3	3	3	3	3	3	3	3	3	3	4	3	3	4	4	2	3	3	3	3	3	3	3	3	3	0	1
10080008	4	5	3	1	5	4	4	2	2	5	2	4	2	4	5	2	4	5	2	1	3	5	1	3	5	5	2	2	3	3	5	3	5	2	5	2	3	4	1	2	1	5	2	3	4	1	5	1	5	2	2	4	1	1	5	4	1	2	5	4	4	4	3	3	1	5	1	1	2	2	3	3	5	5	4	4	5	1	1	1	4	4	3	4	5	4	1	5	4	1	1	1	4	5	3	5	1	4	5	5	1	5	0	1
10080012	5	4	4	1	3	3	5	1	2	5	3	1	2	4	5	1	2	5	4	2	3	5	3	5	4	4	3	1	5	4	5	5	5	5	5	2	2	5	3	2	1	5	3	5	5	5	3	1	5	1	3	5	3	2	5	5	2	3	5	2	5	5	3	3	3	5	2	2	1	3	3	3	4	5	5	5	3	5	3	4	5	3	5	3	5	5	1	5	5	1	2	1	3	5	1	5	1	5	4	5	2	5	0	1
10080013	4	3	3	1	2	3	3	1	2	3	2	2	3	2	4	1	2	5	2	2	3	5	1	4	3	4	3	1	4	3	4	3	3	4	4	2	2	4	1	2	1	4	2	2	3	3	3	2	3	2	3	3	1	2	3	3	2	2	5	4	5	3	3	1	2	4	2	2	2	2	3	3	3	3	3	2	2	4	2	2	3	3	3	2	4	3	1	5	3	1	2	1	2	3	1	5	2	3	4	4	2	3	0	1
10080015	5	5	4	1	3	3	5	2	1	5	2	3	3	4	5	1	2	5	2	3	3	2	1	5	5	5	5	2	5	4	5	4	5	5	3	2	2	4	5	4	1	5	4	5	4	5	3	2	4	2	3	5	2	4	4	4	4	3	2	2	5	5	4	1	2	5	2	3	2	2	5	5	2	4	4	5	2	5	2	3	5	3	2	2	5	5	3	4	5	2	3	2	3	5	1	5	4	5	4	5	2	5	0	1
10080019	5	5	5	2	4	4	5	2	3	5	2	4	4	4	3	1	3	5	3	4	2	5	1	4	5	5	3	2	5	3	5	2	5	4	5	5	1	5	5	3	3	5	2	4	5	4	5	2	5	1	2	5	2	2	5	4	2	2	5	4	5	2	4	1	4	5	3	3	1	5	3	5	5	5	5	4	5	4	3	2	5	1	5	3	5	5	1	5	5	3	3	1	3	5	1	5	1	5	5	5	1	5	0	1
10080023	4	5	4	1	4	3	3	5	4	4	1	4	3	5	4	1	2	4	4	1	2	5	1	5	4	5	5	1	5	2	5	4	5	5	4	4	4	3	2	3	2	3	5	4	4	5	5	1	5	2	3	5	3	4	3	2	4	4	3	5	5	2	4	4	3	5	5	5	2	4	4	2	2	5	4	4	3	4	5	4	5	3	5	2	2	4	1	4	5	2	3	1	4	5	2	5	2	4	4	5	4	4	0	1
10080026	4	3	3	4	3	3	3	2	3	3	3	3	3	3	4	2	3	4	3	3	2	3	3	3	3	4	3	1	4	4	3	4	4	3	1	3	3	2	5	2	3	3	1	2	4	4	5	1	4	3	3	3	1	1	4	3	2	2	5	4	1	4	3	2	4	4	4	1	1	3	4	3	2	2	5	3	3	5	5	5	4	2	2	2	4	3	3	3	4	5	3	3	4	4	5	5	2	5	5	4	5	5	0	1
10080028	3	4	2	2	4	4	4	2	2	3	3	3	2	3	4	2	4	4	3	3	4	2	3	3	4	5	3	2	3	4	4	2	3	2	3	4	3	4	3	3	2	4	2	2	3	3	3	2	3	3	3	5	2	2	5	4	2	2	4	4	3	3	3	3	1	3	2	2	2	2	4	3	4	4	4	5	2	4	2	4	4	4	2	4	5	4	2	4	3	4	2	2	3	5	2	5	3	3	3	4	3	4	0	1
10080029	5	4	3	2	4	2	3	2	3	3	3	3	3	3	5	3	2	5	1	3	3	2	4	5	5	5	3	2	4	3	4	3	5	5	5	5	5	5	5	3	1	5	3	5	5	5	5	1	5	4	2	5	3	4	5	5	3	2	5	5	5	2	3	2	5	5	1	4	1	2	3	4	2	5	5	5	5	5	3	1	5	2	5	4	5	5	1	5	5	3	5	1	2	5	1	5	2	5	5	5	2	5	0	1
10080031	4	4	1	2	2	4	4	1	3	3	1	1	1	2	5	1	3	4	2	3	2	3	4	5	5	4	2	3	4	5	5	3	4	4	2	2	2	5	3	3	1	5	4	1	3	3	3	2	4	2	2	4	3	2	4	5	2	5	4	2	5	4	3	2	3	5	2	2	3	2	3	4	4	4	4	2	5	3	1	3	4	3	5	3	4	4	1	5	3	2	3	2	1	4	1	5	4	4	4	4	2	4	0	1
10080033	5	5	1	2	3	5	5	1	3	4	2	3	2	3	5	2	3	4	1	3	2	5	1	5	4	2	3	3	1	3	4	3	5	3	5	3	1	2	1	1	3	5	2	3	3	3	5	1	3	1	3	5	1	3	5	5	3	2	5	3	4	2	2	1	3	5	2	2	1	3	1	2	5	4	4	2	5	4	1	2	4	2	2	5	5	4	1	5	4	1	5	1	1	4	1	5	1	5	5	5	3	3	0	1
10080037	4	5	4	3	3	5	4	2	2	4	1	3	2	5	4	2	4	4	2	3	4	4	5	5	3	4	5	3	4	4	4	3	4	4	5	4	3	5	3	5	3	5	4	5	3	5	4	1	4	1	4	5	2	1	5	4	3	5	5	2	5	3	5	2	3	5	1	2	3	5	5	4	4	4	4	3	4	4	5	2	4	4	3	4	5	5	3	5	3	4	4	3	3	5	2	5	4	5	4	5	3	4	0	1
10080038	5	5	4	4	4	4	3	2	3	4	2	2	1	2	5	4	3	4	2	2	3	5	2	5	4	5	4	2	3	2	4	3	5	4	4	3	4	5	4	2	3	5	4	3	4	5	5	2	5	2	2	4	2	5	5	5	1	3	4	5	3	5	1	1	1	5	2	5	1	2	2	3	1	5	5	4	1	4	2	2	4	5	2	5	4	5	2	5	4	4	3	4	1	5	4	5	3	5	4	4	2	5	0	1
10080041	5	4	1	4	3	5	2	3	3	4	3	5	4	5	5	3	5	4	1	5	4	2	5	5	3	5	5	4	5	1	4	5	3	3	2	5	3	4	5	5	5	5	4	3	4	3	5	3	4	4	4	5	1	3	5	5	5	4	4	2	5	5	3	1	2	4	2	3	2	5	5	4	2	3	4	4	1	4	4	2	3	4	2	4	4	4	1	5	3	3	4	2	1	4	1	5	4	3	4	4	2	4	0	1
10080042	5	5	4	2	4	4	5	2	2	4	3	4	4	2	4	2	4	5	2	2	4	4	2	4	4	2	5	2	4	4	4	5	5	4	2	3	3	5	4	4	2	5	1	4	2	3	3	2	4	1	4	5	3	4	5	4	2	1	4	2	5	4	4	2	2	5	5	2	4	4	4	5	4	5	5	4	5	5	3	3	4	4	5	3	5	5	1	5	5	1	2	1	2	5	2	5	3	5	5	4	2	4	0	1
10080043	5	5	3	2	4	5	5	2	1	5	2	4	1	4	5	1	3	5	1	2	2	4	1	5	5	5	3	1	3	3	4	4	5	5	3	4	2	5	4	4	2	5	2	4	4	5	5	1	5	1	3	5	1	3	5	4	3	2	5	2	5	4	2	1	1	5	1	3	1	2	1	5	4	5	5	5	1	4	2	2	3	4	5	3	5	4	1	5	3	2	2	1	3	5	1	5	2	5	4	5	2	4	0	1
10080044	4	4	3	2	3	3	3	2	2	3	2	3	2	3	4	3	3	3	2	3	4	4	2	4	4	4	3	2	4	4	4	3	4	4	3	3	2	3	2	3	2	4	4	2	4	2	4	2	4	2	3	4	2	2	4	4	1	4	4	3	4	3	3	2	2	4	2	3	3	2	4	3	3	4	4	3	3	3	2	1	2	4	4	4	5	4	1	4	4	2	2	1	1	4	2	5	4	3	4	4	1	4	0	1
10080045	5	5	2	2	3	3	4	1	3	2	2	3	2	4	5	1	2	5	3	3	4	5	1	5	4	5	5	2	5	3	4	4	5	5	5	3	2	4	5	3	2	5	5	5	4	5	5	2	5	1	3	5	1	3	4	3	1	3	5	2	5	4	3	1	2	5	3	4	2	1	2	4	2	5	5	1	2	4	2	2	5	3	3	3	4	5	1	5	4	1	3	1	3	4	1	5	1	5	5	5	1	5	0	1
10080046	4	5	5	3	3	5	5	3	2	4	3	3	2	3	3	2	4	3	5	4	5	4	4	5	3	5	4	2	5	4	4	2	4	5	3	4	2	5	1	4	3	5	1	1	3	5	5	4	5	1	3	5	4	4	2	2	3	1	4	5	5	2	4	3	2	3	2	4	4	2	4	5	4	2	4	5	4	4	2	5	4	4	5	1	5	5	2	2	3	1	4	2	4	4	4	5	5	5	3	3	5	5	0	1
10080047	4	4	4	3	3	4	3	1	4	4	2	2	1	2	3	2	4	3	4	4	2	3	2	4	3	5	4	2	3	3	3	4	4	3	3	2	1	4	4	3	2	4	3	4	4	4	4	2	4	2	3	5	2	2	4	4	2	2	3	3	4	4	3	2	2	4	3	2	3	2	3	3	3	4	4	3	5	4	2	3	4	3	4	3	4	5	1	5	4	2	3	1	3	4	2	5	2	4	3	4	3	4	0	1
10080051	3	5	5	2	2	5	5	2	4	5	2	2	4	5	3	2	2	4	2	2	4	3	1	5	2	3	5	1	5	4	4	5	4	2	5	3	4	5	4	4	3	5	5	3	5	5	5	1	5	2	4	5	2	3	5	5	4	5	4	5	4	5	3	2	2	5	2	2	2	5	4	4	4	5	5	3	2	4	3	5	4	3	5	3	4	5	2	4	5	4	4	1	3	5	3	5	2	3	5	3	2	5	0	1
10080052	3	2	3	2	2	3	3	2	3	3	2	2	3	3	3	2	3	3	3	2	3	3	3	4	3	2	3	2	5	3	3	3	3	4	3	2	3	4	3	3	2	4	2	4	4	4	3	3	3	3	3	3	3	2	3	3	2	3	5	3	3	2	2	2	2	4	3	2	2	2	3	2	3	5	4	3	4	3	3	4	3	3	3	2	3	3	2	3	3	2	3	2	3	3	2	4	3	3	3	3	3	4	0	1
10080053	5	4	2	3	4	2	2	1	2	3	3	3	2	2	3	3	4	3	2	2	4	4	2	3	4	4	3	3	3	4	4	2	4	5	3	3	3	3	1	1	3	4	2	3	3	2	3	2	3	2	2	3	2	3	3	2	2	2	4	4	4	2	2	2	2	4	2	3	3	3	2	3	2	4	3	2	4	2	2	2	4	3	4	2	3	4	2	3	2	2	3	2	2	3	1	5	3	3	4	4	2	4	0	1
10080054	5	3	2	2	4	3	4	5	4	2	5	3	2	5	4	5	4	5	1	4	5	1	4	4	4	4	5	3	5	5	4	4	5	5	2	4	4	3	1	4	2	5	4	1	1	2	2	5	4	4	3	5	4	2	4	4	5	2	5	5	5	2	3	1	2	3	4	4	3	5	5	3	1	3	3	4	1	2	4	2	5	4	5	4	5	3	2	4	3	2	3	5	1	5	2	5	4	5	2	4	2	4	0	1
10080055	5	5	4	3	5	5	5	4	3	3	2	5	2	5	5	2	2	5	1	3	5	3	2	4	4	3	5	1	4	5	4	4	4	5	5	3	4	5	4	5	2	5	5	4	4	4	5	2	5	2	3	5	1	2	4	4	5	4	5	3	4	4	4	2	4	4	3	2	3	2	5	4	3	4	4	5	5	4	4	4	2	4	5	4	4	4	4	5	4	4	4	3	3	4	2	4	5	4	4	4	3	4	0	1
10080056	4	5	2	2	4	2	2	2	4	5	2	2	2	2	4	2	3	4	2	2	4	4	5	4	4	4	4	2	4	3	4	3	4	4	4	2	2	4	4	2	2	5	4	2	4	4	4	2	4	2	4	5	2	2	4	4	2	2	4	2	4	2	4	4	2	4	2	2	2	2	5	2	4	4	4	2	5	4	2	2	4	3	4	3	5	4	1	5	4	2	3	1	2	5	2	4	2	5	5	4	1	4	0	1
10080060	4	5	5	1	4	4	4	1	3	5	2	2	1	3	5	1	3	5	3	2	1	3	2	5	3	5	3	1	5	3	4	3	4	4	4	3	2	1	4	1	1	5	4	2	5	4	3	2	4	2	2	5	4	2	4	5	2	3	4	2	5	4	3	3	1	4	1	1	1	2	2	4	4	5	4	5	5	5	2	2	5	4	4	4	5	4	2	5	5	1	2	1	1	5	1	5	2	4	4	4	2	5	0	1
10080063	4	4	3	3	3	4	4	2	3	4	2	3	2	3	4	2	2	4	2	2	2	4	3	3	4	5	2	2	4	4	4	3	4	4	3	3	3	4	4	2	1	5	3	1	4	3	4	1	5	3	3	4	2	2	4	3	3	2	4	3	3	3	3	3	3	3	3	2	2	3	3	4	3	3	4	3	2	4	3	3	1	3	4	3	4	4	2	5	3	3	2	2	3	4	3	5	3	4	4	4	2	4	0	1
10080067	5	5	3	1	2	4	5	1	2	5	1	1	1	3	5	2	2	5	2	3	3	5	2	5	5	5	3	1	4	3	5	4	5	5	5	3	1	5	2	3	1	5	3	5	4	4	5	3	4	1	3	5	4	3	4	3	2	2	5	2	5	4	2	3	2	5	2	3	2	2	2	3	3	5	5	4	5	3	1	2	4	3	4	2	4	4	2	4	3	2	2	2	3	4	2	4	2	5	5	5	3	4	0	1
10080070	3	3	4	3	3	3	5	5	5	5	5	5	4	4	4	4	4	3	3	3	3	5	4	3	4	5	5	5	5	5	5	5	5	5	5	5	5	5	5	5	5	5	5	5	5	5	5	5	5	3	3	2	4	4	2	5	3	4	3	4	5	3	4	2	3	5	3	4	4	4	4	5	5	5	4	3	4	3	1	4	5	5	2	5	5	5	1	5	3	3	5	5	5	5	5	5	5	2	5	4	4	2	0	1
10080072	5	5	2	1	4	4	5	3	2	5	2	4	4	3	5	1	3	5	2	3	2	4	3	4	5	5	3	1	4	3	5	4	4	5	4	1	3	4	4	2	1	5	3	5	5	5	4	3	5	2	3	5	1	3	4	4	2	2	5	2	4	3	2	3	2	5	2	3	2	1	4	5	4	4	5	3	5	4	1	2	2	4	3	2	5	5	1	5	4	1	4	1	3	5	2	5	3	5	5	5	3	4	0	1
10080078	5	5	5	1	4	5	5	2	2	5	1	3	2	3	5	1	2	5	2	2	4	5	1	4	5	5	5	1	5	2	5	5	5	5	5	3	2	5	5	3	1	5	4	5	5	5	5	2	5	2	2	5	1	2	5	5	3	1	5	2	5	5	4	3	1	5	1	2	1	1	2	5	5	5	5	5	5	2	2	3	5	1	5	3	5	5	1	5	4	3	2	1	2	5	2	5	2	5	5	5	1	5	0	1
10080079	4	4	5	2	4	5	3	3	3	5	5	4	2	4	5	1	4	5	2	2	1	5	1	5	3	5	2	1	4	2	4	2	4	5	5	2	2	5	4	2	1	4	3	3	4	5	5	2	5	2	3	5	2	5	5	3	2	2	5	5	5	2	2	1	2	5	2	5	1	5	2	5	2	4	4	3	5	2	2	4	4	3	5	4	4	4	1	5	4	2	4	3	3	5	3	4	2	5	5	5	3	2	0	1
10080080	4	3	4	2	4	4	3	3	2	4	2	2	2	3	4	1	3	4	1	2	3	4	3	4	3	4	4	2	4	5	4	4	5	4	3	3	2	5	5	4	1	5	4	2	4	4	4	2	4	2	2	3	2	2	3	3	3	3	3	2	3	4	3	1	2	5	1	3	2	3	3	2	2	4	4	2	4	2	2	2	3	4	5	3	5	4	1	5	3	1	3	2	1	3	2	5	2	5	5	5	1	3	0	1
10080082	5	4	3	2	1	3	3	1	1	3	1	2	1	2	5	2	2	5	1	3	2	4	1	3	5	5	3	1	3	5	5	3	5	5	5	1	1	5	1	4	1	5	3	4	3	1	3	1	5	1	3	5	1	2	5	4	1	2	5	1	5	3	2	1	1	5	1	2	1	2	3	2	2	5	5	2	4	4	2	1	3	4	5	2	5	5	1	5	4	1	2	2	1	4	1	5	1	5	4	5	2	3	0	1
10080086	5	4	3	2	3	5	3	1	5	5	1	2	2	4	5	1	1	5	2	2	5	5	1	4	5	5	3	1	5	5	5	4	5	5	5	3	4	5	5	5	1	5	3	5	5	5	5	1	5	1	4	5	1	5	5	4	3	1	5	2	5	5	5	1	3	5	1	1	3	2	2	4	5	5	5	5	1	5	1	5	1	4	4	4	5	4	1	5	5	1	3	2	3	5	1	5	3	5	5	5	2	5	0	1
10080087	4	3	3	2	2	2	3	2	3	4	1	2	2	2	2	1	2	3	3	3	3	3	2	3	3	3	3	1	3	3	3	2	3	3	5	2	2	3	2	2	2	3	4	2	3	4	2	2	3	2	3	4	3	2	3	4	2	2	4	2	3	3	2	2	3	4	2	1	2	2	2	4	3	4	2	2	3	2	1	2	3	3	3	2	3	3	2	4	3	1	1	2	2	3	2	4	2	4	4	4	2	3	0	1
10080093	5	3	1	1	2	3	4	1	2	3	2	2	4	3	4	1	3	4	3	3	2	4	2	5	4	4	3	2	4	4	5	3	5	5	4	3	2	4	4	2	1	4	3	4	3	3	4	1	4	2	3	4	1	2	4	4	2	2	4	3	3	4	3	2	2	4	2	2	1	2	2	3	3	4	4	3	2	4	2	3	3	3	2	2	4	4	2	5	4	1	2	1	3	3	1	5	2	4	4	4	3	4	0	1
10080094	5	5	5	1	2	5	3	2	4	4	4	2	5	5	3	1	2	5	3	3	2	4	1	5	2	5	3	1	5	4	5	4	5	5	5	2	4	5	3	3	5	5	2	5	4	5	5	4	4	1	2	5	2	5	5	3	2	3	5	4	3	4	5	3	3	4	4	1	1	2	3	2	4	5	4	5	5	4	1	2	5	5	5	1	3	5	2	4	4	1	3	1	1	4	4	5	1	5	5	5	4	5	0	1
10080095	5	5	5	1	1	5	1	5	1	1	1	5	5	1	5	1	5	5	1	5	5	5	5	1	1	5	5	1	5	5	5	1	5	5	5	5	1	5	1	5	1	5	5	5	5	5	5	1	5	1	1	5	1	1	5	5	1	5	5	1	5	5	5	1	1	5	1	1	1	5	5	5	1	5	5	5	1	1	1	5	5	5	1	5	5	5	5	5	5	1	1	1	1	5	1	1	1	5	5	5	1	5	0	1
10080096	5	5	5	5	5	5	2	1	5	5	5	5	5	5	5	1	5	5	5	1	5	5	5	5	3	3	2	1	2	3	5	2	5	2	5	2	1	5	3	2	2	4	2	4	5	3	4	1	5	3	2	4	2	2	5	5	2	1	5	3	5	3	3	1	2	5	1	3	1	1	2	3	3	5	5	2	4	2	2	2	4	3	3	1	5	4	1	5	4	1	2	1	2	1	2	5	2	4	5	5	2	3	0	1
10080097	4	4	4	3	5	4	5	2	3	5	1	4	3	3	4	3	3	4	4	3	3	4	4	3	4	4	5	2	5	5	4	5	5	5	2	5	4	5	2	4	2	5	5	5	4	5	4	3	5	1	3	5	2	3	3	3	4	5	3	4	5	5	4	3	3	3	2	5	4	4	4	5	3	4	4	5	4	3	4	4	3	4	4	3	5	4	3	5	4	3	3	3	3	4	3	5	4	5	4	4	4	4	0	1
10080100	4	4	4	1	3	3	3	2	3	4	4	2	2	2	5	2	2	4	3	4	2	3	3	4	5	5	1	1	3	3	5	3	4	4	4	2	2	5	5	2	2	5	2	5	4	5	4	4	4	3	2	5	3	3	3	4	5	4	5	2	4	3	3	2	2	5	1	4	2	3	2	3	2	3	4	4	4	4	3	5	3	3	5	1	5	4	1	5	3	2	3	2	4	4	2	4	1	4	4	4	4	4	0	1
10080102	4	4	2	1	4	4	4	1	2	3	1	2	1	3	3	2	3	4	1	3	2	4	1	4	4	5	3	2	3	4	5	2	3	4	5	3	1	5	5	3	1	5	1	4	4	4	1	2	4	2	1	5	1	4	4	3	2	1	4	4	5	2	4	2	2	3	4	4	1	1	2	4	5	5	4	4	3	5	1	1	5	3	2	3	5	4	1	5	3	1	1	1	1	4	1	5	1	4	5	5	1	3	0	1
10080105	3	4	4	3	3	4	4	3	2	5	1	3	2	4	4	2	3	5	4	4	2	3	2	5	4	4	4	2	4	2	4	4	4	4	4	3	4	4	4	4	2	4	3	5	4	5	5	3	5	2	3	4	3	4	4	3	2	3	4	4	5	4	3	3	3	4	4	4	2	4	2	4	2	3	3	3	5	2	4	4	2	3	4	2	3	4	3	4	3	2	3	2	3	4	2	5	3	5	3	4	4	4	0	1
10080108	5	5	5	1	3	3	5	1	4	3	2	3	5	2	5	1	3	5	1	1	2	5	4	5	5	5	2	1	5	5	5	3	4	5	5	3	4	5	5	4	1	5	4	5	4	2	5	1	4	2	4	5	1	2	5	5	5	4	5	2	5	5	4	1	3	5	1	1	4	5	5	5	5	5	5	5	5	3	1	1	5	5	5	2	5	5	1	5	5	1	5	2	1	5	1	5	4	5	5	5	3	5	0	1
10080112	4	5	5	2	3	5	4	2	2	5	3	3	1	2	5	2	3	5	2	3	2	4	2	4	4	5	2	2	4	4	5	4	5	3	5	2	1	5	3	2	2	5	3	3	4	3	4	1	5	2	3	5	2	3	5	3	2	2	4	2	4	4	2	3	2	4	1	3	2	2	2	3	2	4	4	4	5	4	1	1	4	4	5	2	5	5	1	5	5	1	2	2	2	5	2	5	1	5	4	4	2	4	0	1
10080116	5	3	4	3	3	5	3	4	3	2	4	4	1	2	3	4	3	3	4	3	3	3	3	3	4	2	4	3	3	3	4	2	4	3	2	4	4	4	3	3	4	4	3	4	4	4	2	2	4	3	3	3	5	1	4	2	5	4	4	5	4	1	3	2	4	4	4	2	4	5	3	1	3	1	3	2	3	1	5	3	3	3	4	4	3	4	4	3	1	5	2	4	2	3	5	5	4	3	2	5	3	4	0	1
10080117	4	5	4	2	3	4	4	1	2	4	3	2	2	2	4	3	2	2	5	2	5	5	3	4	5	4	3	2	4	3	4	4	5	4	3	5	3	5	4	3	2	3	2	5	2	1	4	2	5	2	3	4	3	4	3	3	3	2	3	3	5	3	2	2	2	4	3	2	1	3	2	3	4	4	4	4	3	4	3	3	2	3	3	2	5	4	2	4	5	2	3	1	3	5	3	3	3	5	4	4	4	4	0	1
10080118	4	4	5	3	2	3	3	2	3	3	2	3	2	2	3	2	4	5	2	3	3	4	2	3	3	5	3	2	4	5	4	3	4	4	4	3	2	4	4	2	2	3	3	2	4	3	2	3	4	3	3	4	3	2	4	4	1	2	4	3	4	3	2	2	2	4	2	3	3	2	2	3	3	3	4	3	3	4	4	2	4	3	5	3	5	4	2	5	4	2	3	2	3	3	2	5	4	4	3	3	2	3	0	1
10080119	4	3	3	3	2	3	3	1	2	2	3	2	3	4	5	3	2	5	2	3	2	2	1	5	4	4	4	1	5	2	5	2	5	5	2	2	2	5	3	1	1	4	3	5	3	5	4	4	4	2	3	2	2	3	2	4	2	2	2	3	5	1	3	1	2	4	3	3	3	3	2	3	2	5	4	2	4	4	3	2	4	3	3	3	5	3	2	5	5	4	2	2	2	3	2	5	3	5	4	4	4	4	0	1
10080120	4	3	3	2	2	4	4	3	2	4	4	3	3	4	4	2	3	4	4	4	3	3	3	3	4	4	5	2	5	4	4	4	4	4	4	4	4	4	4	4	2	4	3	4	4	5	4	4	4	2	4	4	2	2	4	4	2	3	5	4	2	3	3	2	3	4	2	2	2	2	3	4	4	4	4	3	2	4	4	3	2	3	4	2	5	4	1	5	4	2	4	3	3	4	2	5	2	3	4	4	4	4	0	1
10080121	4	3	3	2	4	3	3	2	4	4	4	2	4	4	3	2	4	3	2	4	5	3	3	4	3	4	3	2	5	3	3	4	3	5	2	4	4	4	3	2	1	4	3	3	4	5	5	4	4	2	5	3	2	5	4	4	2	3	4	3	3	5	2	1	2	3	5	4	2	5	2	4	5	4	3	5	2	2	3	5	4	3	5	2	4	3	2	5	3	2	4	2	4	3	2	5	1	4	3	3	5	4	0	1
10080124	4	4	3	1	3	4	3	1	1	4	3	2	3	3	5	1	2	5	3	1	1	5	2	5	4	5	3	1	4	4	5	3	5	4	3	3	2	3	3	3	1	4	1	3	3	3	4	1	4	2	3	5	3	1	5	3	4	1	5	5	4	3	2	3	3	5	4	1	1	2	4	3	2	5	5	2	3	3	3	2	5	3	2	3	5	5	1	5	5	1	4	2	2	5	2	5	1	5	5	5	1	3	0	1
10110001	5	4	5	2	2	5	5	1	2	5	1	2	3	2	5	2	3	5	2	3	4	5	2	3	3	3	5	1	4	5	3	4	4	3	4	2	2	3	4	4	2	5	2	3	4	3	3	4	4	2	3	5	4	2	4	3	3	1	4	4	4	4	2	3	2	4	1	2	2	5	4	2	4	3	4	4	5	2	2	2	4	4	3	3	5	4	1	4	3	2	2	2	1	4	2	5	2	4	4	4	2	4	0	1
10110002	4	4	4	2	3	3	3	2	3	3	2	2	2	3	4	2	2	4	2	2	2	4	2	3	4	4	2	1	4	3	4	3	4	4	4	2	2	4	4	2	2	3	3	3	4	3	3	2	4	2	3	5	2	3	4	4	2	3	4	2	5	3	2	1	1	4	2	2	2	2	2	2	3	4	4	2	4	4	2	2	3	2	5	2	5	4	1	4	4	2	2	2	2	4	4	5	2	4	4	5	2	3	0	1
10110003	5	5	2	2	2	3	3	1	2	3	2	2	2	3	5	1	3	5	3	2	3	4	2	5	2	5	4	2	5	2	4	3	4	5	3	4	3	5	5	2	1	5	3	5	2	5	2	2	3	1	4	5	2	4	4	3	2	2	5	2	5	3	2	2	2	4	1	2	2	2	3	3	4	5	4	3	5	2	2	3	4	3	4	2	5	4	2	5	4	2	2	2	2	4	2	5	4	4	4	5	2	5	0	1
10110004	5	5	5	1	3	5	5	1	1	5	1	2	1	4	5	1	1	5	3	1	1	3	3	4	5	5	1	1	3	5	5	5	5	3	5	1	3	5	3	3	1	5	1	4	5	5	5	1	5	1	3	5	1	1	3	4	5	1	5	3	5	5	1	3	1	5	2	3	1	5	2	2	2	4	5	5	5	5	2	1	2	1	5	5	5	5	1	5	5	1	5	3	1	5	1	5	1	5	5	5	1	5	0	1
10110006	3	3	3	3	3	3	3	2	3	3	3	3	3	3	3	3	3	4	4	4	3	2	2	4	4	4	4	2	4	4	3	3	3	3	4	3	4	3	3	4	2	4	4	2	3	3	3	2	3	3	3	4	2	3	3	3	3	3	3	2	4	3	3	2	2	4	2	4	3	3	3	2	2	4	4	4	3	3	2	4	4	3	3	2	4	4	2	3	4	3	2	3	3	4	2	4	3	3	3	3	3	3	0	1
10110007	4	4	3	2	2	3	4	1	2	4	2	2	2	3	4	1	2	5	3	2	1	4	2	4	3	3	2	1	3	2	3	3	3	3	3	2	2	5	4	2	1	3	2	3	3	3	4	2	4	2	2	4	2	3	3	3	2	2	5	4	4	3	2	2	2	4	2	2	2	2	2	3	3	4	4	3	3	3	2	3	4	3	3	3	4	4	1	5	4	2	2	1	3	4	2	4	1	3	4	5	2	3	0	1
10110008	5	5	3	2	2	5	3	1	2	4	2	2	2	4	4	1	3	5	2	3	1	4	2	4	4	3	4	2	4	2	5	4	5	4	4	2	4	5	2	2	2	5	2	4	4	3	5	1	5	2	3	5	1	3	2	5	1	2	5	4	5	4	3	2	3	4	3	2	1	2	4	4	5	4	4	3	3	3	3	3	4	3	4	3	4	5	2	5	2	2	2	2	2	5	3	5	1	4	5	5	3	4	0	1
10110009	5	4	2	2	4	2	3	2	3	3	3	3	2	4	5	1	4	5	3	2	2	4	4	5	4	4	4	1	3	5	4	4	4	3	5	3	2	4	5	3	1	5	1	1	4	4	3	2	4	2	2	4	2	1	4	3	2	1	5	4	4	4	1	1	3	4	2	1	2	2	2	1	2	5	4	3	2	5	2	2	4	4	1	3	5	3	1	5	4	2	1	1	1	3	2	5	1	4	4	5	1	3	0	1
10110010	4	4	4	2	3	4	4	2	2	4	2	2	2	3	5	2	2	4	3	2	2	3	2	3	4	4	3	2	4	3	4	4	4	3	4	2	2	3	3	3	2	4	3	2	4	4	3	2	4	1	3	4	1	3	4	4	3	3	4	2	4	2	3	2	1	4	1	4	2	2	3	3	2	4	4	3	5	2	3	4	2	4	4	2	4	4	1	5	4	1	2	1	2	4	2	4	1	5	4	4	1	4	0	1
10110013	5	5	4	1	2	5	5	1	1	5	3	2	1	1	5	1	1	5	1	1	1	4	1	5	3	5	3	1	3	1	5	5	5	4	5	1	1	5	4	2	1	5	1	2	5	3	5	1	5	1	2	5	1	2	5	5	1	1	5	1	5	5	2	3	1	5	1	2	1	1	1	5	5	3	5	5	5	4	1	2	4	3	5	2	5	5	1	5	5	1	1	1	1	5	1	5	1	5	5	5	1	3	0	1
10110016	3	4	4	2	3	3	4	2	2	3	2	2	2	3	4	2	3	4	4	2	3	3	2	3	3	4	2	2	3	4	4	3	4	3	3	3	2	4	4	2	2	4	2	3	4	4	3	2	4	2	2	5	2	3	4	4	2	2	4	4	4	3	2	3	2	4	2	3	2	2	2	3	3	4	4	3	4	3	2	2	5	3	5	3	4	5	1	5	3	1	3	2	3	4	3	5	1	5	5	4	2	4	0	1
10110018	4	4	4	1	2	4	4	1	3	4	1	1	3	3	4	1	3	5	4	2	1	4	1	3	3	2	1	1	3	2	4	2	4	2	4	2	1	5	4	1	1	5	1	3	3	3	5	2	4	2	3	5	2	2	4	4	1	1	4	4	5	1	2	2	1	5	2	1	1	2	2	2	5	4	4	4	5	3	1	3	1	2	5	1	4	4	1	4	3	1	2	1	2	5	3	5	2	4	4	4	1	4	0	1
10110022	3	3	3	2	3	4	2	2	3	4	4	3	3	4	5	3	4	5	1	3	2	3	5	5	3	3	4	2	5	4	4	3	4	2	3	3	4	4	4	3	1	4	4	5	3	4	4	2	3	3	4	4	2	2	3	3	2	2	3	4	4	2	3	4	1	4	3	4	2	2	3	4	3	4	4	3	4	2	1	3	3	4	4	2	5	4	2	5	2	2	2	1	3	4	3	5	3	4	4	4	3	5	0	1
10110024	5	4	4	1	1	4	4	1	2	4	1	1	2	4	5	1	1	5	4	2	1	4	1	4	4	5	2	1	5	3	5	4	5	4	5	1	1	5	4	1	1	5	1	4	4	5	4	1	5	2	4	5	1	4	5	5	1	1	5	2	5	4	2	4	1	5	1	1	1	1	5	5	4	5	5	5	5	5	1	4	4	1	5	1	5	5	1	5	4	1	2	1	4	5	1	5	1	5	5	5	2	5	0	1
10110025	5	5	4	1	1	5	4	1	1	4	2	1	3	5	5	1	1	5	4	2	1	4	1	5	5	5	5	1	5	1	5	5	4	5	5	1	3	5	5	2	1	5	2	4	5	5	4	1	5	2	4	5	2	4	4	4	5	2	5	2	5	5	1	2	1	5	1	3	2	2	2	4	3	5	5	5	5	3	2	3	5	1	5	1	5	5	1	5	4	1	2	1	3	5	1	5	1	5	5	5	4	5	0	1
10110028	4	3	4	2	3	2	3	2	3	4	2	4	3	3	4	3	2	4	2	2	2	3	3	4	4	3	4	2	3	3	3	2	4	3	3	2	3	3	4	4	2	4	3	3	2	4	3	2	3	2	2	4	4	3	3	4	4	3	4	2	3	3	4	3	4	4	2	3	2	3	4	3	3	4	3	4	3	4	4	2	2	4	3	3	4	3	2	4	4	2	4	3	3	4	2	4	3	3	4	4	3	4	0	1
10110031	5	5	5	2	5	5	5	1	3	5	1	3	3	4	5	1	5	5	1	3	1	5	1	5	5	5	5	1	5	3	5	5	5	5	4	1	5	5	3	1	1	5	5	5	5	5	5	1	5	2	2	5	2	5	5	5	5	4	4	5	5	4	3	1	3	5	2	4	2	5	1	5	5	5	5	5	4	2	5	4	5	1	5	5	5	5	1	5	5	5	4	1	5	5	1	5	2	5	4	5	5	5	0	1
10110032	5	3	3	1	3	5	1	2	3	4	2	2	2	4	5	3	3	5	3	3	2	4	3	3	5	5	5	2	5	5	5	4	5	5	5	4	3	5	5	3	2	5	5	3	3	4	4	3	4	2	2	5	2	2	4	4	3	4	4	2	5	3	5	1	3	5	1	4	3	2	5	3	2	5	4	3	5	4	1	1	3	5	4	1	5	5	1	5	4	1	4	1	1	4	1	5	1	4	3	5	2	5	0	1
10120001	5	4	4	2	3	4	4	2	3	3	2	2	2	3	5	1	2	5	3	2	1	5	3	5	4	4	4	2	4	2	5	2	4	4	4	3	3	5	2	3	1	4	2	1	4	2	3	2	4	1	4	4	2	2	4	4	3	2	5	4	4	2	3	2	2	5	2	2	1	4	3	3	3	4	4	3	4	4	2	2	4	3	4	2	5	4	1	5	4	2	2	1	2	4	2	5	4	4	2	4	2	4	0	1
10120003	5	5	2	1	4	3	3	1	2	5	1	2	1	2	4	1	3	3	3	2	3	4	2	5	5	5	2	1	4	5	4	5	4	4	5	2	2	4	3	1	2	5	1	3	4	4	4	2	4	2	2	5	3	2	4	4	1	2	5	2	5	5	2	2	2	5	1	1	1	1	2	2	3	4	4	2	4	4	1	3	5	5	5	2	4	4	1	4	4	2	2	2	2	3	2	5	2	4	4	4	2	4	0	1
10120005	4	3	4	1	2	4	4	2	2	4	2	2	1	3	4	1	4	4	2	4	4	4	2	4	3	2	4	2	4	5	4	4	4	4	4	1	2	4	1	1	1	4	4	2	4	2	4	2	4	3	4	3	3	2	2	3	2	4	4	5	5	4	1	2	2	4	2	1	2	2	3	2	4	4	4	2	5	4	1	2	5	5	4	2	5	5	1	5	4	1	2	1	2	4	2	5	4	4	4	4	2	4	0	1
10120006	4	4	3	2	2	3	3	2	2	4	2	2	2	2	5	1	4	5	4	2	4	4	2	4	4	4	4	2	3	3	4	3	4	4	4	4	4	4	1	2	3	5	3	4	4	4	3	3	4	2	4	5	3	2	5	3	3	1	3	4	5	3	3	2	2	4	2	2	1	2	2	2	2	4	4	3	4	4	2	3	5	4	3	4	5	4	1	5	4	2	2	1	1	4	1	5	4	3	4	5	2	5	0	1
10120008	3	4	3	3	3	3	4	3	3	2	3	2	4	3	4	2	4	4	4	3	4	3	4	2	3	5	4	2	4	2	3	4	3	4	4	3	3	3	2	3	3	3	3	3	2	2	3	3	4	3	3	3	2	3	4	4	2	2	3	3	4	3	4	3	3	4	3	3	3	3	3	3	4	4	4	3	4	2	3	3	5	3	2	2	2	4	2	5	4	2	2	4	3	5	2	5	3	4	4	4	4	4	0	1
10120009	5	4	4	2	1	4	4	1	2	4	2	2	2	4	5	1	3	5	3	2	2	3	2	3	4	4	4	2	4	4	4	4	4	5	4	1	2	4	2	2	1	4	2	3	3	5	2	2	4	2	4	4	2	2	4	4	2	2	4	2	5	4	2	2	1	4	1	3	2	2	2	4	2	5	4	3	5	3	1	2	3	4	4	2	4	4	1	5	4	1	2	2	3	4	2	5	2	4	4	4	2	4	0	1
10120012	5	5	5	2	2	5	5	1	2	5	1	1	2	5	5	1	1	5	3	2	1	5	1	5	5	5	3	1	5	1	5	5	5	2	4	1	2	5	3	2	1	5	1	3	5	5	5	3	5	1	4	5	1	1	5	5	3	1	5	2	5	5	2	2	1	5	1	1	1	2	1	4	3	5	5	4	3	5	1	3	5	2	5	3	4	5	1	5	4	1	1	2	3	5	1	5	1	5	5	5	1	5	0	1
10120013	4	2	3	3	3	3	3	2	4	4	3	2	3	2	3	2	3	5	4	4	3	2	2	3	3	3	4	2	4	4	3	3	5	3	3	4	5	4	5	2	2	4	2	2	4	4	3	2	3	4	3	3	3	3	2	3	4	3	5	4	4	2	2	3	4	3	3	3	2	3	2	3	3	2	4	3	5	4	3	3	4	3	3	4	4	4	4	4	4	4	2	3	3	3	2	5	3	3	4	4	2	3	0	1
10120015	3	4	4	2	4	4	3	2	3	3	2	4	3	3	4	2	3	3	3	4	4	3	3	4	2	3	4	3	4	2	3	3	3	4	3	4	3	4	3	3	3	3	3	3	3	4	3	3	3	2	3	3	3	3	3	3	2	3	4	4	4	3	3	2	3	3	2	3	4	4	3	3	2	2	3	3	4	2	2	4	4	3	3	3	3	3	2	4	3	2	3	2	2	4	2	5	3	4	3	4	3	3	0	1
10120019	5	5	3	2	2	4	5	1	3	4	2	1	3	3	5	2	2	3	2	3	3	4	2	4	4	4	3	2	4	2	4	3	4	3	3	4	3	4	4	2	2	4	2	4	3	4	3	2	4	2	4	5	2	2	2	4	2	2	4	4	5	3	4	3	3	4	2	1	2	2	2	2	4	3	4	5	4	2	3	4	5	2	4	2	4	4	2	4	3	2	2	2	2	4	2	5	2	4	4	4	1	4	0	1
10120020	4	5	4	3	4	5	4	1	3	4	2	3	3	2	4	2	3	4	2	3	3	4	2	5	3	4	5	2	5	4	4	2	4	5	5	4	3	5	2	3	2	5	3	3	4	4	4	2	4	2	3	5	3	5	4	3	2	3	4	4	5	2	3	2	2	5	3	4	4	5	3	5	5	4	5	4	3	3	1	4	4	2	4	2	5	5	1	5	4	2	2	3	2	5	3	5	2	5	4	5	4	5	0	1
10120021	5	5	5	3	1	5	4	1	2	4	1	1	1	4	5	2	4	4	2	2	3	4	2	3	5	5	4	2	3	3	5	2	5	3	4	3	3	5	5	3	1	4	2	3	4	4	4	1	5	2	3	4	2	3	4	4	1	3	4	4	4	4	2	2	2	4	2	1	2	2	2	4	4	4	4	4	5	4	2	3	2	3	4	3	4	4	1	4	4	4	3	2	2	4	2	5	2	4	4	4	2	4	0	1
10120022	4	4	4	2	3	3	4	1	2	4	2	2	3	4	5	1	2	5	4	3	2	3	2	5	3	4	3	1	5	4	4	4	4	3	3	3	3	5	2	3	2	5	1	4	4	5	3	2	5	2	3	5	1	1	3	4	1	1	5	1	5	4	1	2	2	5	1	2	2	1	2	5	4	5	5	4	4	4	1	3	5	3	2	1	5	5	1	5	3	1	2	2	3	5	2	5	2	5	5	5	2	5	0	1
10120023	4	4	3	3	3	3	3	3	2	3	3	2	3	3	3	3	4	3	2	4	4	4	3	3	3	4	4	2	4	3	3	3	3	4	3	4	4	3	3	3	2	4	2	3	3	4	3	3	3	3	4	3	2	3	3	3	2	2	3	5	4	3	3	2	3	3	2	4	3	3	3	3	3	4	3	4	3	3	3	2	4	3	4	3	3	4	2	3	3	3	3	3	4	4	3	4	3	4	3	3	2	4	0	1
10120024	4	4	2	5	1	5	4	3	1	3	5	3	1	4	3	5	5	3	2	5	1	2	2	4	1	5	4	1	4	1	5	3	4	2	2	5	5	5	3	4	4	5	2	5	3	3	5	2	5	1	4	5	2	5	5	3	2	1	5	4	4	4	2	3	4	4	2	5	3	4	5	5	1	3	4	4	2	4	4	4	1	2	3	4	4	5	3	2	4	3	1	5	3	4	4	5	1	5	3	4	5	4	0	1
10120025	5	5	4	2	2	5	3	2	3	4	2	3	2	4	4	1	2	5	4	2	2	4	1	5	5	5	4	2	4	4	4	4	4	4	4	2	3	4	5	2	1	5	3	4	4	4	5	2	4	2	3	5	2	3	5	5	3	2	4	2	5	4	2	2	3	4	3	2	1	3	2	3	4	4	4	4	5	3	3	2	4	3	4	3	3	4	2	5	4	1	3	1	2	4	1	5	3	4	4	5	2	5	0	1
10120026	5	5	5	1	3	5	5	2	2	5	2	3	2	4	5	1	2	5	2	2	3	4	2	5	5	4	4	1	5	4	5	4	5	5	5	2	3	5	3	4	1	5	3	5	5	4	4	1	5	1	4	5	2	2	5	5	3	1	5	3	5	3	3	3	2	5	2	1	1	5	4	3	5	5	5	5	5	2	2	2	5	4	5	4	4	5	2	4	4	4	2	2	1	5	2	5	2	4	5	4	2	5	0	1
10120027	4	4	3	2	3	3	3	3	4	2	3	3	3	2	3	2	3	3	3	4	2	2	4	4	2	4	4	2	4	3	3	4	3	4	3	4	3	2	3	2	2	4	3	4	3	3	2	3	3	3	3	3	2	2	3	2	2	3	3	3	4	3	3	3	3	3	4	3	3	3	3	3	3	2	3	3	4	3	3	3	3	2	4	2	3	3	3	4	3	3	3	3	4	3	3	3	2	3	4	3	3	4	0	1
10120028	5	5	2	3	3	4	4	2	3	4	4	1	2	1	5	1	3	5	1	2	3	4	3	4	4	3	3	2	5	5	4	4	4	2	4	3	2	4	2	3	2	4	1	1	3	3	1	3	4	2	4	5	1	2	4	3	4	2	3	2	4	5	3	2	2	4	2	3	3	2	2	1	2	3	4	5	5	4	2	1	4	4	1	3	5	3	2	4	2	4	2	3	1	4	5	5	3	4	3	4	3	4	0	1
10120030	4	4	3	3	2	4	3	1	2	4	2	2	1	4	5	1	3	4	2	2	1	3	1	5	3	4	5	2	5	1	3	4	4	4	4	2	1	3	3	2	2	4	3	4	3	5	5	2	4	3	4	4	2	4	3	4	1	1	3	1	5	4	3	1	1	5	1	1	3	2	4	4	5	5	4	2	4	2	1	3	5	3	4	1	5	3	1	5	3	1	3	1	2	4	2	5	3	4	4	5	4	4	0	1
10130001	4	5	3	2	3	3	4	1	3	4	3	3	2	2	4	1	3	4	4	4	1	4	3	3	3	4	2	2	5	2	4	3	4	4	3	5	4	4	5	2	4	5	4	1	3	2	4	3	4	1	4	4	4	4	4	3	1	2	4	4	4	3	2	2	2	4	4	4	2	5	2	2	3	3	3	4	1	2	2	4	4	3	4	1	4	4	1	3	4	2	1	2	3	4	2	4	1	4	4	4	3	4	0	1
10130003	4	5	5	3	3	3	4	4	4	4	1	3	2	3	3	2	4	4	2	2	3	4	2	4	4	4	3	3	4	4	3	3	3	4	3	3	2	5	4	4	2	4	4	1	3	3	3	4	2	2	2	2	3	2	3	3	3	3	3	4	2	2	5	2	1	4	1	3	2	2	2	2	3	2	2	5	5	3	3	2	2	3	4	2	3	2	4	2	2	2	1	3	1	2	4	4	4	1	3	3	1	5	0	1
10130004	4	3	3	2	2	3	4	2	2	3	4	2	4	3	4	2	4	4	2	3	2	4	3	4	4	4	3	3	5	3	3	3	3	4	3	3	2	3	3	5	2	5	1	2	4	5	4	2	4	2	2	5	2	3	5	3	2	1	5	2	5	4	4	2	2	4	2	2	3	2	3	4	3	4	4	4	4	3	1	2	3	3	4	2	5	3	1	5	4	3	3	2	3	4	2	5	1	3	4	5	2	4	0	1
10130005	5	5	4	1	5	5	5	1	1	4	1	2	1	2	5	1	3	5	4	1	1	4	2	2	4	4	4	1	4	2	5	3	4	4	5	2	2	5	1	1	2	4	2	4	4	3	5	1	5	2	2	5	1	4	5	5	3	1	5	5	5	4	2	2	1	5	2	4	1	1	1	5	5	4	4	5	5	5	3	2	3	4	4	5	5	5	1	4	2	3	1	1	4	5	2	5	5	5	5	5	1	4	0	1
10130006	4	4	5	2	2	4	4	2	2	4	1	2	3	4	4	1	2	4	3	2	2	4	2	4	4	4	1	1	5	2	4	4	4	4	4	3	4	5	4	1	1	4	2	3	4	4	4	2	4	2	4	5	2	3	4	4	3	2	5	2	5	4	2	2	1	5	1	2	2	2	2	4	4	5	5	4	4	4	3	4	5	4	5	2	5	4	1	5	4	1	2	1	3	5	1	5	2	4	5	5	4	5	0	1
10130007	5	5	5	2	2	4	3	1	2	4	2	3	1	4	5	1	3	4	3	3	3	3	2	4	3	5	3	1	4	3	5	4	5	5	4	2	1	5	3	2	2	5	3	4	4	2	3	2	4	1	3	5	1	3	4	3	2	2	5	2	5	4	3	1	2	4	2	3	2	1	3	3	4	4	4	3	3	3	1	3	4	3	5	2	4	5	1	5	4	2	2	2	3	4	2	5	3	4	5	5	2	5	0	1
10130009	4	4	3	3	3	2	4	1	2	4	2	2	3	3	4	2	3	4	3	3	2	4	5	4	3	5	3	1	4	3	4	4	4	3	4	2	3	5	3	2	2	4	2	2	4	2	2	2	3	2	3	3	1	2	4	3	1	2	3	3	5	4	2	2	2	5	3	2	2	2	2	3	3	4	4	3	2	4	3	2	4	3	4	2	4	4	2	5	4	3	2	1	3	4	2	4	2	3	4	4	2	3	0	1
10130012	3	3	3	3	3	3	3	2	3	2	4	2	3	3	4	3	3	4	3	3	3	3	3	3	3	2	3	2	5	2	3	4	3	3	3	3	3	3	3	3	3	3	3	3	3	4	3	2	3	2	4	3	2	3	3	3	3	3	3	3	4	2	3	1	3	4	4	3	3	3	3	3	2	3	3	3	3	3	2	4	4	2	5	2	5	4	2	3	4	4	3	3	2	4	3	2	2	4	3	3	3	3	0	1
10130013	5	5	4	3	3	5	4	2	3	5	2	4	2	3	5	1	3	4	2	3	1	5	1	5	5	5	4	1	4	1	5	5	5	5	5	3	2	5	4	2	2	5	3	4	4	3	5	1	5	2	1	5	1	2	5	5	3	3	4	4	4	5	3	1	3	4	2	2	2	2	2	4	4	3	4	3	3	4	3	2	4	3	5	4	5	4	1	5	2	2	2	1	1	4	1	5	1	5	5	5	3	5	0	1
10130014	3	3	3	2	3	3	3	2	3	3	2	2	2	3	3	2	3	3	3	3	2	3	2	3	3	3	3	2	3	3	3	3	3	3	3	3	3	3	3	2	2	3	2	3	3	3	3	2	3	2	2	3	2	3	4	3	2	2	3	2	3	3	2	2	2	3	2	2	2	2	2	3	3	3	3	3	3	3	2	3	3	3	3	2	4	2	1	3	2	2	3	2	2	3	2	4	2	3	3	3	3	3	0	1
10130015	4	3	3	2	2	2	3	2	2	4	3	2	3	3	4	2	2	4	2	2	2	3	2	4	4	4	2	2	3	3	4	4	4	3	3	3	2	3	4	3	2	3	3	3	3	4	3	3	4	3	3	4	2	3	4	3	2	2	4	2	3	4	2	2	2	4	2	2	2	2	2	3	3	4	4	2	4	3	2	2	4	3	4	2	4	3	2	4	4	3	3	2	2	3	2	4	2	3	4	4	2	3	0	1
10130016	4	5	2	2	3	4	4	2	2	2	2	2	3	3	4	3	3	4	2	3	2	4	2	3	3	2	3	2	4	2	4	2	4	4	4	2	2	4	3	2	2	5	2	4	4	2	5	1	4	2	3	5	2	2	5	5	3	2	5	4	4	1	3	2	2	4	2	2	2	3	2	2	2	3	4	4	2	2	2	2	4	3	5	4	4	4	3	4	4	3	3	2	1	4	3	5	3	4	4	4	1	5	0	1
10130017	3	5	1	2	3	4	3	2	3	2	4	4	1	2	2	2	4	3	2	4	1	1	4	3	4	5	5	1	3	3	4	1	4	4	3	4	1	3	4	3	1	5	2	4	3	3	3	2	3	2	4	3	2	4	4	4	3	3	3	3	3	1	3	1	2	4	2	4	2	2	3	3	2	3	3	3	2	2	3	2	3	2	4	3	3	4	1	4	3	2	2	2	3	4	2	5	2	4	3	4	3	3	0	1
10130020	3	3	4	2	4	4	3	2	3	3	3	4	4	3	3	3	3	3	3	3	2	3	4	3	3	3	4	2	4	4	4	4	4	4	3	4	3	4	3	4	2	4	2	3	4	4	3	3	3	2	4	4	4	2	3	4	1	2	3	3	4	4	3	3	3	4	3	4	2	3	4	4	4	3	3	3	4	3	3	1	4	4	2	2	4	4	2	4	3	2	2	3	3	4	3	3	1	3	3	3	3	4	0	1
10130021	5	5	4	1	4	3	3	1	3	5	1	1	3	3	5	1	1	5	5	3	5	3	1	5	5	5	3	3	5	5	5	5	5	5	4	3	3	5	5	3	1	5	1	5	5	5	5	1	5	1	4	5	1	3	5	3	1	2	5	1	5	5	3	1	1	5	3	3	1	5	3	5	2	3	3	2	1	3	5	1	5	1	5	3	5	5	1	5	5	1	3	3	3	5	3	5	1	5	5	5	5	5	0	1
10130027	3	5	5	4	3	5	4	3	2	5	4	3	2	5	4	2	2	5	4	5	4	5	2	5	5	5	5	1	5	4	5	5	5	4	4	5	4	5	4	3	5	5	4	5	5	5	5	2	5	2	4	5	2	2	5	4	5	4	5	4	4	3	4	4	5	5	3	4	4	3	3	4	3	4	5	4	2	2	5	4	4	3	4	3	4	5	4	5	4	4	2	4	4	5	3	5	4	4	4	4	1	5	0	1
10130029	5	5	1	1	3	5	4	1	2	3	1	2	2	1	5	1	3	5	3	3	2	4	1	5	4	5	3	1	3	2	5	3	5	3	4	3	1	5	5	1	1	5	2	5	5	5	5	1	5	1	1	5	1	4	5	5	1	2	5	2	5	3	2	2	1	5	2	5	1	1	1	4	5	4	5	5	5	4	1	2	5	1	4	1	5	5	1	4	4	1	2	1	5	4	1	5	1	5	5	5	2	5	0	1
10130030	4	5	3	3	2	4	4	1	2	3	2	1	1	3	4	1	2	5	1	1	1	3	1	4	4	4	3	1	4	2	5	3	5	4	4	2	2	5	2	3	3	4	3	1	3	4	4	2	4	2	3	4	2	2	5	4	3	2	5	5	4	4	3	2	1	4	2	1	2	2	2	3	3	4	5	3	3	3	2	3	4	3	5	2	5	5	1	4	4	1	2	2	1	4	1	4	3	4	4	4	1	4	0	1
10130035	5	5	5	3	2	5	5	1	2	5	2	2	3	5	4	2	4	1	5	3	4	5	1	5	5	4	1	1	4	3	5	5	5	3	2	2	3	3	3	2	2	5	3	5	3	3	4	1	5	3	3	5	1	4	3	3	5	4	4	4	5	4	2	2	3	5	4	4	4	2	2	5	3	5	5	1	5	5	1	3	5	4	5	3	4	3	3	5	4	3	5	1	4	5	4	5	2	4	4	4	2	4	0	1
10130036	4	4	2	3	2	4	2	3	3	3	2	2	1	2	4	3	3	4	3	4	4	1	3	4	4	5	5	3	5	5	5	3	4	4	4	4	5	5	2	4	4	4	2	1	4	1	4	2	4	4	2	3	2	1	2	4	1	3	4	2	4	2	3	3	3	3	2	3	2	3	4	1	4	4	4	3	2	3	4	4	4	5	3	5	4	4	3	5	4	2	3	2	1	3	4	5	4	4	2	4	4	5	0	1
10130037	4	5	2	2	2	4	4	2	2	4	2	1	1	2	4	1	3	4	2	4	3	4	1	4	3	5	4	1	3	2	4	3	4	4	5	4	1	5	4	4	1	4	2	4	4	3	5	1	4	1	1	4	3	4	4	4	2	2	4	2	4	3	4	2	2	5	3	4	2	2	4	3	4	4	4	3	2	4	2	3	4	4	4	2	5	4	1	4	4	2	2	2	3	4	2	5	2	4	4	4	2	4	0	1
10130039	4	3	3	3	2	3	3	2	2	4	3	2	3	2	4	3	2	4	2	3	2	3	4	4	5	4	3	1	4	3	4	4	4	4	2	3	2	4	3	3	2	3	3	4	3	5	3	2	4	2	3	3	2	2	3	3	2	2	4	2	4	3	3	2	3	4	2	3	2	2	2	4	2	4	4	2	1	3	4	3	2	3	5	4	4	4	2	4	3	3	2	3	3	3	2	5	2	4	4	4	2	3	0	1
10130040	4	3	3	2	2	2	3	2	2	4	2	2	3	2	4	2	4	4	4	2	2	4	2	4	3	4	3	1	4	2	3	4	3	4	4	4	3	3	3	2	2	4	3	5	3	3	4	4	5	2	4	3	5	4	2	4	3	2	2	4	4	3	2	3	3	4	2	2	4	4	2	4	4	3	3	4	2	2	1	3	4	4	3	2	3	4	1	5	2	1	3	1	2	4	2	5	3	4	4	4	2	3	0	1
10130042	4	3	3	2	4	3	4	2	2	4	2	4	2	4	4	2	2	3	3	3	3	4	2	4	4	5	3	2	4	4	4	3	4	4	4	2	2	4	2	3	2	4	3	4	4	5	4	3	3	2	3	4	3	3	3	3	2	4	3	2	4	4	2	2	1	4	2	4	2	4	3	3	2	5	4	3	2	4	2	3	2	3	5	2	4	4	2	4	3	2	2	2	4	4	2	5	2	4	4	4	3	4	0	1
10130044	4	5	5	2	2	5	5	2	3	4	2	2	5	4	4	2	2	4	2	2	4	4	2	5	5	5	3	2	3	2	4	4	4	1	4	2	5	5	3	2	2	5	2	5	5	5	5	3	4	2	4	5	2	4	4	4	2	3	4	3	4	3	1	2	2	4	2	4	2	4	3	3	3	4	4	4	5	2	2	3	4	4	4	2	3	4	2	4	3	2	2	2	4	4	1	5	2	5	5	5	3	4	0	1
10130046	4	4	5	3	3	4	3	2	2	5	2	3	2	3	4	2	2	4	3	3	1	4	3	4	4	5	3	1	5	3	5	5	5	4	3	3	3	5	3	2	1	5	3	3	3	4	4	1	4	1	3	4	2	2	4	4	2	2	5	5	4	5	3	2	3	4	2	3	2	2	2	5	3	3	3	2	5	3	3	2	5	3	5	4	4	5	1	5	4	2	3	3	2	5	3	5	1	4	5	5	3	5	0	1
10130050	4	2	3	3	3	2	3	2	3	3	3	2	3	3	4	2	2	4	2	4	2	2	3	4	4	5	4	2	5	4	5	3	3	4	3	4	3	4	3	2	2	4	2	4	3	4	4	1	3	2	4	4	1	4	3	3	2	4	5	5	3	3	2	1	2	5	2	5	2	5	2	3	2	4	4	3	2	4	3	5	3	2	5	2	4	3	1	4	3	2	3	3	4	4	3	4	2	4	5	4	2	4	0	1
10130054	4	4	3	3	2	2	3	3	2	3	3	3	3	3	4	2	3	4	3	3	3	4	3	3	4	5	3	2	3	3	4	3	3	4	5	3	3	4	4	2	2	4	3	3	3	3	3	3	3	2	3	5	2	4	4	3	2	2	4	3	5	4	3	4	3	4	3	3	2	2	5	3	3	5	5	2	5	5	3	3	4	2	4	1	5	4	1	5	3	1	2	1	4	3	1	5	1	5	5	5	4	5	0	1
10130055	5	5	3	2	1	5	5	1	2	5	2	1	3	3	5	1	3	5	2	2	1	5	2	4	5	5	2	1	3	2	5	4	5	2	5	2	2	5	4	2	1	5	2	5	5	5	4	2	5	1	2	5	2	4	4	3	1	1	5	2	5	5	2	2	1	5	2	1	1	1	1	4	3	5	5	4	5	4	2	3	4	1	5	2	5	4	1	5	4	1	2	1	1	5	1	5	1	5	4	5	3	5	0	1
10130056	4	4	4	2	2	3	4	1	3	4	3	2	3	3	4	2	3	4	3	3	2	4	2	4	3	5	3	1	4	4	5	3	3	3	3	3	3	4	4	1	2	5	3	4	4	4	3	3	4	2	3	5	2	2	2	3	2	2	4	4	4	2	2	2	2	4	2	2	1	2	2	2	4	4	4	3	4	4	3	4	4	3	5	2	4	4	1	4	3	1	2	2	1	5	2	5	2	5	4	5	2	4	0	1
10130058	4	4	4	3	2	4	3	2	2	3	3	3	2	2	3	2	2	3	4	3	4	3	2	4	4	5	3	2	4	2	4	4	4	3	4	2	3	4	4	2	3	4	2	4	4	4	4	2	4	2	4	4	2	3	4	4	2	2	4	3	4	4	2	2	2	4	2	2	3	2	3	4	4	4	4	3	3	4	1	4	4	3	4	3	3	4	2	5	3	1	2	2	3	4	2	4	2	4	4	4	2	4	0	1
10130062	4	2	1	3	2	3	2	2	3	2	2	2	4	4	5	2	5	4	3	4	4	3	2	2	4	2	4	3	4	4	4	2	4	3	2	3	2	2	4	3	3	4	2	1	2	3	1	3	2	3	3	2	3	1	2	3	2	1	4	4	4	4	3	3	3	2	2	2	4	2	4	2	2	3	3	3	2	3	2	2	4	4	2	3	4	4	2	4	3	3	3	2	1	3	3	4	3	3	3	3	2	3	0	1
10130063	5	5	5	3	4	5	3	2	2	2	3	1	2	5	5	1	3	5	1	4	5	5	2	4	5	5	5	2	5	5	5	4	5	5	2	3	5	5	2	5	1	5	4	4	5	5	5	1	5	1	4	5	1	5	5	5	5	4	5	4	5	5	5	1	5	5	1	5	3	5	5	4	2	5	5	2	1	5	3	4	4	5	5	4	5	5	2	5	5	3	2	2	5	5	2	5	5	4	4	5	5	5	0	1
10150002	4	3	3	2	3	3	2	2	2	3	2	2	2	2	4	2	4	4	3	3	3	2	2	3	3	5	4	2	4	3	4	4	4	2	3	3	3	5	2	3	3	4	3	1	4	4	4	2	4	3	2	4	3	2	3	3	3	3	4	4	5	4	4	2	4	5	3	2	3	5	5	3	3	2	4	2	1	4	4	2	3	5	5	4	3	4	2	5	2	3	3	2	3	5	2	5	3	3	2	5	2	4	0	1
10150005	4	4	2	2	2	5	3	2	2	3	2	2	3	2	5	1	3	5	3	3	4	3	3	3	4	4	4	3	4	4	4	3	4	2	4	2	2	4	4	3	2	4	4	2	3	3	4	1	4	2	2	4	3	2	3	4	3	3	4	3	4	3	3	2	3	4	2	2	2	2	3	3	3	3	3	2	2	3	2	2	3	3	4	3	4	3	2	4	3	3	2	3	2	3	2	4	4	3	3	4	2	3	0	1
10150007	4	3	2	2	3	2	3	3	3	4	2	3	3	2	5	3	2	5	2	2	5	4	4	4	4	5	4	4	3	2	4	2	2	3	2	2	3	3	2	4	2	4	2	1	3	3	4	3	3	2	2	3	2	2	4	3	3	3	4	5	3	2	2	4	3	3	2	4	2	4	4	2	2	3	3	5	3	3	1	2	2	3	2	3	5	4	3	2	3	3	3	3	3	3	4	5	2	4	3	4	2	3	0	1
10150015	5	5	1	2	2	5	3	1	2	5	4	2	3	3	1	1	2	5	3	3	3	4	4	4	5	4	3	2	1	4	5	3	4	5	3	3	2	4	5	3	1	5	4	1	3	5	4	1	3	2	4	5	3	3	5	3	2	2	5	1	3	5	2	4	3	5	2	1	2	2	4	3	2	3	3	2	5	1	1	1	3	2	2	1	4	4	1	5	4	2	4	2	1	2	2	3	3	4	4	5	2	4	0	1
10150019	3	5	3	3	3	3	3	3	3	3	4	3	1	3	5	3	4	4	3	3	3	4	3	4	5	5	5	2	5	3	3	3	3	3	3	5	4	3	4	4	3	3	4	2	5	5	5	3	4	3	3	5	3	2	3	3	4	3	3	3	3	3	3	3	3	3	2	2	3	3	3	4	4	3	3	3	3	3	3	3	5	4	4	1	4	4	2	4	5	4	3	2	3	3	3	4	3	3	4	4	4	3	0	1
10150023	2	4	2	2	4	5	4	2	3	3	3	3	2	2	3	2	3	5	3	2	3	2	1	2	2	3	2	2	3	2	4	3	3	3	3	2	3	3	3	2	3	2	3	1	2	2	1	1	2	1	2	3	3	3	3	2	3	3	2	2	2	3	2	1	3	1	2	3	2	3	2	2	2	2	2	2	2	2	3	4	2	2	2	2	3	2	3	3	2	2	1	2	2	2	2	2	2	3	2	2	1	3	0	1
10150025	5	3	3	3	2	4	3	3	2	4	3	3	4	4	5	2	4	4	4	4	5	2	5	5	3	2	3	3	4	4	4	3	3	4	2	3	3	4	3	3	2	3	4	4	3	5	2	3	4	2	3	3	2	3	4	3	3	3	3	3	3	3	3	2	3	4	3	3	3	3	2	2	3	4	3	3	2	4	4	2	5	3	4	3	3	4	3	4	3	3	2	3	3	3	2	3	2	3	3	4	2	4	0	1
10150026	4	5	4	1	1	4	4	1	2	4	2	1	2	2	5	1	2	5	2	3	3	4	1	5	5	4	4	4	5	4	5	4	5	5	3	4	3	4	3	1	1	5	1	5	5	5	5	1	5	2	2	5	1	4	5	4	1	1	5	1	4	4	3	2	1	5	3	2	1	1	3	5	4	5	5	3	5	5	2	2	5	2	4	1	5	5	1	5	3	1	1	1	3	5	1	5	2	5	5	5	1	3	0	1
10150035	3	4	3	4	5	5	1	3	5	1	5	5	3	3	1	4	3	5	1	5	5	1	4	5	2	3	5	4	5	5	3	1	2	5	1	5	2	3	1	5	5	5	5	1	2	3	4	1	5	3	3	3	4	5	3	3	5	5	4	5	4	1	5	1	5	3	5	5	3	5	5	5	1	1	3	2	3	1	5	5	1	2	4	3	1	4	3	2	1	1	5	5	5	4	5	5	4	5	2	2	5	5	0	1
10150046	5	5	5	3	2	4	5	3	2	4	3	3	3	4	4	1	2	4	4	2	3	4	1	5	4	5	4	1	5	2	4	4	4	5	4	3	5	4	3	2	2	5	3	4	5	4	5	2	5	2	4	5	2	1	5	5	4	3	4	2	5	3	4	3	2	5	2	1	2	4	2	3	4	4	5	4	5	4	3	3	5	2	4	3	5	5	2	5	4	3	2	2	2	5	5	5	3	5	5	5	2	5	0	1
10150048	5	2	4	1	3	3	4	2	2	4	4	3	3	3	4	1	3	5	4	4	4	4	3	4	4	3	4	1	3	4	3	3	4	4	5	3	3	3	4	5	1	5	4	1	4	4	4	1	4	3	4	5	3	3	3	4	3	3	5	3	5	5	5	1	4	5	2	3	2	4	3	4	4	3	2	5	5	3	2	3	3	3	4	2	5	5	1	5	4	2	4	3	3	3	1	4	3	5	5	5	2	5	0	1
10150049	4	1	5	1	3	4	4	1	3	5	5	2	1	1	5	1	5	4	3	1	1	3	4	4	4	2	2	1	1	1	4	4	4	4	5	1	1	3	5	4	1	4	1	3	3	4	4	1	3	1	1	5	1	2	3	2	3	2	4	5	5	2	2	1	1	5	4	3	1	1	2	4	5	4	1	3	5	4	3	4	1	3	5	1	4	4	1	5	2	1	2	1	1	4	1	5	1	5	5	5	4	5	0	1
10150051	2	3	2	3	2	3	2	2	4	4	4	2	3	2	4	1	3	4	3	5	2	2	2	3	5	2	3	2	4	1	3	4	4	5	4	5	3	2	4	2	2	3	2	5	1	3	2	3	3	3	3	2	2	3	2	3	2	3	2	4	5	3	2	2	3	4	3	4	1	2	4	2	3	4	4	2	2	3	3	5	4	3	3	1	5	3	3	3	3	2	2	2	3	3	2	3	2	3	4	3	2	3	0	1
10150060	4	4	3	3	4	5	4	3	3	4	4	4	4	3	4	4	3	4	2	3	4	4	3	5	4	4	3	2	4	3	3	4	4	4	3	3	4	4	5	4	1	5	4	4	4	2	4	3	5	3	4	5	1	4	5	5	3	3	5	5	5	4	3	4	3	5	3	4	4	5	3	3	4	2	4	5	4	4	4	3	4	3	3	4	5	4	4	4	4	4	3	3	4	4	5	4	1	4	4	5	3	4	0	1
10150071	4	4	2	3	4	5	4	2	3	4	4	3	4	3	4	4	4	4	3	3	3	3	2	4	4	4	3	2	4	4	4	3	4	4	4	4	2	4	4	4	3	4	2	4	4	4	4	2	4	2	3	4	2	3	4	3	4	3	4	4	3	4	3	2	2	4	2	4	3	2	2	4	4	4	4	3	4	4	3	3	4	3	4	4	4	4	2	4	3	2	3	3	3	4	2	4	2	3	4	4	3	4	0	1
10150073	5	4	4	1	2	4	3	1	2	4	2	2	1	2	4	1	3	4	2	2	3	4	2	4	4	5	2	1	4	4	4	4	4	4	5	2	2	4	2	2	1	4	2	3	4	2	4	2	4	1	3	4	2	2	4	4	2	2	4	4	4	4	2	3	2	4	2	2	2	2	2	3	4	3	4	4	5	4	2	2	4	3	5	2	4	4	1	3	4	2	3	1	3	4	2	5	3	4	4	5	1	4	0	1
10150074	4	3	3	2	3	2	2	2	2	3	3	2	3	3	5	3	2	5	2	2	2	3	3	3	3	4	3	2	3	3	3	3	3	5	3	2	2	3	2	3	2	3	5	2	3	3	3	2	3	2	2	3	2	2	3	3	2	3	3	2	3	3	3	2	3	4	3	3	2	2	4	3	2	3	3	2	4	2	2	2	4	4	1	3	4	3	2	4	3	2	3	2	3	4	2	5	5	4	3	4	1	2	0	1
10150077	4	5	5	2	4	5	4	2	3	4	2	4	1	5	4	1	3	5	2	2	3	3	1	5	4	5	5	3	4	5	5	4	5	4	4	4	2	5	2	4	1	5	4	5	4	4	5	1	5	2	4	5	1	3	5	3	4	2	5	4	5	4	3	1	1	5	1	1	2	2	4	4	4	4	5	4	4	4	2	1	2	4	4	4	5	5	1	5	4	1	4	1	1	5	3	5	3	5	5	5	2	4	0	1
10160077	5	3	5	1	2	5	5	1	3	4	2	1	4	3	5	1	2	5	4	2	4	4	1	4	5	2	2	1	4	5	5	4	5	2	5	3	2	4	3	2	1	5	1	3	4	3	5	1	5	1	4	5	4	2	5	4	2	1	5	3	5	4	2	2	1	5	1	2	1	2	3	2	4	5	4	5	5	4	2	2	4	2	3	1	5	4	1	4	4	1	2	1	2	5	1	5	1	5	5	4	3	5	0	1
10160078	4	4	3	3	2	3	3	3	3	3	3	1	3	3	3	3	3	4	2	4	3	3	1	3	3	3	3	3	2	4	5	3	4	3	4	3	2	4	3	3	3	3	2	3	4	3	3	2	3	3	3	5	1	3	5	5	2	1	5	4	5	3	3	3	1	5	1	3	3	2	3	3	3	4	4	5	5	4	1	3	5	3	4	3	5	5	1	5	4	1	2	1	3	5	1	5	1	5	4	5	3	5	0	1
10160081	4	4	5	2	2	3	4	2	3	2	4	2	2	2	4	2	4	5	3	2	2	4	4	4	2	5	3	1	3	2	4	2	3	3	3	5	3	4	2	2	4	5	1	1	4	2	4	3	4	2	4	4	3	1	4	4	1	1	4	5	4	2	2	3	3	4	2	4	2	3	2	2	3	3	4	4	3	4	2	2	5	2	3	4	4	4	1	4	4	2	2	3	2	4	2	5	2	4	3	4	2	4	0	1
10160085	5	3	5	3	3	4	5	4	3	4	4	3	4	3	5	2	2	5	2	2	3	3	3	3	4	3	3	3	3	4	4	2	3	3	3	2	2	4	3	3	3	4	3	3	3	5	4	2	3	2	3	2	2	5	5	5	3	2	4	4	3	2	3	3	2	3	2	3	3	3	3	2	3	3	3	4	3	3	2	3	4	3	4	3	4	4	2	4	3	3	3	3	3	3	3	5	2	3	3	3	3	4	0	1
10160086	4	3	3	1	2	2	3	2	3	4	3	2	3	4	4	1	2	5	4	2	2	4	2	4	3	5	3	3	4	4	5	3	4	2	3	3	3	4	4	2	1	4	1	4	4	4	4	2	4	5	3	5	1	2	3	3	2	1	4	2	4	2	2	3	1	4	2	3	2	2	2	3	3	5	4	3	4	3	2	1	5	3	2	1	4	4	1	5	4	1	1	1	1	4	1	5	1	3	4	5	3	5	0	1
10160089	5	2	2	1	2	1	3	1	1	3	3	1	3	3	5	1	3	5	1	1	3	5	4	3	3	3	3	2	5	4	5	4	4	5	3	2	1	1	4	3	1	5	3	1	3	4	3	3	3	2	4	4	1	1	4	4	3	3	4	2	4	4	2	1	1	4	2	3	2	2	3	4	2	4	3	4	5	4	1	1	3	3	3	3	5	3	1	5	3	2	3	3	1	2	1	5	2	3	4	4	1	4	0	1
10160093	4	3	5	2	3	4	4	2	3	2	2	1	2	2	5	1	4	5	3	1	4	5	2	2	4	4	3	2	2	5	3	2	3	3	4	3	2	5	4	2	2	4	2	1	3	5	3	2	5	2	3	4	3	2	4	4	3	1	4	2	4	3	2	3	2	4	1	2	2	2	2	2	2	2	4	4	5	4	2	2	4	4	2	3	5	3	3	5	3	2	2	2	2	4	2	5	2	4	4	4	2	2	0	1
10160094	5	4	3	3	3	3	3	4	2	3	3	4	3	3	3	1	3	3	3	3	3	1	2	3	3	5	4	1	3	5	5	4	5	5	5	2	5	5	4	2	2	4	2	3	3	3	5	5	3	1	3	5	2	4	5	5	5	3	5	4	5	5	3	2	2	5	3	2	2	4	2	4	5	5	5	4	1	4	3	4	5	4	4	2	4	4	2	5	5	2	3	2	2	5	2	5	3	4	5	5	2	5	0	1
10160099	4	4	2	2	3	2	4	2	2	4	3	2	3	3	5	3	3	5	2	3	2	4	2	3	4	4	3	3	3	4	4	3	4	3	3	3	2	3	3	3	2	3	2	2	3	3	3	2	3	2	3	4	2	2	4	4	3	2	4	3	4	2	2	3	2	3	2	3	2	2	3	3	3	4	4	3	3	3	2	2	3	4	2	3	4	4	2	4	3	2	4	2	2	3	3	3	2	3	4	4	2	3	0	1
10160109	4	4	4	5	2	2	4	2	2	2	2	2	3	2	4	2	2	5	3	1	3	4	3	3	3	5	3	3	3	4	4	1	3	3	3	4	1	2	2	4	2	3	3	4	3	3	3	3	3	4	3	4	3	3	3	3	3	3	3	3	3	1	3	3	3	3	3	3	3	3	3	3	2	3	3	2	3	3	4	2	3	3	1	3	3	3	2	3	3	2	4	3	3	3	2	3	4	3	3	4	2	3	0	1
10160111	4	4	1	3	3	2	2	2	3	3	4	1	2	2	4	4	3	4	4	2	4	3	3	3	3	3	2	2	2	5	5	4	4	3	2	4	3	4	3	2	1	4	2	1	1	2	3	3	2	3	1	2	1	2	3	3	2	1	5	4	4	3	2	1	1	2	2	1	2	3	2	2	3	1	3	2	1	4	4	1	2	3	2	5	4	3	2	4	2	4	3	3	1	2	2	4	3	4	3	3	1	3	0	1
10160116	4	4	3	2	3	5	4	1	2	4	1	2	2	2	5	2	2	4	2	2	3	4	2	4	4	4	2	2	4	5	5	4	4	4	5	2	2	4	5	4	2	5	1	3	4	2	4	3	5	1	1	4	1	3	4	3	2	2	5	2	4	4	2	2	2	4	2	3	2	2	4	2	3	4	4	4	2	2	2	3	4	3	3	2	3	4	1	4	5	1	2	2	2	4	2	5	1	3	5	5	1	4	0	1
10160119	3	2	2	2	2	1	3	1	4	3	2	2	3	1	4	2	4	3	2	2	2	4	2	3	3	3	3	2	3	4	3	1	3	3	3	3	2	2	4	2	2	3	2	2	2	2	3	2	2	3	2	2	2	2	3	2	2	2	3	2	2	2	2	2	2	2	2	3	2	2	2	2	2	3	3	2	3	3	2	2	3	2	3	2	3	2	2	5	3	2	2	2	2	2	2	3	2	2	3	3	2	2	0	1
10160121	4	3	3	2	3	3	3	3	3	2	3	1	3	3	4	2	4	4	3	2	4	4	2	4	4	5	2	2	4	4	4	3	3	3	3	3	2	3	4	2	3	4	3	1	4	2	3	3	3	4	2	3	3	2	4	4	4	3	4	3	4	4	3	1	2	4	2	2	2	4	2	4	3	2	3	3	2	4	4	2	5	4	5	3	3	2	3	4	2	3	2	2	2	3	2	4	2	4	4	4	2	3	0	1
10160122	3	3	3	4	4	4	4	3	3	3	4	2	3	2	3	3	4	3	2	3	3	2	3	2	3	3	2	3	3	4	4	4	3	3	4	3	2	4	3	3	2	4	4	3	2	2	3	3	4	3	3	4	3	3	3	3	2	3	3	4	2	2	3	4	4	3	2	4	2	4	3	3	3	2	2	4	4	3	4	4	4	4	2	3	4	3	2	2	4	3	4	4	2	4	3	3	2	3	2	4	4	3	0	1
10160123	4	4	3	2	3	3	5	3	2	3	2	3	3	3	3	2	2	5	2	3	3	4	2	4	4	4	3	3	4	4	3	4	4	3	4	3	4	4	4	4	2	3	4	3	3	3	5	3	3	2	3	5	3	2	3	5	3	3	5	4	5	4	3	2	2	5	3	3	4	3	3	2	2	4	5	4	3	4	2	2	3	4	3	3	5	5	1	3	2	3	3	2	2	2	2	5	4	4	3	5	1	4	0	1
10160125	5	5	5	5	5	5	5	5	5	5	5	5	5	5	5	5	5	5	5	5	5	5	5	5	5	5	5	5	5	5	5	5	5	5	5	5	5	5	5	5	5	5	5	5	5	5	5	5	5	5	5	5	1	1	4	3	5	5	5	1	4	5	3	3	2	5	1	4	1	1	4	1	1	5	3	5	5	5	4	3	4	4	4	5	3	4	1	5	4	5	4	3	3	5	4	3	3	3	4	2	3	4	0	1
10160127	5	3	3	3	2	2	3	3	2	3	4	2	3	2	4	1	4	3	1	2	3	4	2	1	4	3	3	2	2	5	4	1	3	4	4	3	4	2	3	1	1	3	2	2	3	2	2	3	2	2	1	3	3	1	3	3	3	4	3	3	3	3	2	2	2	1	3	3	2	2	3	1	3	4	4	2	1	3	4	3	2	2	3	1	5	2	3	4	4	3	3	3	3	3	3	4	1	2	2	4	3	4	0	1
10160132	4	4	4	3	4	3	5	4	3	3	3	3	3	3	3	3	3	4	3	3	3	3	3	3	5	3	3	3	4	3	3	3	3	3	4	3	3	2	3	3	3	4	1	3	3	3	3	3	3	3	3	4	3	4	4	3	3	3	3	4	4	4	4	4	3	3	4	4	4	3	3	3	3	3	3	3	3	3	3	1	3	3	3	3	4	4	4	4	4	1	4	4	4	4	4	4	1	3	3	5	5	5	0	1
10160133	3	4	3	4	3	4	5	5	3	5	4	3	5	2	5	3	2	2	3	2	3	2	3	2	3	5	5	5	3	5	4	3	3	3	3	5	3	4	4	3	3	4	5	2	3	4	4	4	1	4	4	3	2	3	3	2	2	2	4	4	4	2	4	3	3	2	2	2	4	1	3	4	3	4	3	3	4	2	4	2	2	2	4	3	4	4	3	3	3	3	3	2	3	2	4	3	2	3	3	3	5	2	0	1
10160134	4	3	4	3	4	4	4	3	4	4	2	3	4	4	2	4	3	3	2	3	3	3	3	3	4	4	4	4	2	4	4	4	5	2	4	3	1	3	3	3	2	2	4	2	5	4	4	3	4	1	3	5	3	3	3	4	2	3	5	2	3	3	4	3	4	4	3	4	3	3	5	3	2	3	2	2	3	3	3	3	3	2	4	1	5	2	1	3	5	1	3	3	4	3	4	5	3	2	5	2	3	2	0	1
10160139	4	3	3	2	2	2	2	2	2	3	3	2	1	2	5	2	3	5	2	2	2	3	2	3	3	4	3	2	3	4	4	2	3	5	3	3	1	3	3	2	2	3	2	3	3	3	3	1	3	2	2	3	2	3	3	3	3	2	4	3	4	3	2	1	2	3	2	4	2	2	3	2	2	3	2	2	2	2	2	3	3	3	5	3	4	3	2	3	2	2	2	2	3	2	4	4	2	3	3	3	2	2	0	1
10160141	5	5	3	1	4	5	5	3	1	5	1	4	1	3	5	1	5	5	2	1	5	5	1	3	5	3	4	1	4	5	5	5	5	4	5	1	1	5	5	3	1	5	3	3	4	4	5	2	5	2	3	5	5	3	4	4	3	3	5	3	5	5	5	5	1	5	1	4	1	2	4	5	5	5	5	5	5	5	3	3	5	3	5	5	5	5	1	5	5	5	5	1	3	5	3	5	4	5	5	5	3	5	0	1
10160143	5	3	2	2	3	2	5	1	3	4	3	2	4	5	4	2	4	5	3	3	3	4	2	3	4	3	2	3	3	5	5	3	3	5	4	3	2	4	5	2	2	5	2	5	5	5	5	2	3	1	3	5	2	4	4	3	3	3	5	3	4	3	2	1	2	4	2	4	3	2	2	3	3	5	4	4	5	5	1	3	3	3	3	1	4	5	1	5	3	2	3	3	4	4	3	4	2	5	3	5	3	4	0	1
10160144	3	4	2	2	3	2	4	2	3	4	2	2	3	4	3	1	3	3	4	2	5	4	4	5	4	3	2	2	4	5	5	3	5	2	5	4	1	4	4	1	1	5	2	3	3	5	4	3	4	3	2	5	1	1	3	4	2	3	4	5	4	3	2	2	2	4	1	1	2	2	3	2	4	5	5	4	4	2	2	4	5	4	3	2	5	4	3	5	4	1	2	1	1	5	1	5	1	5	4	5	2	5	0	1
10160145	5	5	3	2	1	5	5	1	3	5	1	1	2	2	5	3	3	5	2	2	4	3	2	4	5	5	3	5	4	5	5	4	5	4	5	5	3	4	2	2	2	5	1	5	3	2	3	1	3	1	3	5	2	3	5	4	4	2	5	3	5	4	3	4	3	5	2	2	3	1	3	4	5	5	5	5	5	4	2	2	1	2	5	1	5	5	1	5	3	5	2	1	3	4	2	5	1	5	5	5	3	5	0	1
10160147	3	4	3	3	2	3	2	2	3	4	2	2	3	3	4	2	3	4	4	3	4	3	3	4	4	4	4	3	5	4	5	3	4	5	3	4	3	3	4	3	2	5	4	4	4	4	3	2	4	2	2	3	3	4	3	3	2	3	4	5	4	3	3	2	2	4	2	4	2	3	3	3	3	4	3	3	4	3	3	4	4	4	4	3	3	3	3	4	4	2	3	2	3	3	2	4	3	4	3	4	3	3	0	1
10160152	3	4	3	3	3	3	5	3	3	3	3	3	5	3	3	3	3	3	3	3	3	3	3	3	4	3	3	4	4	3	3	5	5	2	5	3	3	4	3	3	1	5	3	4	4	4	3	3	3	3	2	4	3	3	3	4	2	3	3	3	2	4	3	3	2	5	3	4	4	3	3	3	4	3	3	3	3	3	1	2	3	2	4	3	3	4	4	3	5	2	3	3	4	4	1	5	1	3	3	5	3	5	0	1
10169004	3	3	3	3	3	3	3	3	3	3	3	3	3	3	3	3	3	3	3	3	3	3	3	3	3	3	3	3	3	3	3	3	3	3	3	3	3	3	3	3	3	3	3	3	3	3	3	3	3	3	3	3	3	4	3	4	2	4	5	2	4	4	4	4	3	3	3	3	3	5	3	3	3	3	3	3	3	3	3	3	4	3	4	4	4	5	1	2	4	3	3	3	4	3	4	4	3	3	3	3	3	3	0	1
10169006	3	3	3	3	2	3	3	3	3	4	3	3	3	3	3	4	3	4	3	3	3	3	3	3	3	5	4	3	4	5	3	3	4	3	2	3	3	2	3	3	2	4	2	1	3	3	2	2	3	2	3	3	2	2	3	2	2	2	3	2	4	2	3	1	2	3	2	5	2	2	2	2	2	3	4	3	2	3	2	1	2	3	2	3	4	4	2	5	3	2	2	2	1	3	2	5	2	3	3	4	2	3	0	1
10180001	5	5	4	1	4	4	3	1	2	4	4	1	3	4	5	1	3	4	3	3	1	4	1	4	4	5	1	1	2	4	5	3	5	3	5	1	2	4	4	1	1	5	3	5	3	3	3	1	4	3	2	5	4	5	4	4	1	1	5	3	5	5	2	3	2	4	1	3	4	1	2	3	4	4	4	4	4	4	1	2	2	3	5	1	5	4	1	4	4	1	4	1	2	4	1	4	1	3	4	5	3	4	0	1
10180002	3	3	2	2	5	1	3	5	4	4	3	1	3	2	5	5	2	5	2	4	1	3	2	2	4	2	2	2	3	2	3	4	3	3	3	2	2	3	4	2	3	4	2	3	3	3	3	2	4	2	3	4	3	2	2	3	2	1	2	3	5	3	1	3	1	4	2	4	3	1	2	2	3	4	2	4	1	3	3	4	4	4	2	4	3	5	1	5	3	3	2	2	1	4	2	3	1	4	4	4	1	4	0	1
10180003	2	2	2	2	4	4	4	2	3	4	4	3	3	3	5	3	3	5	3	3	4	4	4	5	4	4	2	2	5	4	5	3	4	3	4	4	4	3	4	5	2	4	1	4	3	2	4	2	3	2	3	3	4	2	3	3	2	2	5	4	4	3	3	1	4	5	2	4	2	3	3	4	2	4	3	4	5	3	3	2	3	2	3	2	4	3	3	3	3	2	3	2	1	3	2	3	2	3	4	4	2	3	0	1
10180004	2	3	3	2	2	4	4	2	2	4	3	2	3	3	3	2	4	3	3	4	2	3	3	3	2	2	2	2	4	1	2	3	2	1	3	3	3	3	2	2	2	4	2	4	4	3	3	2	3	2	4	3	4	3	2	1	2	2	3	4	4	2	3	4	3	4	3	3	2	3	1	1	3	4	3	3	3	3	3	5	5	2	2	1	3	3	3	3	5	2	1	3	4	3	2	2	2	3	5	3	5	4	0	1
10180006	-99	-99	-99	-99	-99	-99	-99	-99	-99	-99	-99	-99	-99	-99	-99	-99	-99	-99	-99	-99	-99	-99	-99	-99	-99	-99	-99	-99	-99	-99	-99	-99	-99	-99	-99	-99	-99	-99	-99	-99	-99	-99	-99	-99	-99	-99	-99	-99	-99	-99	-99	-99	-99	-99	-99	-99	-99	-99	-99	-99	-99	-99	-99	-99	-99	-99	-99	-99	-99	-99	-99	-99	-99	-99	-99	-99	-99	-99	-99	-99	-99	-99	-99	-99	-99	-99	-99	-99	-99	-99	-99	-99	-99	-99	-99	-99	-99	-99	-99	-99	-99	-99	0	1
10180011	3	4	4	3	3	3	2	2	2	3	3	3	3	2	3	2	3	5	3	4	2	2	4	3	3	5	5	2	5	3	3	3	3	5	3	3	4	4	2	2	2	3	3	2	3	3	4	3	4	3	4	2	2	4	3	3	2	4	3	3	3	3	4	2	1	3	4	4	2	3	2	3	3	4	3	3	3	3	3	5	5	2	3	2	3	3	2	3	3	2	2	3	4	3	3	3	2	3	3	3	4	4	0	1
10180012	-99	-99	-99	-99	-99	-99	-99	-99	-99	-99	-99	-99	-99	-99	-99	-99	-99	-99	-99	-99	-99	-99	-99	-99	-99	-99	-99	-99	-99	-99	-99	-99	-99	-99	-99	-99	-99	-99	-99	-99	-99	-99	-99	-99	-99	-99	-99	-99	-99	-99	-99	-99	-99	-99	-99	-99	-99	-99	-99	-99	-99	-99	-99	-99	-99	-99	-99	-99	-99	-99	-99	-99	-99	-99	-99	-99	-99	-99	-99	-99	-99	-99	-99	-99	-99	-99	-99	-99	-99	-99	-99	-99	-99	-99	-99	-99	-99	-99	-99	-99	-99	-99	0	1
10180015	4	4	3	3	4	4	4	1	3	4	3	5	3	3	4	4	3	4	3	4	2	4	3	5	2	5	5	2	4	4	4	4	3	4	4	1	1	5	5	3	1	5	3	5	5	5	5	3	4	2	3	4	4	3	4	3	3	3	4	5	5	4	2	4	1	4	2	4	4	2	2	5	2	5	5	5	5	3	2	4	5	3	5	3	5	4	3	5	4	2	4	3	3	5	3	5	3	5	4	4	3	4	0	1
10180017	5	4	4	2	2	4	3	1	2	4	1	2	4	2	5	2	3	5	3	3	1	3	1	4	4	5	5	1	4	4	5	3	4	4	5	3	1	3	3	3	1	5	4	4	5	5	4	2	5	3	3	5	3	4	5	4	1	3	5	5	5	3	3	1	1	5	2	4	1	2	1	2	3	3	4	4	2	2	4	2	4	3	5	2	5	4	1	5	4	2	3	2	1	4	3	4	1	4	4	5	2	3	0	1
10180018	4	4	2	2	4	2	5	1	3	5	2	3	4	1	5	2	3	4	2	5	1	3	1	5	5	5	3	4	3	2	5	4	5	4	5	3	2	5	4	1	2	5	3	5	4	3	5	2	5	2	2	5	1	5	5	5	1	1	5	5	5	4	3	1	2	5	1	3	1	2	1	3	4	1	3	5	5	5	2	3	3	3	5	1	5	5	2	5	5	1	2	1	5	5	1	5	1	5	5	5	5	5	0	1
10180019	4	5	4	1	2	5	4	1	2	4	2	3	3	4	2	1	2	5	3	3	2	4	1	5	5	5	4	2	5	3	4	4	4	5	5	1	3	5	2	2	1	5	3	4	4	3	5	1	5	1	3	5	2	4	5	5	2	3	5	3	4	4	3	2	3	4	1	2	1	2	2	5	4	4	5	3	5	4	1	2	5	3	5	2	5	5	1	4	3	1	2	1	2	4	2	4	2	5	4	4	3	4	0	1
10180021	5	5	3	1	1	2	5	1	1	5	1	1	1	5	5	1	1	5	1	1	1	5	1	5	5	5	3	1	5	1	5	4	5	5	5	1	1	5	5	1	1	5	1	1	5	5	5	1	5	1	3	5	1	1	5	5	1	1	5	1	5	5	1	1	1	5	1	1	1	1	1	3	5	5	5	5	5	5	1	1	5	5	5	1	5	5	1	5	5	1	1	1	1	5	1	1	1	5	5	5	1	5	0	1
10180023	2	1	3	1	1	3	2	3	1	3	1	1	1	1	3	1	3	3	1	3	1	3	1	3	3	5	1	1	3	1	3	1	3	3	3	1	1	3	3	1	1	5	1	1	3	5	5	1	1	1	1	5	3	1	3	3	3	1	5	1	5	1	1	1	1	5	5	3	1	1	1	1	3	5	5	3	5	3	3	3	1	5	5	1	1	5	1	5	5	1	1	1	3	5	1	5	1	5	3	5	1	1	0	1
10180026	3	3	3	3	3	3	3	2	3	3	3	3	3	3	3	3	5	3	3	3	3	5	3	3	3	2	5	2	5	4	4	4	4	3	3	3	3	5	5	3	3	3	3	3	3	3	3	3	3	3	3	3	4	1	5	3	2	2	4	5	5	2	5	1	3	5	2	1	1	3	3	3	2	2	2	5	5	3	3	3	2	1	5	5	5	5	4	5	5	1	5	3	3	4	4	5	1	2	5	5	2	2	0	1
10180028	3	3	3	1	3	3	3	1	3	2	3	1	2	3	4	1	3	3	3	3	3	3	3	3	3	5	3	1	3	3	3	3	3	3	3	3	3	3	3	3	1	5	1	2	5	3	2	3	3	3	2	4	3	2	3	3	3	1	3	4	5	3	5	3	1	4	3	3	2	2	4	1	4	5	4	2	4	3	2	1	4	5	5	1	4	5	1	5	3	1	3	1	1	5	1	5	1	4	5	5	1	5	0	1
10180029	4	5	4	2	3	5	4	1	2	5	2	2	1	1	5	1	2	5	2	2	1	5	2	5	5	5	2	1	3	4	5	5	5	5	5	2	1	5	5	2	2	5	3	4	5	2	5	2	5	1	3	5	1	3	5	4	1	3	4	2	4	5	3	2	1	5	2	2	2	1	1	3	3	2	5	4	3	4	1	3	3	3	5	1	5	5	1	5	4	1	2	2	4	5	2	5	2	5	5	5	2	4	0	1
10180030	5	4	4	1	2	4	5	1	2	3	1	2	1	2	5	1	3	5	3	2	3	5	2	4	5	5	2	1	4	4	5	3	5	3	5	2	2	4	4	3	1	5	2	2	5	4	4	2	5	2	4	5	1	2	5	5	2	1	4	1	5	4	2	2	1	5	1	1	1	2	2	3	4	5	5	4	5	4	1	1	5	4	3	2	5	5	1	5	5	1	2	1	1	5	1	5	1	5	4	5	1	3	0	1
10180031	4	4	3	1	3	4	4	2	2	4	3	2	2	3	5	2	3	5	3	2	2	3	3	4	3	5	2	1	4	3	4	4	3	4	5	3	4	4	2	3	1	5	3	4	4	4	3	2	4	2	3	5	3	4	4	3	3	3	5	3	5	4	4	2	4	5	1	3	2	4	4	3	4	2	5	4	2	4	3	2	4	2	4	2	4	3	1	3	3	4	2	1	3	4	3	5	2	2	4	4	1	5	0	1
10180037	5	5	1	2	1	2	3	2	2	3	2	1	4	3	5	1	2	5	2	1	3	5	2	4	4	4	4	1	2	3	4	3	5	4	4	2	1	3	3	3	1	5	2	2	3	3	3	2	3	1	2	4	1	2	4	3	2	2	3	2	4	3	3	2	2	4	2	3	2	2	2	3	2	2	3	4	4	3	5	2	3	2	3	2	4	4	1	4	3	2	2	2	1	2	2	5	1	4	4	4	2	4	0	1
10180042	4	3	3	3	4	3	3	2	2	3	3	3	3	4	5	3	3	5	2	3	3	5	4	4	3	5	3	2	5	4	4	3	3	5	4	4	3	5	4	3	1	5	3	5	3	5	5	1	5	2	4	4	1	2	4	3	4	1	3	2	3	3	3	2	2	3	1	3	3	3	3	3	2	4	3	3	3	2	4	2	3	2	3	3	5	5	4	5	3	2	3	4	4	5	3	5	1	5	4	3	4	5	0	1
10180045	3	3	1	3	3	3	2	1	1	3	3	1	1	1	4	2	3	4	3	3	2	3	3	3	5	4	3	3	4	3	3	3	4	3	4	4	1	4	4	3	2	4	3	3	4	4	3	2	3	2	3	4	2	3	3	3	3	2	4	2	3	3	3	2	2	4	4	4	2	3	3	3	2	4	3	3	4	3	3	3	3	2	3	2	3	3	2	3	3	2	2	2	3	3	2	4	2	4	3	3	2	3	0	1
10180046	5	4	2	2	3	3	5	3	2	4	2	4	4	4	4	2	2	4	3	2	4	4	3	5	5	5	2	3	4	4	5	4	5	5	3	2	2	5	4	3	1	5	4	5	5	5	4	2	5	1	4	5	1	4	5	5	3	3	5	1	5	4	4	2	3	5	2	3	1	1	3	4	4	4	4	4	5	4	1	5	3	4	5	3	4	5	1	5	5	2	4	1	2	5	2	5	2	4	5	5	3	5	0	1
10180050	3	4	3	2	3	4	4	2	3	3	2	2	3	3	3	2	3	3	3	3	2	3	3	3	3	3	3	2	3	3	3	3	3	3	3	3	4	3	3	3	2	3	2	4	3	3	3	3	3	3	3	3	2	3	3	3	2	2	4	4	3	2	2	3	2	3	3	3	3	3	2	3	3	3	3	3	4	3	2	2	4	3	3	3	4	3	1	4	4	2	2	2	2	4	2	4	2	3	4	4	2	4	0	1
10180051	4	5	3	2	3	4	3	2	2	4	1	2	2	3	5	2	3	5	2	3	2	4	2	4	4	4	4	1	4	3	4	4	4	4	3	2	2	4	4	2	1	5	3	5	4	3	4	1	5	2	3	5	1	3	5	4	4	3	5	2	5	4	2	3	2	5	2	2	2	2	2	3	5	5	5	4	5	3	2	3	4	3	4	2	5	5	1	5	5	2	1	1	2	4	2	5	1	5	4	5	2	4	0	1
10180054	4	2	1	1	1	3	3	1	1	4	2	1	1	3	5	1	1	4	2	1	1	4	1	5	5	4	1	1	2	2	5	3	5	2	5	3	2	5	4	1	1	5	1	1	3	5	3	1	3	1	3	4	1	2	4	3	2	1	4	3	4	3	1	1	1	5	1	2	1	1	1	5	3	4	4	2	5	2	2	3	5	3	5	1	4	4	1	5	4	1	2	1	2	4	1	5	1	4	3	4	2	4	0	1
10180055	3	3	2	4	4	2	3	3	4	2	3	3	4	4	3	1	1	3	5	3	4	2	4	2	2	5	3	1	3	3	3	3	4	3	2	3	4	3	3	1	3	4	2	1	4	3	2	3	4	3	2	3	2	2	3	2	2	2	3	4	2	2	2	4	4	3	4	2	4	4	4	3	2	2	3	4	2	4	4	2	4	2	4	1	3	4	1	4	4	2	2	2	1	3	1	4	1	4	4	4	2	4	0	1
10180057	4	3	3	2	3	3	3	2	2	4	3	3	4	3	4	3	3	4	2	2	4	4	4	4	4	4	4	2	4	3	4	4	4	4	4	3	2	4	2	4	2	4	3	2	4	4	3	1	3	2	2	5	2	3	2	3	4	5	4	2	4	3	4	1	1	3	2	2	2	2	4	2	3	4	4	2	4	4	2	4	3	4	5	2	4	4	2	5	4	2	3	3	2	4	2	5	3	3	4	4	3	4	0	1
