10010001	5	4	2	3	2	4	4	5	5	4	4	4	4	5	2	2	4	2	1	3	2	3	4	5	3	2	4	2	3	2	4	4	4	4	4	4	3	4	4	4	2	3	2	4	3	4	2	3	2	4	2	4	4	4	4	4	4	4	4	4	2	4	3	2	5	2	5	2	5	2	5	3	2	2	2	4	5	5	3	5	5	1	0
10010002	4	3	3	2	2	3	1	4	3	2	5	3	2	3	2	3	4	2	2	3	1	4	3	3	3	3	2	2	2	4	4	3	3	4	4	4	1	4	5	2	1	4	3	4	5	1	2	2	2	3	2	4	4	5	3	4	4	1	4	1	1	3	4	2	4	3	4	3	5	3	4	2	2	3	3	4	3	3	3	5	2	1	0
10010004	5	2	4	4	3	3	1	3	4	4	4	1	1	4	3	5	1	1	3	4	3	3	2	5	2	5	1	4	1	5	3	3	1	3	3	3	2	2	4	3	2	3	3	2	5	1	5	1	3	3	4	3	4	4	3	3	2	1	1	1	5	1	1	1	3	4	4	2	3	4	2	5	1	1	1	2	4	3	4	3	3	1	0
10010005	5	4	4	5	1	4	5	5	4	5	5	1	2	4	3	4	5	1	3	3	5	1	4	5	5	5	3	4	4	4	5	5	4	5	5	5	5	4	4	2	2	5	4	4	5	4	2	2	2	4	2	4	4	5	4	4	3	5	5	5	2	5	1	2	4	5	5	2	5	4	5	5	4	1	4	5	5	4	4	5	4	1	0
10010007	4	4	3	2	1	5	1	3	4	2	2	2	2	2	2	3	3	2	3	3	2	4	4	3	4	2	2	2	2	4	2	3	4	5	4	4	1	2	3	4	3	4	3	2	2	2	2	2	2	3	2	4	3	4	4	4	4	2	4	2	3	3	2	2	4	4	4	2	4	2	3	3	2	3	2	4	4	4	3	3	4	1	0
10010008	5	4	3	4	2	3	3	3	4	3	4	3	2	4	3	2	4	3	2	4	2	3	2	4	3	3	2	3	2	4	4	4	3	4	4	4	2	4	4	2	2	2	3	4	4	2	3	4	3	4	5	4	2	4	3	4	3	3	4	1	2	3	2	2	4	2	4	2	3	3	4	2	3	2	3	4	3	3	3	5	4	1	0
10010009	5	4	2	2	2	4	3	4	4	2	2	3	2	5	2	2	3	1	3	4	1	4	4	5	3	5	4	2	3	4	4	3	3	4	4	4	2	4	4	4	3	3	3	3	3	4	2	4	2	5	1	4	4	3	3	5	5	4	4	2	2	4	2	2	4	3	4	2	4	2	4	2	1	1	2	4	5	1	3	5	4	1	0
10010010	5	4	2	5	2	4	3	4	5	3	5	5	3	5	2	1	4	4	1	5	3	2	5	5	5	4	4	3	2	4	5	5	4	5	4	5	3	4	5	3	2	5	3	5	5	5	2	4	3	5	3	5	3	5	5	2	5	4	4	3	2	5	5	4	5	2	5	1	3	1	5	5	4	1	5	5	5	5	5	5	5	1	0
10010011	4	5	4	5	3	4	1	3	4	5	4	5	1	3	2	2	4	4	2	3	4	5	4	5	5	5	5	5	1	2	5	3	4	5	3	5	2	3	5	3	2	5	3	3	5	1	3	3	5	4	5	4	5	3	4	3	4	3	4	1	1	2	2	1	5	3	5	2	3	3	5	5	1	4	3	5	2	1	4	5	3	1	0
10010012	4	3	4	4	1	3	2	3	4	2	4	2	1	4	3	2	3	1	2	3	2	4	2	4	3	3	2	3	2	4	4	4	3	4	3	4	2	3	4	2	3	1	2	3	4	2	3	3	3	4	3	4	2	3	3	2	3	2	3	2	2	2	2	4	4	4	3	2	3	3	3	3	3	2	2	4	3	3	4	5	4	1	0
10010014	4	4	4	3	3	2	1	3	4	3	3	4	1	3	3	2	2	1	2	4	1	4	2	3	2	4	2	3	2	4	3	3	2	4	4	3	2	3	3	2	2	3	3	3	3	2	3	4	3	4	4	4	4	4	3	2	3	3	4	2	2	3	3	2	4	2	3	3	3	3	3	2	1	3	1	4	2	4	3	4	3	1	0
10010018	5	4	1	4	2	4	4	3	5	3	5	4	3	5	3	1	3	3	2	4	2	5	3	5	5	3	3	5	3	3	4	4	4	5	3	4	2	4	4	4	3	3	3	4	3	5	2	5	2	4	1	4	3	5	5	2	4	3	4	4	2	3	4	3	5	2	4	2	4	1	5	3	2	1	3	5	5	3	4	5	5	1	0
10010020	4	4	3	4	3	4	4	4	4	4	4	4	4	4	3	2	4	4	3	2	4	2	4	4	4	2	3	2	4	4	4	4	5	4	4	5	3	4	4	4	2	3	1	4	4	3	2	4	2	4	2	4	4	4	5	3	4	3	3	5	2	4	3	4	5	3	4	1	4	2	5	4	4	1	4	4	3	4	3	5	4	1	0
10010021	4	3	3	4	2	4	2	4	4	3	3	4	1	5	3	2	2	1	2	3	2	4	2	4	3	4	2	3	2	4	3	3	3	4	4	4	2	3	4	4	2	4	3	3	3	2	3	3	3	4	2	4	3	4	4	4	4	2	4	2	3	4	4	3	3	3	4	2	4	1	3	4	1	1	1	3	4	2	4	4	4	1	0
10010023	4	3	3	4	3	3	1	2	4	5	3	4	2	5	2	2	3	3	2	4	2	4	3	5	4	3	3	4	3	3	3	3	3	3	4	4	2	4	4	3	3	2	3	3	3	3	3	3	3	3	3	4	3	3	4	4	4	2	3	3	2	3	3	3	3	3	3	2	3	3	3	2	2	3	2	4	4	4	4	4	4	1	0
10010024	4	4	3	4	3	3	3	4	4	4	3	2	2	4	2	3	1	2	4	4	4	2	2	5	4	4	2	4	1	5	4	5	2	5	4	4	2	2	3	4	4	4	3	2	4	2	3	2	1	5	5	4	2	3	5	3	4	2	3	2	2	4	2	2	4	2	4	2	3	2	3	3	2	1	2	4	4	5	5	4	5	1	0
10010027	4	2	2	4	3	2	3	4	2	2	3	4	3	2	2	4	3	2	3	5	2	4	2	4	2	3	3	3	3	4	3	4	3	3	3	2	2	3	4	4	3	3	4	3	3	3	4	3	2	3	2	4	4	3	3	4	4	4	3	2	2	4	3	3	3	3	4	4	4	2	4	2	2	2	2	2	3	4	5	4	3	1	0
10010028	5	5	2	4	2	4	2	4	5	2	4	5	2	5	3	4	2	4	3	5	2	4	5	5	4	3	3	4	2	4	4	3	5	4	5	5	2	3	4	3	5	5	3	3	4	3	4	3	4	4	2	4	3	5	5	2	4	2	3	4	2	3	3	3	5	3	5	1	2	3	5	5	3	2	5	5	4	4	5	5	5	1	0
10010029	5	5	1	4	1	4	1	3	5	5	4	4	2	3	1	1	5	4	1	1	1	4	4	5	5	2	3	2	2	2	5	4	5	4	3	5	3	4	3	3	2	3	1	4	3	3	3	4	2	5	4	5	2	5	5	1	5	5	3	2	1	4	2	2	5	2	5	1	4	2	5	5	4	1	5	5	3	1	1	5	3	1	0
10010031	4	5	4	5	4	3	5	2	5	5	4	4	4	5	4	3	4	3	2	2	1	3	1	5	4	5	2	3	4	1	5	2	4	4	3	5	3	4	5	4	4	2	1	4	2	3	4	3	3	5	4	5	4	5	3	5	4	2	3	5	1	2	2	5	3	3	5	1	4	2	4	2	3	2	5	2	2	3	2	4	5	1	0
10010032	4	4	2	4	2	4	5	5	5	2	4	4	3	3	2	4	4	4	3	3	5	1	4	4	3	2	4	2	4	3	5	4	4	4	4	5	5	3	3	4	1	4	2	4	4	2	2	3	1	5	3	4	4	4	5	4	4	3	5	4	2	4	2	4	4	2	5	2	4	2	4	4	4	3	5	4	3	4	2	4	4	1	0
10010033	5	5	2	4	1	4	3	5	5	1	5	5	4	5	1	3	4	4	1	2	2	3	5	5	5	1	4	2	4	4	5	5	4	5	5	5	2	5	5	3	2	5	2	4	4	5	2	3	1	5	1	4	4	5	5	5	4	5	5	4	2	5	2	4	4	2	5	1	4	2	4	4	5	1	5	5	2	4	2	5	5	1	0
10010034	4	4	2	3	2	4	4	4	4	2	4	3	2	4	2	4	2	2	2	2	3	2	4	4	3	1	4	2	3	5	5	3	4	4	4	4	2	4	4	4	1	4	3	5	4	4	2	3	2	4	5	4	4	5	4	3	4	4	4	3	2	3	3	2	4	3	4	2	3	3	3	4	2	2	2	4	4	3	4	5	5	1	0
10010038	5	4	2	4	2	4	5	4	5	4	5	3	4	4	3	5	3	5	2	3	5	2	4	5	3	2	3	2	4	3	4	5	3	4	4	4	4	3	3	1	3	4	3	3	1	5	2	3	3	5	1	4	2	4	5	2	5	5	4	5	2	5	2	4	4	4	4	2	2	1	4	5	2	3	4	4	5	4	4	4	5	1	0
10010041	5	5	1	4	1	5	5	5	5	1	5	1	5	5	1	3	5	5	1	2	3	1	5	5	5	3	5	1	5	5	5	5	5	5	5	5	2	5	5	5	1	3	1	5	5	5	3	1	1	5	1	5	3	5	5	5	5	3	5	5	3	5	3	4	5	5	5	1	5	1	5	4	4	1	5	5	5	5	3	5	5	1	0
10010043	4	2	3	2	2	3	1	4	4	2	4	2	1	4	2	2	4	2	2	3	1	3	2	3	3	3	2	3	2	4	3	4	2	5	3	3	2	3	3	4	2	4	3	3	2	2	2	3	3	4	1	3	3	4	4	4	3	4	5	2	3	4	2	3	3	3	4	2	5	2	4	3	2	3	2	4	4	4	3	4	3	1	0
10010047	5	3	2	2	3	4	2	3	3	2	4	3	2	5	1	2	3	2	2	2	3	3	3	4	3	2	3	3	4	3	4	1	4	4	4	4	2	3	4	2	2	3	2	4	3	4	2	3	3	4	2	5	3	2	3	2	4	4	3	3	3	3	2	2	3	3	2	3	2	3	3	2	2	2	3	3	3	2	2	5	2	1	0
10010050	5	4	3	4	1	4	3	5	5	3	3	2	2	4	3	1	4	2	2	3	2	3	3	4	4	3	3	2	3	3	5	4	5	4	5	5	3	3	4	3	3	4	2	3	3	3	2	2	3	4	5	5	3	4	4	4	5	4	4	3	2	4	1	3	5	4	5	1	4	1	5	5	2	2	2	4	3	2	4	4	5	1	0
10020001	4	3	1	4	2	3	3	3	5	3	4	3	5	5	3	1	4	4	2	3	1	4	3	5	4	2	2	3	2	3	3	4	3	5	5	3	1	3	5	3	2	2	2	3	3	4	2	3	3	5	2	5	2	3	4	4	2	3	4	1	1	4	2	1	4	2	4	1	3	3	3	2	3	2	3	4	3	3	4	5	5	1	0
10020004	4	3	2	3	2	4	3	3	4	3	3	4	4	3	3	3	5	3	3	4	2	4	4	4	3	2	2	3	3	3	5	3	3	4	3	3	2	3	3	3	1	4	3	3	3	3	1	4	4	5	5	5	2	3	4	4	3	4	4	3	3	4	3	2	5	4	5	1	4	1	5	3	2	1	3	5	4	4	5	4	5	1	0
10020005	4	2	3	4	4	2	2	4	3	3	4	2	2	3	2	2	3	3	2	4	2	4	2	3	2	4	2	3	2	3	4	3	2	3	3	3	3	2	3	3	2	3	3	2	3	2	3	3	2	3	3	3	3	4	2	3	3	2	4	2	2	2	3	2	3	3	2	3	3	3	3	4	3	2	3	3	3	3	4	4	3	1	0
10020007	4	4	2	4	1	4	3	4	4	4	4	4	2	4	3	2	4	4	2	3	3	3	3	5	4	3	3	3	3	2	3	5	3	4	3	5	3	3	4	3	2	5	3	4	3	3	2	4	3	5	2	5	3	4	5	3	4	5	4	2	2	5	2	2	4	2	5	2	3	2	4	4	3	2	2	3	4	3	4	5	4	1	0
10020009	4	3	2	2	2	4	1	2	4	2	2	4	3	4	4	2	4	5	5	4	1	5	2	4	4	4	2	3	1	3	4	4	4	4	4	4	1	1	2	2	4	1	4	1	2	4	2	4	4	4	1	4	2	2	4	4	3	4	2	3	1	4	2	2	4	2	4	3	2	2	4	2	4	5	4	4	3	4	4	4	5	1	0
10020010	5	5	4	5	2	4	5	4	5	1	4	1	5	5	2	5	1	5	5	4	5	1	5	5	4	3	4	5	5	5	5	5	3	1	4	4	5	3	5	5	3	4	3	3	3	4	5	2	2	5	5	4	5	5	5	3	5	4	5	5	5	4	2	2	3	5	4	3	4	2	1	1	5	5	5	4	2	5	4	5	5	1	0
10020014	4	4	3	4	2	3	2	3	4	4	4	3	2	4	2	2	4	3	2	2	2	3	3	4	4	3	2	2	2	3	4	3	3	4	4	4	3	3	3	2	2	4	2	4	3	2	3	2	3	4	4	4	3	4	3	3	3	3	3	3	2	2	3	3	3	2	3	2	2	3	4	4	3	2	3	4	3	3	3	4	4	1	0
10020015	4	3	2	5	2	4	4	4	5	4	4	3	4	3	2	2	4	3	2	4	4	2	4	4	4	2	4	3	3	3	4	4	4	4	4	4	3	4	4	3	2	5	2	4	3	4	2	4	3	5	2	5	3	4	4	4	4	4	4	3	2	4	3	3	4	3	4	2	4	2	4	3	3	2	3	4	4	4	4	5	4	1	0
10020016	4	4	4	3	3	3	2	4	4	2	4	3	2	4	3	3	4	2	2	4	3	3	2	4	3	4	1	2	1	3	4	4	3	4	4	4	2	2	4	2	3	3	3	3	3	1	2	2	2	3	1	4	3	3	4	4	3	2	4	2	3	2	2	1	4	4	4	4	4	4	3	3	2	1	1	2	4	4	5	5	4	1	0
10020017	4	4	3	3	2	4	3	2	4	2	5	2	2	5	5	2	4	3	4	3	2	3	5	5	4	3	2	4	2	3	5	4	3	5	5	4	3	3	4	2	1	4	3	4	2	2	3	3	4	4	5	5	2	5	4	2	4	2	5	1	4	3	4	2	4	3	5	2	2	2	4	2	4	2	2	4	4	3	4	4	4	1	0
10020018	5	5	5	3	3	1	1	4	5	1	5	1	1	4	1	3	5	1	1	3	1	5	1	3	5	1	1	3	1	1	5	5	2	5	4	3	1	2	5	4	3	4	2	4	3	1	4	4	1	5	3	5	1	4	5	5	5	3	3	2	3	3	1	2	2	5	5	1	5	3	5	5	1	4	1	2	3	3	5	5	1	1	0
10020019	2	3	1	5	3	3	1	4	1	4	3	5	2	4	5	1	1	1	5	3	3	5	1	3	4	3	3	4	2	4	5	4	2	3	4	4	1	1	3	2	3	5	3	2	4	5	5	5	5	3	3	5	3	2	2	1	4	1	3	2	2	1	5	3	1	2	2	3	2	2	2	3	1	2	1	3	1	3	3	3	4	1	0
10020022	3	3	2	3	1	3	2	3	3	2	3	3	3	4	3	2	3	3	2	3	3	2	3	4	3	3	3	3	2	3	3	3	3	3	3	3	2	3	4	2	3	3	2	3	3	3	2	3	3	3	2	4	3	3	3	3	3	3	3	2	3	3	3	2	4	3	3	2	4	4	4	4	3	2	4	4	4	4	3	4	4	1	0
10020023	5	5	2	3	2	3	2	3	4	5	4	5	3	5	2	2	5	2	2	3	2	3	3	5	5	3	3	3	2	3	3	3	4	4	3	4	2	3	5	3	2	3	3	4	3	5	3	5	3	5	2	5	4	5	5	4	3	4	4	2	3	5	4	2	4	3	5	2	4	3	4	4	3	2	3	5	5	4	3	5	5	1	0
10020024	-99	-99	-99	-99	-99	-99	-99	-99	-99	-99	-99	-99	-99	-99	-99	-99	-99	-99	-99	-99	-99	-99	-99	-99	-99	-99	-99	-99	-99	-99	-99	-99	-99	-99	-99	-99	-99	-99	-99	-99	-99	-99	-99	-99	-99	-99	-99	-99	-99	-99	-99	-99	-99	-99	-99	-99	-99	-99	-99	-99	-99	-99	-99	-99	-99	-99	-99	-99	-99	-99	-99	-99	-99	-99	-99	-99	-99	-99	-99	-99	-99	1	0
10020029	2	5	2	5	1	4	5	4	4	5	3	4	2	5	5	4	5	3	4	5	5	4	4	3	5	4	4	5	5	5	5	3	3	2	3	3	1	4	3	4	5	5	1	4	5	5	5	4	4	5	4	3	5	5	5	4	5	2	5	5	3	5	4	5	5	2	4	1	2	2	5	5	4	3	5	5	3	5	5	4	3	1	0
10020030	5	5	1	2	1	4	4	4	5	4	4	4	2	4	2	4	4	4	2	2	4	3	4	3	4	1	4	3	4	3	5	2	5	4	4	5	3	3	4	4	2	5	2	4	4	3	2	2	2	4	1	3	3	5	4	3	5	1	4	5	4	2	3	5	5	2	5	1	5	1	4	2	4	2	3	4	4	4	4	5	4	1	0
10020031	5	4	3	5	1	4	2	3	5	2	5	5	1	5	3	2	5	3	1	3	2	2	5	5	5	3	2	5	2	4	5	5	5	5	4	5	1	5	5	3	1	4	3	5	5	3	3	3	3	5	1	5	2	5	4	5	4	4	5	3	1	3	2	3	5	2	5	2	4	1	5	4	3	1	3	5	5	2	4	5	5	1	0
10020034	3	3	3	3	3	3	3	3	3	3	3	3	3	3	3	3	3	3	3	3	3	3	3	3	3	3	3	3	3	3	3	3	3	3	3	3	3	3	3	3	2	3	3	3	3	3	3	3	2	4	2	3	3	4	5	4	3	4	3	3	3	4	3	3	4	3	5	2	4	3	4	3	3	4	3	4	4	5	3	4	3	1	0
10020035	3	4	2	4	1	4	2	2	4	4	5	2	2	5	4	1	2	3	3	1	2	4	4	5	4	2	3	2	2	2	4	5	4	4	4	4	2	2	4	3	3	2	3	3	1	3	3	2	4	4	2	3	2	4	4	3	3	3	4	2	2	3	3	2	4	2	3	2	3	3	5	5	3	2	4	4	3	4	3	5	4	1	0
10020038	4	3	3	3	2	3	2	3	4	3	4	3	1	3	3	3	4	3	3	3	2	4	2	4	3	4	1	3	1	4	3	4	4	3	3	4	1	3	4	3	2	3	3	3	4	2	3	2	4	4	3	4	4	2	4	4	2	4	3	2	3	3	2	2	4	3	5	3	4	3	5	2	2	3	2	3	4	3	5	4	4	1	0
10020040	5	5	2	5	1	5	5	5	5	5	5	5	5	5	2	2	5	5	1	4	5	1	5	5	5	3	5	3	4	5	5	5	5	4	3	5	5	5	4	4	3	5	2	5	5	5	2	5	2	5	3	5	4	3	5	3	5	2	4	5	2	4	4	4	4	2	5	1	5	2	5	5	4	1	5	5	2	5	4	5	5	1	0
10020043	4	4	3	3	2	3	2	3	4	4	4	3	3	4	2	2	5	2	1	3	1	3	3	4	4	3	4	2	1	3	4	3	4	4	3	3	2	3	4	3	2	3	2	3	3	3	2	3	2	4	3	3	2	4	3	3	3	2	3	2	2	2	2	2	3	2	3	2	4	3	4	3	2	2	2	4	3	2	3	4	3	1	0
10020047	4	5	2	5	3	3	4	3	3	2	2	4	2	3	2	3	3	3	2	3	2	3	4	4	3	4	3	2	2	3	4	3	4	2	2	4	2	2	3	4	2	3	3	3	2	3	3	5	3	4	3	3	4	4	4	4	4	3	2	2	5	3	4	3	3	2	4	3	4	1	4	3	3	3	5	2	5	4	4	3	4	1	0
10020048	5	5	1	4	1	5	3	5	4	2	5	4	2	5	1	1	4	2	1	2	1	2	3	5	4	1	2	1	1	1	5	2	5	4	5	5	2	3	5	3	3	4	1	4	3	2	2	5	3	5	1	4	3	5	3	4	5	2	3	1	1	2	4	3	5	2	3	1	4	2	3	5	3	1	3	4	5	2	1	4	5	1	0
10020051	4	4	3	3	2	5	2	5	3	4	4	5	3	3	3	2	5	3	3	3	2	3	3	3	4	3	3	4	3	4	4	3	4	5	4	4	2	4	5	3	2	4	3	4	2	3	3	3	2	4	2	5	3	4	3	4	4	3	4	3	3	3	4	3	4	3	4	2	4	3	4	4	3	2	3	4	3	4	3	5	4	1	0
10020052	4	3	4	4	2	2	1	3	3	4	3	2	1	2	4	3	3	2	3	4	2	4	2	3	2	4	1	4	2	4	3	2	2	3	3	4	2	3	4	2	2	3	3	3	2	2	5	3	4	4	4	4	3	3	3	2	3	2	3	2	5	2	5	1	3	3	3	3	2	3	3	4	2	3	2	3	3	3	5	4	3	1	0
10020053	5	5	1	5	1	5	5	5	5	5	5	5	5	5	5	5	5	5	5	3	3	3	3	3	3	3	3	3	3	3	3	3	3	3	3	3	3	3	3	3	3	3	1	1	5	5	5	4	4	4	3	3	1	1	1	5	5	4	4	4	2	2	5	4	4	3	3	2	2	2	5	5	3	3	3	1	1	1	4	4	3	1	0
10020055	4	3	3	2	2	4	1	4	3	3	3	2	4	3	3	3	1	2	4	5	3	4	2	2	3	4	2	3	2	5	3	4	2	4	3	3	2	3	1	3	1	5	5	2	1	3	2	3	3	3	1	2	5	4	2	5	5	3	4	4	4	1	1	3	4	5	4	2	4	2	3	1	2	5	3	4	3	1	5	2	1	1	0
10020065	5	3	3	4	2	4	3	5	5	3	5	5	4	5	2	1	4	3	3	3	2	3	2	5	5	4	5	4	2	5	4	5	4	5	4	5	2	3	4	3	3	3	2	2	4	4	4	5	2	5	4	5	3	5	5	5	4	3	5	2	1	5	4	4	4	1	5	2	5	3	5	4	1	3	1	4	4	4	3	5	5	1	0
10020066	4	1	3	3	3	1	1	1	5	2	3	3	3	4	5	5	4	3	1	5	5	2	3	4	2	3	3	4	2	2	3	2	4	3	2	3	3	2	3	3	2	3	4	4	3	3	3	3	2	2	5	3	3	2	3	1	2	1	2	3	3	3	4	3	1	4	4	4	2	4	1	2	2	5	3	3	3	4	2	4	4	1	0
10020067	4	5	3	3	3	5	4	3	3	4	3	5	2	3	2	1	4	2	2	4	5	1	3	5	3	2	3	3	3	3	5	2	3	4	4	4	5	3	4	3	3	4	3	4	3	3	3	5	2	4	1	4	3	5	3	3	3	3	4	2	3	4	3	4	4	3	4	2	3	2	4	3	2	3	4	4	3	3	4	4	3	1	0
10020068	4	3	2	4	2	3	2	2	4	5	3	4	2	4	4	3	4	1	2	3	1	4	2	5	4	3	2	4	2	3	4	3	4	4	3	4	1	3	2	1	3	2	2	2	3	3	3	4	3	4	3	3	2	3	5	2	4	3	2	2	1	5	3	2	4	3	5	2	3	2	3	3	2	1	2	4	4	2	3	4	5	1	0
10020073	5	5	1	4	1	4	1	3	5	5	5	5	3	5	2	1	5	3	1	2	1	5	3	5	4	3	3	4	2	2	5	5	5	5	4	5	1	4	5	2	2	2	2	4	3	3	3	2	2	5	4	5	2	4	5	3	2	2	3	2	1	3	2	2	5	2	5	1	3	3	5	5	3	3	3	5	5	3	3	5	5	1	0
10020074	4	4	2	3	2	4	4	4	4	3	4	3	3	4	3	2	3	3	2	2	2	3	4	4	4	2	2	2	2	2	4	4	4	4	4	4	2	4	4	3	1	4	2	4	4	4	2	2	2	4	2	4	3	4	4	4	4	3	4	2	2	4	3	2	4	2	4	2	4	2	4	4	3	2	3	4	4	2	3	5	5	1	0
10020076	3	4	4	4	2	3	3	3	3	3	4	3	2	3	2	2	3	3	3	4	2	4	2	5	3	3	2	4	2	3	4	3	2	4	3	3	2	3	3	3	3	3	3	3	3	2	3	3	2	4	3	3	3	3	2	3	2	1	3	2	2	2	3	2	3	1	3	1	3	2	5	5	2	1	2	3	1	3	4	4	5	1	0
10020082	4	3	4	4	4	2	3	3	4	4	4	2	2	2	4	5	2	1	4	4	3	4	2	5	3	5	4	5	3	5	4	5	3	3	3	3	3	2	4	3	4	5	5	4	5	3	4	4	4	4	1	4	2	4	5	2	4	5	4	3	4	5	4	3	4	4	5	5	4	4	4	3	3	4	2	4	5	5	5	5	5	1	0
10030001	3	5	4	4	2	4	3	3	3	5	3	2	2	4	2	1	5	3	3	5	1	1	2	4	3	5	2	4	2	3	5	3	5	4	3	5	5	2	5	1	1	5	2	3	2	2	3	2	2	5	3	4	3	5	4	5	4	5	4	3	3	3	3	1	3	5	4	1	5	2	4	4	3	2	5	4	3	2	4	5	3	1	0
10030004	3	3	3	3	3	3	3	3	3	3	3	3	3	3	3	4	4	2	2	4	3	3	3	4	5	3	3	3	3	3	3	3	3	3	3	3	3	3	5	5	2	3	3	3	3	3	3	3	2	5	3	3	3	4	4	3	4	2	4	2	3	3	3	3	5	3	5	3	4	2	5	3	2	3	2	3	3	3	3	5	3	1	0
10030007	5	3	1	3	3	3	5	3	3	1	5	3	2	5	2	2	3	1	1	5	1	5	5	5	4	3	3	3	2	5	5	3	5	4	5	3	2	3	3	4	3	2	5	4	2	4	2	3	3	5	4	5	3	4	4	3	5	1	3	4	1	4	2	4	5	3	5	3	3	3	3	4	1	1	1	3	4	4	5	5	5	1	0
10030009	3	5	5	1	2	3	1	1	4	5	5	1	1	5	3	3	3	5	2	3	2	5	1	5	3	3	3	5	1	5	5	5	5	5	2	5	3	5	3	3	3	2	2	4	4	1	2	1	4	4	4	5	2	2	5	5	1	1	1	1	5	3	4	1	5	4	5	2	2	5	5	1	3	3	2	2	3	4	3	3	5	1	0
10030010	3	4	2	4	3	4	2	4	2	4	4	3	3	3	2	4	3	2	3	3	3	4	3	3	3	3	4	2	3	4	3	4	4	3	4	4	2	3	3	4	4	5	3	4	3	3	2	3	1	4	1	4	3	4	4	4	5	3	4	4	3	4	3	4	5	2	5	3	5	1	5	3	3	3	4	5	3	4	4	5	3	1	0
10030014	3	2	2	2	2	3	2	3	3	2	3	2	2	2	2	3	3	3	2	3	2	3	3	3	3	4	2	3	2	3	4	3	3	3	3	3	2	2	3	3	4	4	3	2	2	2	4	3	2	4	3	3	3	4	3	2	4	3	3	2	3	3	2	2	4	3	3	2	5	1	3	5	4	5	5	3	2	3	3	3	2	1	0
10030016	3	4	1	3	1	3	1	4	4	2	5	5	3	4	3	2	5	5	4	3	3	1	5	5	4	4	1	3	1	3	5	5	3	5	4	5	1	4	5	5	2	5	1	4	5	2	4	3	3	4	5	5	3	3	5	3	5	5	5	3	4	3	1	1	4	5	4	1	3	2	5	5	3	5	5	5	1	1	5	4	5	1	0
10030020	4	3	3	4	2	4	3	3	3	1	4	2	2	5	3	3	4	3	2	5	2	2	5	5	3	2	2	4	1	3	5	4	5	5	4	4	1	3	4	2	2	3	3	4	4	1	2	3	3	5	1	4	2	5	5	3	3	2	3	2	2	3	2	1	4	5	4	2	4	3	4	4	4	2	5	5	5	5	5	5	5	1	0
10040002	1	1	2	2	3	3	4	4	4	5	5	1	1	1	2	2	1	1	1	5	5	3	3	1	2	1	4	4	2	3	1	2	3	2	2	2	2	2	2	2	3	2	1	3	1	2	3	3	1	2	4	2	3	4	3	3	3	3	2	3	3	2	4	1	3	3	3	2	3	4	4	3	2	2	3	4	4	4	4	5	2	1	0
10040003	5	4	3	3	1	4	4	4	5	4	5	1	4	5	2	3	4	4	1	4	4	3	4	5	5	3	4	3	2	5	5	5	4	5	5	5	3	4	4	4	1	4	1	4	4	5	3	2	2	5	5	4	4	5	5	4	4	2	4	1	3	5	2	1	4	4	5	2	4	3	4	5	4	2	5	5	4	4	3	5	5	1	0
10040004	2	1	3	2	3	3	3	3	3	3	3	3	3	3	3	3	3	3	3	3	3	1	1	5	1	5	3	3	3	4	5	3	2	3	2	2	4	3	3	3	3	4	4	3	3	5	5	1	3	2	5	3	4	3	3	3	3	2	3	2	3	3	5	4	2	4	5	3	3	1	2	3	3	5	3	2	3	3	3	5	2	1	0
10040005	5	4	3	3	2	3	4	4	4	2	4	4	3	4	2	4	4	3	2	4	4	2	3	4	3	3	3	2	3	4	5	4	4	4	3	3	3	3	4	3	3	5	3	4	2	2	3	4	2	5	2	4	2	4	4	4	3	4	4	3	1	4	3	3	4	2	5	2	4	2	4	4	2	2	3	3	5	4	5	5	4	1	0
10040006	3	3	3	3	3	3	3	3	3	3	3	3	2	4	3	3	4	2	3	4	5	3	3	3	3	3	3	3	4	4	4	3	3	3	3	3	5	4	3	3	1	3	3	5	3	3	5	3	4	4	3	4	3	4	4	2	3	5	5	2	3	3	4	1	5	3	4	4	5	1	4	5	5	1	5	5	4	3	5	5	1	1	0
10040009	5	2	3	3	2	3	1	1	5	2	5	3	1	5	1	1	4	3	5	5	1	5	3	5	5	5	2	4	1	5	5	3	5	4	3	3	1	3	5	2	4	2	3	3	3	5	3	3	4	4	5	3	1	4	4	3	3	3	3	2	2	4	3	2	2	4	5	3	3	4	3	5	3	3	3	3	2	3	5	4	5	1	0
10040011	5	5	1	5	1	5	5	5	5	5	5	3	1	5	1	1	5	2	1	5	5	1	5	5	5	1	5	1	5	5	5	5	5	5	5	5	5	5	5	5	1	5	5	5	3	5	1	1	1	5	1	5	5	5	5	5	5	5	5	1	5	5	1	1	5	5	5	1	5	1	1	5	5	1	5	5	5	5	5	5	5	1	0
10040012	4	2	2	3	2	3	3	2	5	3	3	2	2	3	2	3	2	2	2	3	3	2	3	4	2	3	2	4	2	3	4	5	3	3	2	3	2	3	4	4	1	4	4	4	2	3	3	2	1	5	3	4	4	5	5	4	4	4	3	2	2	4	4	2	2	4	5	2	4	2	2	4	1	4	1	3	4	3	5	5	5	1	0
10040015	4	4	3	4	3	2	3	4	4	5	3	1	3	3	2	3	3	3	1	4	3	2	3	4	2	5	2	3	2	3	5	4	3	3	4	3	3	1	4	2	2	4	3	2	3	2	3	2	5	4	5	3	2	4	4	2	2	2	3	2	1	2	2	2	4	4	3	3	2	4	4	2	3	4	5	3	4	2	4	3	3	1	0
10040018	4	3	4	2	2	3	3	3	3	2	4	3	3	4	2	2	3	2	2	3	3	2	3	4	3	4	2	2	2	4	4	4	3	4	2	4	4	3	5	4	2	4	2	3	4	2	2	3	2	4	1	3	4	3	3	3	5	3	3	2	2	3	1	2	4	5	4	2	4	3	3	1	1	3	1	3	3	3	3	4	3	1	0
10040019	3	2	3	2	4	3	1	3	4	1	5	3	1	4	1	3	2	1	5	5	1	4	1	3	3	5	1	5	1	5	5	5	1	3	3	3	3	4	5	1	1	5	5	5	3	2	1	3	2	3	5	1	2	3	4	3	4	1	1	1	3	2	2	1	2	3	4	3	1	3	1	4	2	1	1	1	4	1	5	5	3	1	0
10040021	4	5	4	5	2	3	3	3	5	2	4	4	1	5	1	3	4	3	1	3	1	4	5	5	3	4	1	2	1	3	5	4	3	5	3	5	1	3	5	3	3	3	3	5	3	1	2	3	3	5	5	5	4	4	5	2	2	4	2	1	3	4	3	1	4	3	5	2	3	4	3	4	4	3	4	5	3	5	3	5	5	1	0
10040024	4	4	3	4	2	3	3	3	4	4	4	4	3	4	2	4	4	4	2	3	2	3	3	4	4	4	3	5	2	4	4	3	4	4	4	4	2	4	4	4	4	3	2	4	3	4	2	3	3	4	2	4	3	4	4	4	4	4	3	2	3	2	3	3	4	3	3	1	4	3	4	2	3	4	3	4	2	2	3	5	3	1	0
10040025	4	4	1	5	1	5	4	4	4	5	5	4	4	5	2	2	4	3	1	5	2	3	4	5	5	2	5	2	2	5	5	4	4	5	5	4	1	5	4	4	2	3	3	5	2	4	1	5	2	5	1	5	3	5	5	2	5	4	4	3	1	5	1	3	4	2	4	2	4	2	4	3	3	2	4	5	5	5	4	5	5	1	0
10040027	4	5	2	3	2	3	4	3	3	2	3	2	3	3	2	2	3	3	2	2	3	3	2	4	4	3	3	3	3	1	5	1	3	3	3	4	4	3	3	2	2	2	2	4	3	3	2	2	4	4	5	4	3	4	4	2	4	5	3	4	2	5	2	2	4	3	5	2	2	3	3	4	3	2	1	3	4	5	2	4	4	1	0
10040030	4	5	2	3	2	3	3	3	3	4	5	3	4	4	5	4	3	4	4	2	3	4	3	4	4	3	3	4	3	4	3	4	3	3	4	3	3	4	3	4	3	4	4	4	4	5	4	4	3	4	3	4	3	4	4	4	3	3	4	3	3	3	3	3	5	3	5	1	3	3	5	3	3	3	2	3	4	4	3	5	4	1	0
10040031	4	2	3	3	3	4	4	5	5	1	3	1	3	3	1	5	2	1	3	5	2	2	2	4	2	5	1	1	2	5	5	4	1	4	4	1	3	4	5	4	1	5	5	4	4	1	3	1	1	4	1	4	3	3	5	4	5	4	5	1	5	3	1	2	3	5	5	5	4	2	2	3	1	3	1	2	5	5	5	5	5	1	0
10040033	5	4	1	2	1	4	1	3	4	1	5	5	3	5	3	1	4	3	1	3	1	5	5	5	5	2	3	4	2	4	4	3	4	4	3	4	2	3	5	1	2	5	1	4	4	3	3	4	3	4	2	4	2	4	4	4	5	2	4	2	2	2	3	3	5	2	3	1	4	2	4	4	3	2	3	5	3	3	3	5	5	1	0
10040035	3	2	4	3	4	2	2	3	3	2	4	2	2	2	3	4	2	2	4	3	2	2	1	3	2	4	2	4	2	4	4	3	2	4	3	3	3	3	3	4	1	5	4	3	1	2	4	2	3	3	3	4	4	3	3	3	2	2	4	3	4	2	3	2	2	2	4	4	4	3	2	4	2	3	2	2	3	2	4	3	3	1	0
10040036	4	4	1	3	2	3	4	3	4	2	4	3	2	4	2	2	3	3	1	4	2	4	4	4	3	3	3	3	2	2	5	3	4	4	3	4	2	3	3	2	2	2	1	4	4	3	2	3	3	5	4	4	2	3	3	3	3	3	3	4	2	4	2	2	4	4	4	1	4	1	5	4	3	2	5	4	2	4	2	3	4	1	0
10040037	3	3	2	3	2	2	5	2	2	3	3	3	4	3	3	3	3	3	3	2	3	3	3	5	4	3	4	4	3	3	4	4	2	2	2	4	3	3	3	5	5	5	3	3	3	4	3	3	4	4	3	3	3	4	4	3	4	2	3	5	4	4	4	3	4	4	4	3	4	4	4	4	3	3	4	2	4	3	4	3	4	1	0
10040042	4	4	2	4	3	2	4	2	4	3	3	2	3	3	4	3	4	3	2	2	4	2	2	4	4	4	2	4	2	3	4	4	2	3	2	3	4	4	3	2	2	2	3	4	4	4	4	2	4	4	5	4	2	3	4	3	3	4	2	3	4	3	3	2	4	3	4	2	1	3	4	4	4	4	3	4	4	5	4	4	4	1	0
10040043	4	4	4	3	3	3	2	3	4	5	5	5	3	3	2	1	5	5	4	3	2	4	3	4	4	3	3	2	2	2	3	3	3	4	3	5	2	5	5	2	2	4	4	4	1	2	4	4	2	4	4	4	3	4	4	3	3	1	2	2	1	2	2	4	3	3	4	3	3	2	5	1	4	1	2	3	4	4	4	5	4	1	0
10040050	3	3	2	3	2	3	3	3	3	4	4	3	3	3	3	3	4	3	4	3	4	3	2	3	2	3	3	3	2	4	3	4	3	2	3	2	3	2	3	3	3	3	1	4	3	2	2	2	5	4	3	3	3	3	3	2	4	2	3	2	3	3	2	3	3	4	3	1	3	2	2	3	2	3	3	3	2	3	2	3	3	1	0
10050002	4	4	3	3	2	2	2	2	3	2	3	4	3	3	3	2	3	2	3	3	2	3	3	4	4	4	2	3	2	3	4	4	3	4	4	4	2	2	3	2	3	2	2	3	3	3	4	4	3	3	5	4	2	2	4	2	3	3	2	2	2	3	2	2	2	3	4	3	2	4	4	4	2	3	3	3	3	2	3	3	2	1	0
10050004	5	5	4	4	3	3	4	4	4	5	5	4	3	4	5	5	1	1	1	4	4	4	4	3	2	2	1	1	1	2	3	4	4	5	5	5	4	5	4	5	4	4	4	4	5	5	4	5	4	4	5	5	5	5	4	4	5	3	3	3	3	3	4	5	5	5	5	1	4	3	5	5	5	1	5	5	3	3	2	5	5	1	0
10050005	5	4	2	4	1	5	2	3	4	4	5	5	3	4	3	1	5	3	2	2	1	5	5	4	5	2	4	3	2	3	5	3	5	4	4	5	1	3	5	2	3	3	2	3	3	5	2	4	3	4	4	4	2	4	2	5	3	2	3	2	2	3	2	2	5	2	3	1	4	2	5	5	4	2	4	5	3	3	4	4	3	1	0
10050006	3	3	3	3	3	3	2	3	3	3	3	3	3	3	3	3	3	3	3	3	3	3	3	3	3	3	3	3	3	3	3	3	3	3	3	3	2	3	3	3	2	3	3	4	3	3	3	3	3	3	3	3	4	3	4	3	3	3	3	3	3	3	3	4	4	4	4	3	3	3	4	3	3	2	3	4	3	3	3	4	3	1	0
10050007	3	3	3	3	2	3	1	4	5	1	5	3	1	5	3	2	4	2	3	3	3	5	3	5	5	2	3	3	1	2	4	3	3	5	3	5	3	3	5	3	4	2	3	3	3	2	2	2	3	4	1	4	4	3	3	3	3	2	3	2	3	2	1	3	3	3	3	2	2	2	3	3	3	4	4	5	3	3	3	3	3	1	0
10050008	4	3	2	2	3	2	2	3	2	2	2	4	3	1	3	1	2	4	2	3	2	5	4	2	5	3	3	4	3	5	3	5	1	3	2	5	2	3	2	5	2	1	2	1	1	1	2	4	4	3	3	2	1	5	1	1	1	2	3	3	3	3	1	3	4	2	3	2	1	3	4	3	1	5	3	1	2	2	4	5	2	1	0
10050009	4	3	3	4	1	3	3	3	3	2	4	2	1	4	3	2	4	1	2	3	1	5	3	4	2	3	2	3	1	2	5	3	4	4	4	5	1	3	4	2	2	3	2	3	2	2	2	2	3	4	5	4	3	2	4	4	3	2	3	2	3	3	2	2	4	3	4	2	4	2	4	2	2	4	2	4	4	4	4	5	3	1	0
10050012	3	3	2	4	2	4	3	3	3	4	4	3	4	4	3	2	3	4	4	4	4	2	4	2	3	3	4	3	3	3	3	3	3	2	3	3	4	2	4	4	2	3	3	4	4	3	3	3	3	3	3	2	4	3	3	3	3	3	2	3	3	3	3	2	4	3	2	3	3	4	3	3	4	4	4	2	3	3	3	3	2	1	0
10050013	3	4	3	3	2	3	2	3	3	2	3	2	2	3	2	3	5	2	2	2	2	2	3	3	3	3	3	4	2	3	4	3	4	4	3	4	2	3	4	4	3	5	2	3	3	2	2	2	1	4	5	5	4	5	3	4	4	3	4	2	2	3	3	2	4	3	3	2	5	1	5	2	3	3	3	3	4	2	3	5	3	1	0
10050015	4	5	4	4	3	2	3	3	3	2	3	3	3	4	2	2	4	3	2	5	3	3	3	4	3	3	3	3	4	4	5	3	3	4	3	4	3	4	5	5	1	4	2	3	5	2	3	3	3	4	2	3	4	3	3	3	3	3	3	3	3	3	4	1	3	3	4	2	3	3	3	4	4	3	3	4	3	3	3	4	3	1	0
10050016	4	4	4	5	3	3	3	4	4	3	3	3	3	3	3	2	4	3	3	3	3	4	4	3	3	4	3	3	2	4	4	3	4	4	4	4	3	4	2	4	2	2	2	4	3	3	4	2	3	4	5	3	4	4	4	3	3	1	4	2	2	2	4	1	3	4	3	2	2	4	4	4	3	4	4	4	3	3	3	3	3	1	0
10050018	5	2	5	4	5	1	2	3	5	1	4	1	1	3	1	4	4	1	1	3	1	1	1	3	1	5	1	2	1	5	4	4	1	2	3	2	5	4	3	5	1	3	5	4	5	1	2	1	2	2	3	1	5	3	1	4	3	1	2	1	5	1	1	2	2	5	2	3	5	5	4	4	2	3	4	3	2	1	3	4	1	1	0
10050024	3	4	2	2	2	3	3	3	3	3	3	3	3	3	3	1	3	5	3	3	3	5	4	5	5	3	3	2	2	4	5	3	5	5	4	5	1	2	4	4	3	2	3	3	3	4	4	4	4	5	3	4	2	3	4	3	4	4	4	3	4	5	3	4	5	2	5	1	3	4	5	3	4	1	1	5	2	2	5	5	4	1	0
10050025	5	2	5	5	3	2	5	4	5	3	3	1	1	3	2	4	1	1	5	5	5	3	4	4	2	2	1	2	1	5	5	5	2	4	4	3	4	3	3	3	4	5	5	2	2	1	3	1	2	4	3	5	2	4	5	2	2	3	5	1	5	4	1	1	3	5	4	3	4	4	2	4	3	2	4	5	5	4	5	4	4	1	0
10050027	4	4	2	3	2	3	2	4	3	5	2	2	2	3	2	2	2	1	3	3	1	4	3	3	4	3	3	4	3	4	3	4	3	4	4	5	2	2	3	2	4	3	3	3	2	2	2	3	3	4	4	4	4	4	3	3	4	2	4	3	2	2	2	2	3	3	3	2	3	2	2	3	2	3	1	4	3	2	4	3	4	1	0
10050028	4	3	4	4	1	4	5	3	4	1	3	3	3	2	3	5	5	3	3	2	3	4	3	4	5	3	3	2	1	1	5	2	3	5	5	3	1	5	3	1	3	1	3	4	1	4	3	2	5	5	5	4	1	4	5	1	4	4	3	3	5	5	4	2	3	3	5	1	1	3	3	5	3	2	2	3	5	5	3	1	5	1	0
10050030	-99	-99	-99	-99	-99	-99	-99	-99	-99	-99	-99	-99	-99	-99	-99	-99	-99	-99	-99	-99	-99	-99	-99	-99	-99	-99	-99	-99	-99	-99	-99	-99	-99	-99	-99	-99	-99	-99	-99	-99	-99	-99	-99	-99	-99	-99	-99	-99	-99	-99	-99	-99	-99	-99	-99	-99	-99	-99	-99	-99	-99	-99	-99	-99	-99	-99	-99	-99	-99	-99	-99	-99	-99	-99	-99	-99	-99	-99	-99	-99	-99	1	0
10050032	4	3	4	3	4	2	3	2	4	4	4	2	3	4	3	4	3	3	3	3	3	3	1	4	2	5	2	3	2	3	3	2	3	3	2	4	2	3	3	2	3	2	2	3	3	3	3	2	4	3	5	2	3	2	4	1	1	2	2	4	4	2	2	3	3	2	4	2	2	4	4	4	3	1	3	2	1	3	4	3	4	1	0
10050035	3	2	3	2	3	3	3	3	4	4	3	3	3	2	4	3	4	3	3	3	3	4	4	2	4	3	3	3	4	3	4	3	3	3	4	4	4	3	3	4	2	3	2	3	3	3	3	4	3	3	3	3	4	3	3	3	3	4	3	4	3	3	3	3	3	3	3	3	3	3	4	3	3	3	3	3	4	3	3	4	3	1	0
10050039	4	3	2	2	1	3	1	3	5	3	4	3	1	3	1	2	4	2	1	3	1	5	4	4	4	2	2	3	1	5	5	4	3	4	1	4	1	4	4	3	1	4	3	3	4	2	2	2	2	4	1	4	2	5	4	4	3	3	4	2	2	3	2	3	4	2	3	1	4	1	4	2	2	1	1	3	4	4	3	4	2	1	0
10050040	3	4	4	3	3	2	3	2	3	2	3	3	4	2	4	2	3	2	4	2	3	2	2	2	3	4	1	4	2	2	3	1	4	3	2	5	2	3	3	2	2	2	1	4	2	2	4	2	4	3	4	3	1	3	2	2	1	2	2	1	4	2	3	2	4	4	3	2	2	4	2	4	2	2	4	2	3	2	2	4	3	1	0
10050046	5	4	3	5	1	4	1	3	5	1	5	3	1	5	1	1	5	1	1	3	2	5	1	5	5	5	2	1	1	5	5	4	5	5	5	4	1	3	5	3	3	3	4	3	2	3	1	3	3	5	2	4	5	5	4	3	4	1	3	1	4	5	2	1	3	3	5	1	4	3	5	4	3	1	2	5	5	3	5	5	3	1	0
10050047	5	4	2	5	2	4	4	3	5	1	5	3	1	5	1	3	4	3	2	5	3	4	4	5	4	2	3	3	1	3	5	5	4	4	3	4	1	3	5	3	2	3	3	4	2	3	1	3	1	4	5	5	1	4	4	2	4	2	2	2	1	3	1	3	4	2	5	2	4	2	4	4	3	1	4	4	4	3	4	5	5	1	0
10050048	5	4	4	2	1	5	3	3	3	4	3	3	3	3	3	3	1	4	2	3	4	1	3	3	4	5	3	2	1	5	5	1	4	3	1	5	2	2	4	2	3	1	3	5	2	4	4	2	3	4	4	3	3	3	3	3	1	1	2	5	1	2	2	2	3	3	3	3	4	2	2	5	2	2	5	2	4	2	4	4	3	1	0
10050054	3	3	5	2	2	3	1	2	3	4	5	4	2	5	3	3	4	1	3	3	3	4	4	4	4	5	1	4	2	2	3	3	3	4	3	3	2	3	3	1	3	2	4	2	4	1	4	2	5	3	5	4	1	4	2	2	4	2	3	3	3	3	1	3	3	5	3	2	1	5	4	2	1	5	1	3	2	2	4	5	3	1	0
10050056	4	4	1	5	1	4	1	4	4	3	4	4	2	2	3	2	3	2	2	3	3	2	4	5	4	2	3	2	3	2	4	5	4	4	4	4	1	4	4	4	1	4	1	5	4	3	2	4	2	4	1	5	4	5	5	4	4	4	4	4	2	4	2	1	5	2	4	2	4	1	5	2	3	2	4	5	5	4	2	5	5	1	0
10060001	5	5	1	4	1	5	2	5	5	5	2	3	1	4	1	3	4	3	1	5	3	3	3	5	5	2	5	1	2	5	5	5	4	5	5	5	3	3	5	3	1	5	2	3	4	3	5	5	1	5	1	5	5	5	5	4	5	3	5	2	2	5	2	2	5	4	5	1	1	1	5	3	2	1	3	5	5	4	3	5	5	1	0
10060003	4	4	1	4	1	5	4	3	5	1	4	3	5	5	3	1	3	4	1	3	1	4	5	5	5	2	3	3	3	4	5	4	4	5	4	5	2	4	4	4	2	3	2	3	4	4	1	3	2	4	2	5	4	4	4	3	4	4	4	3	1	4	2	2	5	2	5	2	4	2	3	4	4	1	4	5	5	4	3	5	5	1	0
10060004	5	2	1	2	2	4	4	4	4	3	4	4	5	5	2	4	3	2	3	4	4	2	3	5	2	4	5	4	5	5	5	3	2	3	4	3	3	3	5	5	2	5	3	5	5	5	3	4	1	4	1	4	5	5	4	3	5	1	4	5	3	3	3	4	3	2	4	3	5	1	2	4	3	3	2	3	5	4	5	4	5	1	0
10060005	5	5	3	4	1	5	4	5	5	2	5	3	2	5	1	1	5	5	2	1	4	1	5	5	4	2	2	2	3	2	5	5	5	5	5	5	4	4	5	4	1	4	1	4	5	3	1	4	1	5	2	5	5	5	5	4	3	3	5	4	2	4	3	3	5	3	5	1	4	3	5	5	5	2	5	5	4	5	3	5	5	1	0
10060008	5	3	1	3	1	2	3	5	5	1	5	5	5	5	3	3	3	1	5	5	4	3	2	5	4	5	5	5	3	4	5	5	3	5	4	3	3	5	5	2	3	3	4	5	5	5	4	5	3	5	1	5	5	3	5	4	5	4	5	2	5	4	5	5	3	2	5	3	5	4	3	5	1	1	3	2	5	4	5	5	5	1	0
10060010	3	3	4	3	4	2	1	1	3	3	3	4	2	2	3	4	3	2	4	3	1	4	1	2	2	4	2	1	1	4	3	2	2	3	1	3	2	1	3	2	4	2	3	2	2	1	4	3	3	2	5	3	2	2	3	2	2	1	1	1	3	2	2	2	2	5	2	3	2	3	3	1	1	3	2	2	4	1	4	3	3	1	0
10060011	5	3	1	3	1	5	3	5	4	1	5	1	3	5	1	1	3	3	2	2	3	2	3	5	5	3	4	3	3	4	5	3	3	4	4	3	3	5	4	4	1	2	1	5	3	5	3	2	1	3	2	5	2	4	2	4	3	2	4	3	3	2	2	3	3	1	3	1	3	2	2	5	3	1	1	5	3	3	3	5	3	1	0
10060013	3	3	3	3	2	3	1	2	3	2	3	2	2	3	2	5	3	1	3	3	1	3	2	4	3	3	2	3	2	3	2	5	3	3	2	3	1	3	2	2	2	3	3	3	2	2	2	2	2	3	3	2	2	3	5	2	4	4	2	2	4	5	3	2	3	4	4	2	2	2	3	3	2	3	2	3	5	3	3	3	3	1	0
10060015	3	2	5	3	2	3	1	3	3	1	5	2	1	3	4	5	3	4	4	5	3	2	1	3	4	3	2	3	4	4	5	4	4	5	4	3	2	4	5	4	2	4	5	4	5	1	2	3	4	3	2	3	4	2	5	2	2	3	2	4	3	3	2	2	2	2	4	3	3	2	3	5	3	3	2	2	3	4	4	5	4	1	0
10060016	3	3	1	3	1	4	2	3	3	4	3	3	3	3	4	3	3	3	4	3	3	2	4	4	3	1	3	3	2	2	3	2	2	3	3	2	4	3	3	2	2	4	2	2	4	3	2	3	1	5	1	5	2	3	5	3	5	5	4	3	4	5	5	3	5	5	5	1	5	2	2	3	3	2	2	5	5	5	4	5	4	1	0
10060017	4	4	4	4	2	3	2	3	4	4	3	4	2	4	3	4	4	2	4	4	2	3	3	3	3	2	3	4	3	3	4	3	4	3	3	4	2	3	4	3	4	4	3	4	3	3	3	3	3	3	4	3	3	4	3	3	3	3	3	4	2	3	4	3	3	3	4	2	3	2	3	4	3	3	3	2	4	4	3	3	3	1	0
10060018	4	5	1	5	1	5	4	4	4	5	4	4	3	5	1	1	3	5	3	3	3	3	5	5	5	1	4	3	4	3	5	3	5	5	5	5	3	4	5	4	1	3	1	5	3	5	2	5	1	5	1	5	4	5	4	4	5	3	4	5	1	5	2	5	5	2	5	1	4	2	5	5	5	1	5	5	5	5	1	5	5	1	0
10060021	5	5	1	4	1	4	4	4	4	3	3	3	5	5	4	2	4	5	1	3	4	3	5	5	4	2	4	4	4	3	4	3	5	3	4	4	3	1	2	2	4	3	2	2	3	4	1	3	4	4	5	4	4	3	5	1	4	4	3	4	2	5	4	4	4	2	2	2	3	2	3	2	4	2	4	4	4	4	3	4	4	1	0
10060025	5	3	1	3	1	4	2	4	4	5	4	1	3	5	1	5	3	3	3	3	1	4	3	5	4	3	3	3	2	4	4	5	3	4	3	3	1	2	4	5	3	3	3	3	4	4	2	2	2	5	3	4	2	5	5	3	4	1	2	2	4	3	2	2	4	4	5	2	5	2	4	3	2	3	2	3	4	3	4	5	5	1	0
10060026	4	3	2	3	2	3	4	3	3	3	3	3	3	3	3	2	3	3	3	3	2	3	3	4	4	2	3	3	3	3	4	4	3	3	3	3	2	3	3	3	4	3	3	2	3	4	2	3	3	4	2	4	4	4	4	3	4	4	3	4	2	4	2	4	5	2	4	2	3	3	4	4	3	2	3	4	5	5	4	4	4	1	0
10060029	4	4	3	3	3	3	5	4	4	2	4	4	4	5	3	4	3	3	3	3	4	4	4	4	3	3	3	4	3	3	4	4	4	3	3	4	3	3	2	3	2	4	3	3	3	3	3	3	3	3	1	4	4	3	4	4	5	3	3	4	3	3	3	3	4	3	5	2	3	3	5	5	3	3	3	3	5	4	3	4	4	1	0
10060032	5	4	2	5	4	4	4	4	4	3	4	2	4	4	3	3	3	3	5	4	3	3	3	5	4	4	4	4	3	4	5	5	4	4	4	4	2	4	5	3	2	5	4	4	3	4	2	1	3	5	3	5	4	5	5	5	4	4	5	4	2	5	2	2	4	4	5	2	4	2	4	5	4	2	3	4	5	3	5	5	4	1	0
10060033	5	4	2	3	2	5	2	5	5	3	4	2	3	3	1	4	4	1	2	3	2	3	3	5	4	2	4	3	1	3	4	5	4	4	4	5	2	4	4	3	2	4	3	4	5	3	2	3	1	5	5	5	2	5	5	4	5	5	4	3	3	5	3	4	5	4	5	2	5	3	5	3	3	1	2	5	5	5	5	5	5	1	0
10060034	4	2	4	4	3	2	3	4	4	1	4	1	2	4	4	4	2	2	3	2	3	4	2	5	2	5	2	4	2	4	3	5	2	3	3	2	2	3	3	2	3	4	4	3	5	2	4	2	3	3	5	3	3	3	5	2	4	4	4	2	4	4	1	2	3	4	4	2	3	3	3	4	2	3	2	1	4	4	5	4	4	1	0
10060035	4	3	4	4	3	2	2	4	4	3	3	2	2	3	3	4	3	2	4	3	2	3	1	3	2	5	2	3	2	4	4	4	3	3	3	2	3	3	4	2	2	4	3	4	2	2	4	3	3	4	5	4	2	4	4	2	3	3	5	3	3	5	2	4	3	3	4	4	3	2	3	2	1	2	1	2	3	4	5	3	2	1	0
10060036	5	3	2	3	2	5	2	4	5	2	4	4	2	5	3	2	3	1	3	3	2	2	2	5	3	4	3	3	1	5	5	4	3	4	3	4	2	3	4	3	2	5	3	4	4	3	3	5	3	5	4	4	5	5	5	4	5	3	3	2	1	3	4	3	3	3	4	2	3	2	4	4	1	1	1	3	5	5	4	5	3	1	0
10060039	4	5	2	3	2	3	2	3	4	5	4	3	2	5	3	2	3	3	1	3	2	5	3	5	4	3	2	3	1	5	3	3	4	4	4	5	1	4	4	3	3	3	2	3	3	3	3	4	2	4	1	4	2	4	4	4	3	3	3	2	2	3	3	3	4	2	4	2	4	3	4	3	3	3	3	4	3	2	4	5	5	1	0
10060041	5	3	1	4	2	5	5	5	5	2	4	3	5	3	3	4	5	2	5	3	5	2	4	4	5	2	5	3	4	3	5	3	5	4	4	3	4	5	4	3	2	5	3	5	4	5	2	5	2	4	1	4	4	5	5	2	5	2	5	4	4	4	2	5	5	3	5	2	5	2	5	5	3	2	3	4	4	4	4	5	5	1	0
10060043	3	3	4	4	3	4	2	2	4	2	4	4	2	4	4	3	3	3	3	4	2	3	3	3	3	3	2	3	2	4	4	3	3	4	3	3	3	2	3	3	3	3	4	3	3	3	4	3	4	3	4	4	2	3	3	3	3	3	2	3	3	2	3	3	3	3	3	3	3	3	3	2	3	3	3	3	3	2	4	3	4	1	0
10060044	5	4	2	3	2	4	3	3	3	2	4	4	2	4	2	2	4	3	1	4	3	3	3	4	4	3	2	3	2	2	4	2	3	4	2	4	2	4	4	4	2	3	3	4	2	2	2	4	2	4	2	4	2	5	3	2	4	2	3	2	2	3	4	3	5	4	4	2	4	3	4	4	3	2	3	4	4	2	3	5	5	1	0
10060045	5	5	2	4	2	4	3	4	4	2	4	4	4	4	2	3	3	3	1	3	2	4	4	5	4	3	3	2	3	4	3	4	3	4	2	4	2	3	4	3	2	3	2	4	4	4	3	3	3	5	4	4	2	4	4	3	4	4	3	3	2	4	2	2	4	2	4	2	2	2	4	4	4	3	4	4	4	4	3	4	4	1	0
10060046	2	2	2	2	3	4	4	4	4	4	3	3	3	4	4	4	4	3	3	3	3	4	4	3	3	3	3	3	2	4	4	3	3	3	3	4	3	3	4	4	2	4	3	4	2	2	2	3	3	4	2	4	4	4	4	4	3	4	3	2	3	3	2	4	3	4	5	4	4	3	3	4	3	1	3	5	4	4	4	2	2	1	0
10060048	4	5	1	2	1	4	2	3	4	5	5	4	3	5	2	2	4	4	1	2	3	2	4	5	5	2	3	2	2	1	4	2	5	5	3	5	2	2	4	3	2	5	1	4	4	4	2	5	3	4	3	4	1	4	3	4	5	3	3	3	1	3	4	3	4	1	4	1	4	2	5	3	4	1	3	4	3	3	1	5	5	1	0
10070001	4	4	3	4	1	3	1	4	4	5	3	3	2	2	3	3	2	1	2	4	2	5	1	3	3	3	2	5	1	1	3	5	3	4	3	4	1	2	3	1	2	5	2	3	3	2	5	2	4	4	5	5	1	4	5	2	5	3	2	1	2	3	5	1	2	3	5	2	2	2	3	3	1	2	1	4	4	5	3	4	4	1	0
10070006	3	4	3	4	3	2	1	2	3	1	3	2	2	3	3	3	3	1	3	5	3	3	1	3	3	4	3	3	2	5	3	1	3	3	1	2	2	2	3	2	5	1	3	3	1	3	3	2	3	3	5	2	3	5	3	1	1	1	3	3	3	1	3	1	5	2	4	1	4	3	2	2	1	3	1	1	2	3	5	5	3	1	0
10070007	4	5	1	2	1	4	3	4	4	4	3	4	4	4	2	1	4	2	3	2	2	4	4	4	4	2	3	2	3	5	4	4	4	5	4	4	2	3	4	3	3	4	2	4	3	4	2	4	3	4	3	4	2	4	4	4	3	5	4	2	2	5	3	2	4	2	5	2	4	3	4	4	3	2	3	4	4	4	4	4	5	1	0
10070009	4	2	2	2	2	3	2	3	4	1	5	2	5	5	1	3	2	2	2	5	1	3	3	5	3	4	4	4	2	5	5	4	3	5	5	4	2	3	4	5	2	5	4	4	5	4	3	3	2	5	2	4	3	5	4	1	5	1	4	1	2	4	2	1	4	3	5	3	5	1	3	3	2	1	2	4	5	4	5	5	5	1	0
10070010	4	3	3	3	2	3	3	3	3	3	3	2	2	3	2	2	3	2	2	4	1	3	2	3	1	3	1	3	1	3	4	3	1	4	2	4	2	3	3	3	2	3	2	4	3	1	3	1	2	4	3	3	3	4	4	2	4	3	2	1	3	2	2	1	3	4	4	2	4	2	3	2	2	2	1	3	3	3	3	3	2	1	0
10070013	4	5	3	4	1	4	1	4	3	5	5	5	3	5	2	2	4	2	2	5	4	2	4	5	4	5	3	5	2	4	5	3	3	4	4	5	3	5	5	3	3	4	3	3	3	4	3	5	4	4	5	4	4	5	4	3	5	3	4	3	4	3	3	3	4	3	3	1	3	3	4	3	2	1	4	5	3	4	3	5	3	1	0
10070016	2	4	3	3	2	2	2	4	4	4	3	2	2	3	3	4	3	2	4	3	3	5	2	4	3	5	1	3	2	4	3	4	3	4	4	5	1	4	4	3	3	2	3	4	2	1	4	2	2	4	4	5	2	4	5	4	2	2	2	3	3	4	2	2	3	2	3	2	4	3	4	4	3	4	3	4	2	5	4	3	3	1	0
10070018	5	4	3	3	1	4	4	2	4	2	2	4	4	4	2	2	4	3	3	1	2	2	3	5	4	3	2	2	2	4	4	3	2	5	3	4	2	4	4	3	3	4	1	5	4	5	2	3	2	5	2	4	2	2	5	3	3	3	2	3	2	3	2	1	5	4	2	2	2	3	5	5	2	2	5	4	2	3	2	5	2	1	0
10070022	3	3	2	2	3	2	3	3	2	3	3	3	2	3	3	2	4	2	3	2	3	3	4	5	3	3	3	3	3	3	4	3	3	3	4	3	2	3	3	3	2	3	2	2	3	3	3	3	4	3	4	4	3	4	3	4	3	3	3	3	3	3	3	3	3	2	3	1	4	5	4	2	1	3	3	1	3	3	4	3	4	1	0
10070023	5	3	1	4	2	4	3	5	5	1	5	5	4	5	2	2	4	3	1	5	1	4	5	4	4	2	4	2	3	4	4	5	4	4	5	5	1	4	5	4	2	5	2	5	4	4	2	4	2	4	2	5	3	4	4	4	4	5	5	2	2	5	4	3	4	2	4	2	4	3	4	2	3	2	3	4	4	5	4	5	4	1	0
10070025	2	3	1	1	2	5	1	5	1	1	3	3	2	4	3	2	5	2	3	3	1	3	3	3	2	2	1	1	1	5	5	2	3	5	5	5	1	5	5	3	1	5	3	5	2	1	1	2	2	3	1	4	5	5	2	4	4	3	5	1	1	1	4	1	5	1	3	2	4	2	3	2	3	2	2	5	1	1	4	4	3	1	0
10070029	4	3	3	3	3	2	2	2	3	4	3	3	3	3	3	3	3	3	3	3	2	2	2	3	2	4	2	3	1	3	3	3	2	3	2	4	2	3	3	2	3	2	3	3	3	2	3	3	3	3	5	3	2	3	3	3	2	1	2	2	4	2	2	2	2	3	3	3	2	4	2	2	2	2	2	3	3	3	3	3	3	1	0
10070030	3	4	2	4	3	4	3	3	4	4	4	3	3	5	2	3	2	2	2	2	3	3	3	5	3	4	3	3	2	4	4	5	2	4	4	4	2	2	2	3	4	4	2	3	3	2	3	3	2	4	2	4	3	2	5	2	2	4	5	2	4	4	1	2	3	2	4	2	3	2	2	4	3	3	3	4	3	3	2	2	4	1	0
10070031	5	3	3	3	1	5	1	4	5	1	2	2	5	5	2	5	3	2	1	5	1	5	4	5	5	5	5	5	1	5	5	5	3	5	3	3	2	2	5	5	5	3	5	5	3	5	3	2	3	4	5	3	5	5	3	1	3	2	3	1	5	5	1	5	5	3	5	3	5	5	2	5	2	2	5	5	5	5	5	5	5	1	0
10070032	4	5	1	4	1	4	2	4	4	2	4	4	5	5	2	1	4	5	1	3	2	4	3	4	4	2	4	3	3	4	4	3	5	5	4	5	1	4	4	4	2	3	2	4	4	5	2	4	2	5	2	4	3	4	4	4	4	3	4	5	1	4	2	5	5	3	5	1	5	2	4	4	3	2	3	4	4	4	2	5	4	1	0
10070035	4	4	4	4	3	4	4	4	4	1	3	4	1	4	1	2	4	3	3	4	4	4	5	5	5	5	5	5	1	5	5	3	5	5	5	5	5	2	5	5	5	5	4	1	5	1	5	5	1	5	5	5	5	5	5	5	5	5	5	5	1	5	5	1	3	1	5	3	5	2	4	4	5	1	5	3	3	2	5	5	5	1	0
10070036	5	4	2	3	2	4	1	2	5	4	5	5	3	5	1	1	5	1	2	4	1	5	5	5	5	3	3	2	1	3	5	5	4	5	3	5	1	3	5	3	4	5	3	4	5	5	3	3	2	4	5	5	2	4	4	4	5	1	3	1	1	3	3	3	2	2	5	1	4	2	5	3	2	2	2	4	4	4	4	5	5	1	0
10070042	4	4	4	3	3	4	2	4	4	4	4	4	3	5	2	2	3	2	3	4	3	3	3	5	4	3	3	2	2	4	4	4	4	4	4	4	1	4	4	4	4	2	4	5	4	2	3	4	4	4	3	4	3	3	4	4	4	2	3	3	2	3	3	2	4	3	4	2	4	4	4	2	3	3	3	4	2	3	4	4	4	1	0
10070045	4	3	4	4	2	3	2	4	3	2	4	2	2	2	3	3	4	2	3	5	2	3	2	4	2	3	2	2	2	4	4	5	3	4	3	2	2	4	5	3	2	4	4	4	4	2	2	2	3	3	3	3	2	4	5	2	5	4	3	2	3	4	2	2	3	4	4	3	3	2	2	2	2	2	2	4	4	4	4	4	3	1	0
10070046	5	4	2	5	3	4	3	4	4	1	4	4	4	4	3	3	5	1	3	3	2	3	2	4	3	5	3	3	1	4	3	3	4	3	4	2	1	4	4	1	5	3	3	2	5	4	4	5	3	4	5	4	3	3	4	2	4	3	4	1	3	4	3	2	2	3	4	1	5	3	2	1	2	3	2	3	4	2	4	5	2	1	0
10070047	5	3	2	3	2	3	2	4	4	2	4	3	1	4	1	2	3	2	2	3	1	2	3	3	3	3	2	3	2	3	5	3	3	3	3	4	1	3	4	3	2	2	2	4	3	3	3	2	2	4	4	3	3	3	4	3	4	3	4	1	2	3	3	2	4	4	3	2	4	2	3	3	3	2	3	4	3	3	3	4	3	1	0
10070048	5	5	1	5	1	5	1	5	5	2	5	5	5	5	1	1	5	5	5	2	2	5	5	5	5	1	5	5	5	5	5	1	5	5	5	5	1	3	5	5	2	5	1	5	4	5	3	2	1	5	1	5	2	5	5	5	5	5	5	5	1	5	5	2	5	1	5	5	5	2	5	3	5	1	5	5	3	4	1	5	4	1	0
10070049	5	4	4	4	2	3	3	5	5	3	5	3	3	5	3	2	4	4	2	4	2	4	3	5	3	3	3	3	1	4	4	4	2	4	4	4	2	4	5	3	2	3	3	4	3	2	4	3	3	4	5	4	4	4	4	3	4	3	5	2	3	4	3	4	4	2	5	2	4	2	4	3	3	2	3	4	4	4	4	5	5	1	0
10070050	3	3	3	3	3	3	3	2	3	3	3	3	2	2	2	3	3	2	3	3	2	3	3	3	2	3	2	3	2	3	3	3	3	3	3	3	3	3	3	3	3	3	3	3	3	2	3	2	2	3	4	3	3	3	2	4	3	2	2	2	3	3	3	2	3	3	2	2	3	4	3	2	2	2	2	3	3	3	4	3	2	1	0
10070051	5	5	5	5	1	5	5	5	5	3	5	5	5	5	2	1	4	4	1	4	5	5	5	5	4	1	4	1	4	2	5	4	5	5	4	5	2	4	5	4	2	4	3	4	4	5	2	4	2	5	4	4	3	4	4	5	5	4	4	3	2	4	4	4	4	2	4	1	4	2	4	4	4	1	5	5	5	5	4	5	5	1	0
10080001	5	2	1	4	1	5	3	3	5	4	5	3	5	5	1	1	4	3	1	2	1	5	5	5	5	2	5	3	2	4	5	5	5	5	4	5	1	3	5	5	5	5	1	2	3	5	2	4	1	5	1	5	4	4	5	5	5	3	4	3	1	5	3	5	5	4	3	1	5	2	5	5	4	3	3	5	3	4	2	5	5	1	0
10080004	3	3	4	4	2	4	3	4	4	4	4	3	3	4	3	4	3	3	4	4	3	2	4	5	3	2	4	5	3	4	4	4	3	3	4	3	3	3	4	4	3	2	3	3	3	3	2	3	2	3	3	4	3	3	5	3	1	2	4	3	1	4	2	4	4	3	4	3	5	4	3	2	3	2	3	4	4	2	5	5	5	1	0
10080005	4	5	4	3	1	1	1	1	1	1	3	5	1	4	3	3	3	1	3	3	1	3	2	5	1	4	1	5	1	4	4	1	1	3	3	1	1	1	2	1	2	1	3	2	1	1	1	3	3	4	5	1	1	1	1	4	5	1	1	1	1	1	1	1	1	3	1	1	3	3	1	1	1	1	1	1	1	1	3	2	1	1	0
10080006	5	5	5	5	5	5	5	5	5	5	5	5	5	5	5	5	5	5	5	5	1	5	1	5	5	1	1	1	5	5	5	5	5	5	5	5	1	5	5	5	1	3	5	5	5	5	5	1	5	5	1	5	5	5	5	5	1	5	1	1	5	5	5	5	4	4	4	2	5	2	5	5	4	3	4	4	4	4	2	3	4	1	0
10080009	5	5	1	2	1	5	4	5	5	4	5	4	5	5	2	1	4	5	1	2	2	3	4	5	5	2	5	1	4	5	5	5	5	5	5	1	3	5	5	5	4	5	2	4	3	5	2	5	1	5	3	5	5	5	5	5	5	5	5	4	1	5	2	3	5	2	5	1	5	1	5	5	5	1	5	5	3	5	5	5	5	1	0
10080016	5	5	1	5	2	3	5	5	5	3	5	5	5	3	1	5	4	2	3	5	5	1	2	5	5	5	5	5	5	5	5	3	5	4	5	3	4	3	5	5	3	5	3	2	5	4	5	5	1	5	3	5	5	5	5	5	5	5	5	5	4	5	2	4	3	4	5	2	5	1	2	5	2	5	3	2	5	2	5	4	5	1	0
10080017	4	4	1	5	1	4	5	4	5	5	5	2	5	5	5	1	2	4	3	5	5	1	5	5	4	2	4	2	3	5	5	5	5	5	5	5	5	5	5	3	1	5	3	4	4	4	4	2	2	4	2	5	2	4	5	2	5	2	4	4	4	5	2	1	5	4	5	1	4	1	2	5	5	1	5	5	5	5	4	5	4	1	0
10080018	4	4	3	3	2	4	4	3	4	3	4	2	2	4	4	2	4	2	2	2	1	4	2	5	4	5	2	4	2	4	4	4	3	4	3	3	2	3	4	2	2	2	1	4	4	3	3	3	3	4	5	4	2	3	4	1	2	2	3	2	4	3	2	3	3	2	5	2	1	3	4	3	1	2	2	4	4	3	3	5	5	1	0
10080020	4	4	2	3	2	4	3	3	3	2	3	4	4	4	4	4	4	4	1	4	2	5	5	5	5	2	4	2	2	3	5	1	5	4	4	4	2	4	4	4	2	5	3	5	3	5	2	4	3	5	5	5	4	5	4	3	4	4	4	1	1	4	4	2	4	2	5	3	4	2	3	3	3	3	3	5	5	1	5	5	5	1	0
10080021	5	5	1	4	1	5	5	4	5	3	5	3	4	4	2	1	5	4	1	1	3	2	5	5	5	1	4	5	3	2	5	5	5	4	5	5	4	5	5	2	1	4	1	5	4	5	2	1	2	5	1	4	3	5	3	4	4	5	5	3	3	5	2	4	5	2	5	1	4	2	5	4	4	1	4	5	5	4	2	5	4	1	0
10080022	4	4	1	3	1	4	2	4	3	4	4	4	5	5	2	2	5	4	2	2	1	3	4	5	5	1	4	2	3	2	3	4	4	4	4	5	2	4	4	3	1	3	1	5	4	5	2	5	1	5	1	5	3	5	5	4	4	5	4	4	1	5	4	4	5	2	5	1	3	2	4	4	4	1	4	4	4	4	2	4	5	1	0
10080024	4	4	4	4	2	4	2	4	4	5	3	1	2	4	3	4	4	4	4	1	2	4	2	4	3	5	2	2	2	3	2	3	2	4	2	3	1	2	3	3	3	4	3	3	3	2	2	1	2	4	2	3	3	4	3	4	4	2	4	2	4	2	1	2	4	5	4	2	4	3	5	4	2	2	1	4	4	4	4	3	4	1	0
10080025	3	3	3	5	2	3	4	3	5	4	4	5	2	2	2	2	3	3	3	3	3	3	3	3	3	4	3	4	3	5	4	5	5	4	4	5	2	3	5	3	4	3	3	2	3	2	3	3	2	4	2	3	3	4	5	4	2	3	2	3	5	5	5	3	3	2	5	3	3	4	4	3	3	2	4	3	4	4	4	3	3	1	0
10080030	3	3	3	3	2	3	3	4	3	2	2	3	2	2	3	3	3	3	3	3	3	2	2	3	2	4	2	3	2	3	3	3	3	3	3	3	3	2	3	3	3	4	3	2	3	2	3	2	3	3	4	3	3	3	4	2	3	4	4	2	2	4	2	1	2	3	5	2	3	4	4	5	3	4	3	3	4	2	3	3	3	1	0
10080032	5	4	1	5	2	4	4	3	5	3	3	2	5	3	1	1	3	5	2	4	1	2	4	5	5	3	3	2	2	3	5	4	5	4	5	4	2	2	3	3	3	5	3	3	2	4	1	3	2	5	4	5	4	3	5	3	5	3	5	4	1	5	2	1	4	2	5	1	4	1	3	5	3	1	5	4	3	5	4	4	5	1	0
10080035	4	4	3	4	2	3	3	5	5	2	5	2	4	4	2	2	2	4	2	3	2	2	2	5	3	3	3	3	2	4	5	5	4	4	4	4	4	3	5	2	3	3	3	3	4	3	2	3	3	4	4	4	3	3	5	2	4	2	4	3	3	5	3	2	3	2	5	2	3	2	4	4	2	2	2	3	4	4	4	5	5	1	0
10080036	4	3	2	3	3	4	1	3	4	3	4	3	2	3	2	3	3	3	3	3	1	5	5	5	5	3	5	3	2	4	5	4	4	5	4	3	1	3	2	3	2	5	3	4	2	5	3	3	2	3	1	5	3	4	3	4	5	2	5	3	4	3	3	4	5	3	4	3	5	2	3	3	3	2	2	5	3	3	4	4	3	1	0
10080039	5	4	1	3	3	5	2	5	3	1	5	1	3	1	1	3	3	1	2	3	2	2	1	5	5	3	3	1	4	5	4	5	3	5	3	4	2	5	5	1	1	5	2	5	5	4	4	3	1	2	1	5	2	4	5	3	5	4	5	3	4	5	4	3	5	5	5	3	3	1	2	5	1	3	1	5	5	5	4	5	5	1	0
10080040	4	4	4	3	3	3	3	3	3	3	4	2	2	4	3	4	3	2	3	3	2	4	1	4	4	4	2	4	2	2	3	3	4	4	3	4	2	4	3	2	2	2	2	4	2	2	3	3	4	3	5	3	2	3	4	2	2	2	3	2	3	2	2	2	3	3	5	2	2	3	3	4	3	4	2	3	5	4	3	3	4	1	0
10080048	4	5	2	4	1	5	3	3	5	5	2	3	4	5	4	2	3	5	1	4	2	2	4	5	4	3	2	2	1	4	5	5	4	4	5	5	4	2	5	1	3	3	2	4	2	4	3	4	5	3	5	5	1	4	5	2	4	5	2	1	1	5	3	2	5	3	5	2	1	2	4	5	3	2	4	4	4	5	3	4	4	1	0
10080049	5	3	2	4	1	3	5	5	5	3	4	2	2	2	1	3	5	3	1	3	2	2	5	4	2	4	3	2	2	3	5	5	3	4	4	4	4	3	5	2	3	2	3	3	3	2	2	2	2	5	4	5	3	5	5	3	3	4	4	1	2	5	2	1	3	5	5	3	4	4	4	5	4	1	5	2	4	3	4	5	4	1	0
10080057	4	4	3	4	3	3	3	3	3	4	3	2	3	2	2	4	3	2	4	4	2	4	3	4	4	5	4	4	3	3	3	4	3	3	3	3	2	3	3	3	3	4	3	3	3	4	4	3	3	4	5	4	4	3	4	4	4	3	3	2	3	3	2	4	3	4	4	3	3	3	3	3	2	3	3	3	4	4	4	3	3	1	0
10080058	4	3	4	4	2	2	3	4	4	2	5	3	1	5	3	3	4	2	2	3	2	3	1	5	2	5	2	2	1	3	5	5	3	3	3	3	2	5	5	1	2	4	3	5	3	2	3	3	3	5	4	3	2	3	4	2	3	3	2	2	3	4	1	1	3	4	3	3	2	2	2	4	1	2	1	3	5	3	5	5	5	1	0
10080059	4	3	4	4	3	5	3	5	5	1	5	1	3	5	2	3	3	4	3	5	4	5	4	4	2	1	4	4	4	5	5	5	4	5	5	4	2	3	5	5	2	4	4	3	3	3	2	2	2	4	2	5	5	5	5	4	5	4	5	3	3	3	2	2	3	5	4	3	5	2	4	5	4	3	3	2	4	4	5	4	4	1	0
10080061	4	5	5	3	1	3	1	3	5	3	5	3	1	5	3	2	4	2	2	2	1	4	3	5	3	4	2	2	2	4	4	3	4	5	4	5	1	4	5	1	2	4	2	4	5	1	4	3	2	4	3	4	2	5	4	4	2	3	4	2	3	3	2	2	4	3	4	2	3	2	4	3	2	2	2	5	5	4	2	5	3	1	0
10080062	5	5	2	5	1	3	3	3	5	5	5	5	4	5	3	1	5	5	1	2	3	4	3	5	5	2	2	3	2	3	5	4	2	5	5	5	1	4	5	2	2	3	1	5	2	4	1	5	3	5	4	3	2	4	4	3	5	4	3	3	1	4	2	4	5	2	4	1	3	2	5	4	3	2	4	5	4	4	2	5	5	1	0
10080064	5	5	2	4	1	5	4	2	5	5	4	4	3	5	1	1	4	5	2	4	2	2	5	5	5	2	4	2	4	3	5	4	5	5	5	5	5	5	5	2	1	3	1	5	3	4	2	4	2	5	3	5	2	5	5	4	5	2	5	4	2	5	2	2	5	2	5	2	5	2	5	5	4	1	2	5	5	4	2	5	5	1	0
10080066	5	5	3	5	1	4	2	4	4	4	3	3	4	5	2	3	5	4	5	4	2	3	3	5	5	5	3	4	2	3	5	3	5	5	4	5	2	3	4	4	3	5	3	3	3	4	2	4	1	4	4	5	4	4	3	5	5	2	4	4	4	3	5	3	3	3	3	2	5	3	5	4	3	3	4	4	4	4	5	4	4	1	0
10080068	4	5	2	4	2	4	3	3	3	3	4	4	5	5	2	2	2	2	2	4	3	5	4	5	4	2	4	3	4	3	5	4	4	4	4	4	1	4	4	3	3	2	4	4	2	4	3	4	3	4	4	4	2	4	4	2	3	4	3	3	2	4	3	3	4	2	5	2	3	3	4	5	2	1	2	5	5	3	4	5	4	1	0
10080071	5	5	1	2	1	4	5	4	4	2	4	3	4	5	4	2	3	4	3	4	5	2	5	5	5	2	4	5	3	5	5	4	5	3	3	5	2	4	4	2	2	5	1	4	4	5	2	4	3	4	4	3	3	4	5	2	4	2	4	4	1	4	3	2	4	2	5	2	2	2	5	4	4	1	3	3	4	3	3	4	5	1	0
10080073	4	2	3	4	2	5	2	4	5	3	2	1	2	3	3	3	5	5	3	1	2	4	5	4	4	3	2	2	1	5	5	2	4	4	4	3	2	3	3	2	2	4	5	3	1	4	2	1	4	4	4	4	1	1	5	3	5	5	3	1	5	5	4	1	4	5	5	3	3	4	5	5	4	3	3	5	5	5	5	2	4	1	0
10080074	4	4	2	3	2	2	2	3	4	2	5	4	2	5	3	4	5	4	2	2	2	4	4	5	3	3	3	2	2	3	4	5	4	4	4	4	2	3	4	2	2	5	3	3	3	2	2	4	2	4	5	3	3	5	5	4	4	1	4	3	5	2	3	2	4	2	4	3	3	2	4	4	5	2	4	4	5	3	5	5	5	1	0
10080076	4	4	3	5	3	3	3	3	5	4	5	2	3	5	3	2	3	2	2	3	2	2	3	5	4	3	3	3	3	4	5	3	3	3	4	3	3	4	5	3	3	3	2	5	5	2	2	4	3	5	5	5	3	4	4	4	3	4	3	3	3	2	3	1	4	4	5	2	4	3	2	2	2	4	3	4	4	1	5	5	5	1	0
10080077	4	4	4	3	2	3	2	2	4	5	4	2	3	5	3	3	4	2	2	3	1	4	3	5	4	4	2	3	1	2	5	2	4	4	4	5	1	2	4	2	3	4	3	2	2	2	4	2	3	4	4	3	2	3	3	4	3	2	2	2	2	2	4	2	4	4	3	2	2	3	4	4	3	1	4	4	3	3	3	5	2	1	0
10080081	5	4	2	4	1	4	4	4	4	2	2	3	4	5	3	3	4	4	2	2	4	4	4	5	4	2	4	2	3	2	4	4	4	4	4	4	3	4	2	3	3	4	2	3	4	4	3	3	4	4	2	4	2	4	4	4	4	4	4	3	2	4	4	4	2	3	4	1	3	2	4	4	3	2	4	4	4	4	3	4	4	1	0
10080084	3	4	1	3	2	3	2	3	3	4	4	4	3	2	3	2	3	3	1	4	3	4	3	5	4	2	2	4	1	3	5	3	3	5	4	3	4	3	3	3	3	4	3	3	2	3	3	2	2	3	1	4	2	5	5	2	3	2	3	3	2	5	4	2	4	4	5	1	3	3	4	1	1	3	2	3	4	5	4	4	3	1	0
10080088	4	3	2	4	2	4	2	4	4	2	4	3	2	3	2	3	3	3	2	4	2	3	4	4	4	2	4	2	3	4	4	3	3	4	4	4	2	3	4	4	2	4	2	4	4	3	5	3	2	4	2	4	3	5	3	4	4	3	4	3	2	2	2	4	5	3	5	2	5	4	3	4	3	3	3	4	3	2	4	5	4	1	0
10080090	5	5	1	4	1	5	1	1	2	1	5	3	3	5	1	1	3	2	1	1	1	3	3	5	3	4	4	2	1	2	5	3	3	5	3	5	1	4	5	3	1	4	1	4	5	3	1	3	1	5	4	5	3	4	5	5	5	2	5	2	1	5	3	2	3	4	3	1	5	1	3	3	3	1	2	4	2	5	2	5	4	1	0
10080091	3	2	4	3	3	3	2	4	2	4	2	2	1	2	1	4	2	1	3	5	2	2	2	2	2	3	2	3	1	4	3	4	2	4	2	2	2	3	2	3	2	4	3	2	2	1	2	3	2	3	4	3	3	3	2	2	4	2	3	2	2	3	1	1	3	4	3	3	4	2	2	3	1	4	1	2	3	4	5	3	2	1	0
10080092	5	3	3	2	2	3	1	2	3	1	5	3	3	5	1	3	4	2	2	4	1	5	3	5	3	5	3	3	1	4	3	3	3	5	3	4	1	3	5	3	1	3	3	4	3	4	2	3	2	5	3	4	3	4	3	4	5	3	3	2	1	4	2	3	4	3	5	2	3	3	3	3	1	3	3	3	3	3	4	5	1	1	0
10080101	3	3	5	5	4	2	3	5	3	4	4	2	4	1	2	4	3	2	3	3	3	3	1	1	5	5	1	5	3	2	5	3	2	2	4	3	5	5	5	4	1	5	3	4	2	1	4	3	2	4	5	4	5	5	5	5	5	5	5	5	4	5	5	5	2	5	5	3	3	5	5	5	5	5	5	1	4	2	3	3	3	1	0
10080103	5	4	2	3	1	3	4	4	4	2	5	4	2	4	1	1	5	4	1	3	1	5	5	4	5	2	3	3	2	3	5	4	4	4	5	4	1	5	5	2	2	3	2	4	3	3	2	4	3	4	3	3	3	4	4	4	3	3	3	4	2	3	3	4	4	2	5	2	3	2	4	5	4	1	4	5	4	4	4	5	3	1	0
10080106	4	4	2	3	2	4	2	3	3	5	3	3	5	5	2	2	4	4	1	2	1	4	3	5	4	3	4	3	3	3	3	3	4	5	4	4	1	5	4	2	3	3	2	4	4	4	2	3	2	4	3	4	3	4	4	2	4	2	3	3	2	4	2	3	4	3	5	2	4	2	5	5	4	2	3	5	4	5	3	4	5	1	0
10080107	3	5	3	4	3	5	2	4	5	2	2	3	4	3	3	4	2	3	4	4	3	2	1	3	2	4	4	4	3	4	4	4	3	3	4	3	3	2	2	4	3	3	4	2	2	2	3	2	2	4	2	3	4	2	4	2	4	4	4	4	4	4	2	4	3	4	4	4	4	3	3	3	3	4	3	4	4	4	4	2	4	1	0
10080109	4	4	2	5	1	3	4	4	5	4	5	5	3	5	4	1	2	1	2	4	2	2	4	5	4	3	3	3	3	1	5	4	4	5	4	4	3	3	4	2	3	3	3	5	5	3	3	5	4	5	5	5	1	4	5	2	4	3	4	3	1	2	4	3	3	1	5	2	2	2	4	4	2	2	3	3	5	4	4	5	4	1	0
10080110	5	4	3	3	1	3	5	3	5	2	5	4	3	3	2	3	5	5	3	4	3	1	4	5	4	3	1	5	1	4	5	5	5	5	4	4	3	5	5	1	1	3	1	5	5	5	1	5	3	5	3	5	5	5	5	4	1	1	5	2	4	3	1	5	5	5	5	1	3	5	5	5	5	1	5	5	5	5	4	5	5	1	0
10080111	5	3	1	3	2	4	3	3	4	2	3	3	2	2	2	2	3	2	3	3	2	1	3	3	2	2	3	3	3	4	5	4	3	3	3	3	3	4	4	4	2	3	3	5	4	3	2	3	2	4	1	4	3	5	4	4	4	2	4	3	2	3	2	3	4	2	4	2	4	2	3	3	2	3	1	3	4	4	4	4	2	1	0
10080113	5	4	2	2	1	3	4	3	5	3	5	2	3	5	1	3	3	2	1	3	3	4	3	5	5	3	3	2	2	4	5	4	5	5	4	5	1	4	5	3	2	3	2	4	4	4	3	3	3	5	4	5	3	5	5	4	3	2	3	5	2	4	2	3	5	3	5	2	3	2	5	4	5	1	3	4	5	5	4	5	5	1	0
10080114	5	4	2	5	3	4	5	1	5	2	5	4	5	4	2	2	2	3	3	5	1	4	2	5	5	2	4	3	1	5	5	2	5	4	3	3	1	2	5	5	5	3	4	4	4	4	3	5	2	5	1	3	2	5	5	4	3	1	2	1	3	3	2	3	4	3	5	3	5	4	4	5	3	1	2	4	5	3	5	5	5	1	0
10080115	3	5	4	4	1	3	4	4	4	5	3	5	4	3	1	4	3	5	3	3	1	5	3	5	4	3	3	2	2	3	4	3	4	4	4	5	1	3	4	3	2	2	3	3	3	5	3	5	2	4	3	4	1	4	3	3	4	1	3	1	3	2	4	1	3	3	2	1	2	2	4	5	5	1	5	2	3	3	3	4	5	1	0
10080123	2	2	4	3	3	1	2	3	1	4	2	3	1	1	2	4	2	2	4	3	2	3	2	2	2	5	2	5	2	3	2	2	2	2	2	2	2	2	3	2	4	2	3	2	2	2	4	4	3	2	5	2	4	2	2	2	2	1	2	2	5	2	2	2	2	3	4	3	2	4	2	3	1	3	3	2	2	2	4	3	2	1	0
10110005	5	5	3	3	1	3	3	5	5	2	5	3	4	5	2	1	2	3	1	3	1	3	3	5	3	3	3	3	1	4	5	3	3	5	5	5	2	4	5	3	3	3	3	3	3	5	3	4	2	5	1	5	3	5	3	3	5	2	3	2	1	2	4	3	5	1	5	1	5	3	3	4	3	1	3	4	5	5	3	5	5	1	0
10110011	4	1	5	5	4	1	1	4	4	4	4	1	1	5	2	5	2	1	4	5	1	4	2	5	4	4	2	2	1	5	5	5	2	5	5	4	2	1	5	4	3	5	5	2	2	1	3	1	4	4	5	4	2	3	4	2	4	3	4	1	5	4	1	2	3	5	5	3	4	1	4	4	2	2	2	5	4	4	5	5	5	1	0
10110015	5	5	3	5	2	5	3	4	5	5	5	1	5	5	1	2	3	4	2	3	3	3	5	5	5	5	3	3	2	4	5	4	5	4	4	5	2	3	4	3	1	5	3	4	3	5	2	2	3	5	4	4	3	5	5	4	4	2	3	3	2	3	2	2	5	5	4	1	3	2	4	5	4	3	3	4	3	4	3	4	5	1	0
10110017	5	3	3	3	3	2	1	2	3	1	5	1	2	5	3	2	4	1	2	5	1	4	1	4	1	3	2	2	1	4	2	4	1	4	2	2	2	3	5	3	3	3	4	3	3	2	2	3	3	3	3	3	2	3	3	2	3	1	2	2	3	2	2	2	3	3	2	3	2	3	3	3	2	3	2	3	2	2	4	5	2	1	0
10110026	3	3	3	2	3	2	3	2	3	5	4	5	1	3	3	2	3	1	3	5	1	3	3	5	4	4	2	3	1	5	5	3	3	4	3	4	1	2	4	1	5	3	2	3	1	1	2	5	3	4	1	4	3	5	3	1	1	1	3	1	1	2	5	1	3	3	2	3	3	3	3	4	1	1	1	3	5	3	5	5	5	1	0
10110030	3	3	3	3	3	4	5	2	4	2	3	3	5	4	2	2	3	4	3	4	2	3	1	5	5	3	4	3	1	4	5	3	3	3	2	3	2	3	3	1	3	2	4	5	4	5	3	4	3	3	5	3	3	3	2	2	2	2	2	3	2	5	3	2	3	4	3	3	1	3	3	5	3	2	2	3	3	2	4	4	5	1	0
10120002	4	5	2	3	1	5	4	4	4	5	3	2	3	5	2	2	5	4	2	3	2	4	4	5	5	3	3	2	3	2	4	5	4	5	4	5	1	3	4	4	2	5	2	3	3	4	2	2	1	4	5	5	2	4	5	5	4	5	4	4	4	5	1	2	5	3	5	1	5	2	4	4	4	2	4	5	5	3	2	5	5	1	0
10120004	4	4	2	3	2	3	3	3	3	2	4	4	3	3	3	2	4	2	2	3	3	4	3	5	4	3	3	4	3	2	4	4	4	4	3	5	3	3	4	3	2	4	2	3	4	3	3	4	3	4	2	4	3	4	4	3	4	3	3	4	1	3	3	4	4	2	5	2	4	2	4	2	2	3	2	4	4	3	3	5	5	1	0
10120007	4	3	4	2	2	3	2	4	3	3	4	1	1	5	4	5	3	2	1	5	1	4	2	4	2	4	2	4	3	5	5	3	2	4	5	3	1	3	5	4	3	3	4	3	4	2	3	2	3	4	2	4	2	4	4	5	3	3	4	2	3	3	1	2	3	5	5	3	5	3	3	1	2	1	2	3	4	4	5	4	4	1	0
10120010	4	4	2	4	1	4	2	3	4	2	4	3	4	4	3	2	2	3	3	2	2	4	2	4	4	4	2	3	3	3	4	3	4	4	3	4	2	3	4	4	2	3	2	2	4	5	2	2	3	4	1	4	3	3	3	3	3	3	4	4	2	2	3	3	5	3	5	2	4	3	4	4	4	2	1	4	4	3	4	4	4	1	0
10120011	5	5	2	4	1	5	5	4	5	3	5	5	3	5	3	1	3	5	1	4	2	2	5	5	5	1	4	3	4	3	5	5	5	5	4	5	3	5	5	2	3	4	1	5	5	4	1	4	3	5	3	5	2	4	5	4	4	5	4	3	3	4	3	2	5	2	5	1	4	3	5	5	4	1	5	5	4	5	3	5	5	1	0
10120014	4	5	3	4	3	3	4	4	4	5	3	1	4	4	2	4	4	3	2	3	4	4	4	4	4	4	3	2	2	5	4	3	3	3	4	4	3	3	4	3	4	5	3	2	3	4	2	1	3	3	4	4	4	4	4	4	5	3	4	3	3	4	5	3	5	4	4	2	4	1	4	4	4	4	2	4	5	4	4	5	4	1	0
10120016	3	4	3	4	3	4	3	4	3	4	3	3	4	4	3	2	3	3	3	4	4	2	5	5	5	2	5	2	3	3	5	2	5	4	4	4	4	4	3	4	2	4	2	4	3	5	2	3	3	4	2	4	3	4	4	4	5	4	4	4	2	4	3	4	5	2	4	2	3	2	5	5	4	2	5	5	4	4	3	4	4	1	0
10120017	4	3	1	3	1	5	2	4	3	3	4	4	3	4	3	1	3	2	4	3	1	5	2	4	5	1	4	3	2	3	3	4	3	5	3	4	1	3	4	5	4	4	3	3	3	5	2	4	3	4	2	4	3	2	3	3	4	1	3	3	1	1	5	4	4	2	4	2	4	2	4	2	2	2	1	3	3	3	4	4	4	1	0
10120018	2	1	4	4	5	1	1	2	1	1	3	3	1	1	2	5	4	1	5	5	1	5	1	2	1	5	2	5	1	3	4	2	1	4	3	1	1	3	4	5	3	4	4	3	3	1	4	1	3	1	3	2	3	3	1	2	2	1	3	1	3	1	1	2	1	3	1	5	3	3	3	2	1	3	1	2	3	1	5	3	1	1	0
10120029	4	5	3	3	1	5	3	2	4	5	4	5	5	5	2	3	1	5	2	2	1	5	4	3	3	3	3	3	3	1	5	2	5	4	2	5	1	3	5	3	4	2	1	4	5	3	3	5	3	4	1	5	2	4	2	4	3	2	4	3	1	2	5	3	4	1	4	1	3	4	5	5	5	1	5	2	1	2	1	5	4	1	0
10120031	4	5	3	3	2	3	1	3	3	3	4	3	1	4	4	2	3	1	1	3	1	5	1	5	3	5	1	4	1	3	3	5	3	5	5	4	1	3	4	1	3	1	1	3	3	1	3	4	4	5	5	5	3	4	5	3	3	5	3	1	3	5	3	1	3	3	5	2	2	4	3	2	1	1	1	3	4	4	3	5	3	1	0
10120033	4	5	2	4	2	3	4	3	4	4	4	3	2	4	5	3	3	2	3	4	2	4	3	5	4	4	2	5	1	3	5	4	4	4	3	5	2	3	4	1	3	3	2	3	3	3	4	3	5	4	4	4	2	4	4	1	2	3	2	2	2	2	2	2	3	2	4	2	1	4	4	4	3	3	2	4	4	4	3	5	5	1	0
10130002	5	4	1	5	1	4	4	3	4	4	4	4	3	4	2	2	4	3	2	2	2	3	4	5	3	2	4	3	2	3	5	3	5	4	4	5	3	3	4	2	4	4	2	5	4	5	2	5	3	4	5	4	3	4	4	3	4	2	3	2	1	3	2	2	5	2	3	1	3	2	4	5	4	1	5	4	3	3	4	5	5	1	0
10130008	2	2	4	3	3	2	2	4	2	4	2	2	2	2	2	4	2	2	4	4	2	2	1	2	2	1	3	2	4	4	3	2	1	2	4	2	2	2	2	4	2	5	3	2	1	2	4	4	2	2	2	3	5	2	5	4	5	5	4	4	4	4	1	3	2	5	4	4	5	2	2	2	2	4	2	4	2	2	3	2	4	1	0
10130010	4	3	3	4	3	3	2	3	3	3	4	3	2	4	3	2	3	2	3	4	3	4	4	5	4	3	3	5	2	3	4	4	3	4	3	3	2	4	4	3	3	2	2	3	2	2	3	2	2	4	2	4	4	4	4	2	3	2	4	2	4	3	4	2	3	3	4	2	4	3	3	2	2	2	2	3	3	3	4	4	4	1	0
10130011	4	4	2	5	2	4	2	4	4	4	4	1	3	4	3	2	3	4	3	4	3	4	3	3	4	3	3	3	2	4	4	2	4	4	4	4	2	2	3	3	4	3	3	2	4	3	2	2	3	4	4	4	3	3	3	3	2	3	4	3	4	2	4	3	4	4	4	2	3	4	4	4	4	2	3	4	4	3	5	4	4	1	0
10130018	3	5	3	4	2	3	4	3	4	2	3	2	4	4	3	5	2	3	2	4	5	3	3	5	4	3	3	4	1	5	5	4	4	5	4	4	4	3	4	4	4	2	2	3	4	3	4	5	3	4	2	5	2	3	4	5	3	2	3	1	2	2	2	3	4	4	4	2	5	3	5	4	2	5	2	4	3	3	4	4	5	1	0
10130019	5	3	4	4	3	4	3	4	5	4	5	3	2	5	3	2	5	3	2	3	2	4	4	5	5	2	4	4	4	5	4	5	4	5	5	4	2	3	5	3	4	2	4	3	5	5	2	3	3	4	3	5	3	3	4	5	3	3	4	5	2	5	4	4	4	3	4	3	4	3	4	4	4	3	4	4	4	4	4	5	5	1	0
10130022	4	4	4	4	2	2	4	2	2	2	3	2	2	2	4	3	4	3	3	1	3	2	2	3	3	3	2	4	1	2	4	2	2	4	3	3	3	2	2	2	4	4	2	2	2	3	2	3	5	4	5	3	2	3	3	3	3	2	4	1	5	3	3	4	2	4	2	2	2	3	4	4	2	2	4	2	3	3	4	2	4	1	0
10130023	5	5	1	5	1	5	3	4	5	5	4	5	5	5	4	1	3	5	1	1	1	5	5	5	5	1	4	2	5	5	5	5	5	5	5	5	1	5	5	3	4	5	1	5	3	5	1	5	3	5	1	5	1	3	5	4	5	5	5	5	1	5	5	5	5	1	5	1	4	1	5	5	4	1	5	5	4	5	1	5	5	1	0
10130024	3	3	4	3	2	3	3	3	3	3	3	3	3	5	4	2	4	3	3	3	2	3	2	3	4	3	2	2	2	3	4	2	3	4	4	4	2	3	3	3	2	4	3	4	4	2	3	3	3	5	5	4	3	3	2	3	3	1	3	3	1	1	4	3	3	2	2	2	4	2	4	4	4	2	4	3	2	4	4	4	3	1	0
10130025	4	5	4	3	2	3	2	3	3	5	3	3	2	3	2	3	4	2	2	4	3	4	3	5	3	4	2	3	1	3	3	3	3	4	3	3	2	2	3	3	3	2	2	3	4	2	4	2	3	3	5	4	2	3	5	3	4	2	3	2	1	4	3	3	3	2	4	2	3	3	3	3	2	3	1	3	5	4	4	4	5	1	0
10130026	5	5	2	3	2	4	3	2	4	5	4	5	2	4	2	2	5	5	1	3	2	3	4	5	4	2	3	2	2	3	5	4	5	4	4	5	3	4	4	3	2	3	1	5	4	3	4	3	2	4	2	5	2	5	4	5	4	3	4	2	1	3	2	4	5	4	3	1	4	3	5	3	3	1	3	5	3	4	3	5	5	1	0
10130028	4	4	2	4	2	4	3	3	4	3	4	4	3	4	4	2	4	2	2	3	2	4	4	5	4	3	4	3	3	4	4	4	4	4	3	4	2	4	4	3	3	3	2	4	4	4	4	4	2	4	2	4	3	4	4	4	4	4	4	3	2	5	3	3	4	2	4	2	4	3	4	3	2	1	2	4	5	3	3	5	4	1	0
10130031	4	4	3	3	2	3	3	4	5	4	3	3	2	5	3	3	4	4	3	3	4	4	3	4	5	4	3	3	2	4	5	3	4	5	3	5	2	3	4	2	4	3	2	3	4	4	3	3	2	4	4	4	4	4	3	5	3	2	3	2	3	3	2	3	3	3	4	2	4	4	4	4	4	2	4	3	3	4	3	4	3	1	0
10130032	4	1	3	4	4	2	1	3	4	1	3	4	2	2	3	2	2	1	4	3	2	3	1	4	3	4	3	3	2	4	3	5	1	3	3	2	2	1	1	2	2	5	4	2	2	2	5	3	3	3	2	4	5	3	5	1	4	3	3	2	2	4	4	3	1	3	4	4	2	2	1	4	1	2	1	2	5	4	5	3	4	1	0
10130033	5	5	1	1	1	5	5	5	5	2	5	5	5	5	1	1	3	4	2	1	2	5	5	5	5	1	5	4	3	4	5	4	5	5	3	5	1	5	4	2	1	5	1	5	5	5	3	5	1	5	1	5	3	5	4	5	5	2	4	2	1	4	4	3	5	1	4	2	5	1	5	4	2	2	2	5	4	5	3	5	5	1	0
10130034	4	5	2	3	2	3	4	3	4	5	3	5	2	5	2	3	3	4	2	2	2	3	3	4	4	3	3	4	1	3	5	5	4	5	4	5	3	3	4	3	2	3	2	4	3	3	4	4	3	5	4	5	3	3	5	4	4	4	5	1	2	4	3	2	4	4	5	1	4	1	4	5	3	2	3	5	5	5	3	3	5	1	0
10130041	5	3	4	4	2	4	4	4	3	1	3	2	2	4	3	4	3	3	4	4	2	2	4	5	2	4	2	4	3	4	4	4	2	5	3	3	2	2	3	4	2	4	4	2	2	3	2	2	2	4	4	3	4	3	5	2	4	4	4	3	4	5	2	4	3	3	5	3	3	2	2	5	1	5	4	3	4	4	5	3	5	1	0
10130043	4	4	3	3	2	3	3	2	4	3	5	4	2	5	3	1	4	3	2	4	1	4	4	5	4	4	2	3	2	3	4	3	4	4	3	5	2	4	5	1	3	2	3	4	3	2	3	4	3	5	4	4	2	4	4	3	3	3	2	1	3	4	2	1	4	3	4	2	2	2	4	5	3	1	4	4	4	3	4	5	4	1	0
10130045	4	3	3	5	3	3	3	3	5	2	1	2	2	1	4	2	3	4	5	4	5	3	4	2	3	3	2	4	2	4	5	5	5	4	5	4	5	1	2	2	4	2	5	2	3	2	5	2	3	4	5	4	5	3	4	2	3	3	2	3	4	2	5	2	3	5	4	3	1	4	3	5	4	2	5	3	1	3	4	2	5	1	0
10130047	5	3	1	4	2	4	5	3	4	4	3	5	5	3	3	5	4	4	3	2	4	4	2	5	5	3	5	4	3	2	5	5	3	4	4	5	2	3	4	2	2	3	2	4	5	5	3	4	3	5	5	5	4	3	5	4	5	3	4	3	4	4	4	3	4	1	5	2	4	3	4	5	2	2	3	4	4	2	4	3	5	1	0
10130049	3	3	3	3	2	3	1	3	3	2	3	3	1	4	4	3	2	2	3	3	1	4	2	4	3	3	1	4	1	5	3	2	3	4	4	3	2	4	3	1	2	2	3	3	3	2	3	3	3	3	3	3	2	2	3	3	3	1	2	1	4	2	2	2	3	4	3	3	2	4	2	2	1	2	1	3	3	2	3	3	3	1	0
10130051	3	4	3	3	2	3	1	4	4	4	5	3	3	5	1	3	3	2	3	3	1	5	3	5	5	4	3	4	3	3	4	4	4	3	3	5	1	3	4	3	4	4	3	3	4	3	3	4	3	4	2	5	3	3	3	3	3	2	2	3	1	4	2	3	4	2	5	2	3	3	4	3	3	3	3	3	4	4	4	4	5	1	0
10130052	4	4	2	4	2	4	3	4	5	5	5	4	4	3	4	3	5	2	2	5	3	4	2	5	4	4	4	4	2	3	4	5	4	4	3	5	2	3	2	3	4	5	3	3	4	4	4	5	2	4	4	4	3	4	5	4	4	4	2	3	3	5	5	3	5	2	5	2	4	2	4	5	1	1	3	5	5	4	3	4	5	1	0
10130053	4	3	2	5	2	4	4	2	3	5	3	4	3	5	2	1	3	2	2	2	2	3	2	4	5	4	3	3	3	3	5	2	2	3	3	3	1	1	3	2	3	3	2	2	2	4	3	3	3	4	1	3	3	3	3	2	4	2	2	2	1	2	3	3	3	2	3	2	2	2	4	2	2	1	3	3	3	2	3	4	4	1	0
10130057	5	5	1	4	1	5	1	5	5	5	5	3	4	5	3	1	4	3	1	3	3	3	3	5	5	1	3	3	3	3	5	3	3	3	3	3	3	4	3	3	3	3	1	5	3	5	3	3	3	5	3	3	3	3	3	3	4	3	5	3	1	3	3	3	3	3	3	1	3	3	3	3	3	3	1	5	3	3	3	5	3	1	0
10130059	4	4	1	4	1	4	3	4	2	3	3	4	3	5	2	2	2	4	2	4	2	4	4	5	4	2	3	3	3	3	4	2	4	4	4	4	2	3	4	4	3	4	2	4	4	4	2	5	2	5	2	4	4	4	4	3	4	4	4	4	3	4	3	4	3	2	4	2	3	2	4	4	3	2	5	4	4	3	3	4	5	1	0
10130060	5	5	2	2	1	4	2	2	5	3	5	4	3	5	1	2	5	2	2	3	1	1	2	5	5	3	4	3	1	4	5	4	3	4	4	4	2	5	5	4	1	5	3	5	1	5	5	4	3	5	4	5	2	5	5	3	5	5	2	2	1	5	2	5	4	3	5	2	4	1	4	4	4	1	2	4	4	5	4	5	5	1	0
10130061	5	5	2	5	1	5	3	4	4	3	4	4	4	5	2	1	5	3	1	3	1	5	5	5	5	2	5	5	2	2	5	4	5	5	5	5	1	4	5	3	2	4	2	4	4	4	2	4	2	5	1	5	2	5	4	3	4	3	3	2	1	4	3	3	5	2	4	1	3	2	4	3	3	2	4	5	3	2	3	5	5	1	0
10150001	4	4	1	2	2	3	2	3	5	3	5	4	2	5	1	2	3	3	1	4	1	3	3	3	3	2	2	4	2	3	3	5	3	4	3	4	2	4	4	2	2	2	3	3	4	2	2	2	2	4	3	2	2	2	4	3	4	3	4	3	2	3	2	3	3	3	2	2	3	3	3	3	3	1	3	3	1	3	3	5	3	1	0
10150006	2	3	2	2	2	4	2	4	3	2	4	4	2	5	2	2	4	2	2	2	2	4	2	4	4	4	3	4	2	2	4	3	2	5	4	4	2	4	4	4	1	4	2	5	4	3	2	3	3	3	5	4	3	4	2	2	4	1	4	1	3	3	5	1	3	2	2	2	3	2	3	4	2	2	2	4	2	2	3	5	5	1	0
10150011	4	3	5	3	3	1	5	1	1	1	3	5	1	1	4	5	3	4	2	5	1	5	1	1	1	1	2	2	1	4	3	3	2	4	3	2	2	3	2	5	1	3	5	3	2	4	3	3	2	5	5	1	3	3	3	2	4	3	1	5	3	1	1	4	3	3	3	1	3	2	1	1	3	1	1	1	2	2	5	3	3	1	0
10150012	4	4	3	4	2	2	2	3	4	1	5	4	2	5	3	3	4	4	4	3	1	4	2	5	3	5	2	5	2	3	4	2	3	4	3	5	2	2	4	3	4	1	3	1	3	2	4	4	4	3	2	3	5	3	4	3	4	1	2	4	2	1	2	4	3	4	2	2	2	4	4	3	3	1	3	2	4	2	4	5	5	1	0
10150013	4	4	1	5	1	3	1	3	5	1	5	3	2	5	1	4	2	2	1	5	1	3	4	5	4	2	4	2	3	5	5	5	4	5	5	5	5	5	4	4	5	3	2	4	5	3	3	2	3	3	4	3	2	3	4	4	5	3	3	4	3	4	3	3	4	4	3	3	3	4	3	3	3	3	5	5	4	3	3	4	3	1	0
10150014	4	5	2	5	2	4	1	3	5	3	4	4	2	4	1	2	4	3	3	1	2	5	2	5	3	2	1	3	1	2	5	3	5	5	3	5	1	4	5	3	3	3	1	3	5	3	4	5	2	5	1	5	3	5	5	5	4	5	5	2	1	5	1	3	4	3	4	1	4	2	5	4	2	1	4	3	3	4	1	5	2	1	0
10150022	4	4	5	4	3	3	3	3	3	3	3	3	3	3	3	3	3	3	3	3	3	4	1	4	2	3	1	2	1	4	4	4	4	4	3	3	1	4	5	4	2	3	3	4	3	1	3	2	1	5	2	4	3	5	4	3	5	3	4	3	3	2	2	2	3	4	2	3	3	2	4	2	2	3	2	4	5	4	5	5	4	1	0
10150024	5	1	3	3	2	1	1	1	5	1	2	1	3	5	3	5	2	1	1	5	1	5	1	5	1	5	1	2	1	5	2	5	1	2	1	2	1	4	4	1	1	2	5	4	1	1	3	1	3	5	3	2	2	2	5	3	3	1	2	1	1	5	3	2	2	5	4	4	2	3	3	2	1	4	1	2	5	3	5	5	5	1	0
10150029	5	5	2	3	1	3	4	3	3	1	4	2	3	3	3	3	3	2	1	2	4	2	4	5	3	1	1	2	2	3	4	1	4	2	3	4	4	3	3	3	2	4	1	5	1	3	3	4	2	2	2	2	2	3	2	5	2	4	2	1	2	5	2	2	2	4	4	3	3	3	4	5	2	2	3	5	2	1	3	4	2	1	0
10150030	4	4	3	3	4	4	3	2	3	3	3	3	3	3	3	3	3	3	3	3	3	3	3	5	4	3	4	3	3	3	3	4	3	4	4	3	2	4	4	3	3	3	2	4	3	5	3	5	3	5	1	3	2	4	3	4	3	3	3	3	3	3	3	1	5	5	2	2	4	3	3	3	3	3	3	4	4	4	3	4	5	1	0
10150032	4	4	2	4	2	2	2	4	4	1	4	3	1	4	2	2	3	1	2	4	1	1	3	3	4	2	2	2	2	4	4	4	3	4	4	3	4	3	4	4	1	4	4	4	2	1	1	4	2	4	1	4	3	3	4	4	4	3	4	1	1	1	2	4	4	3	3	3	4	2	3	2	1	2	2	4	3	2	5	4	4	1	0
10150036	4	4	3	3	3	3	3	3	3	2	3	3	3	3	3	3	3	3	3	3	3	3	2	3	4	2	3	3	3	4	4	3	3	3	3	4	2	3	3	3	3	5	2	5	2	3	2	3	3	4	3	4	3	4	3	4	3	2	3	2	3	3	3	2	3	4	5	2	2	3	5	5	5	1	2	4	2	3	2	3	4	1	0
10150039	4	5	2	3	1	3	4	3	5	4	4	2	3	4	2	4	4	5	2	3	4	2	4	3	3	3	3	2	3	2	4	4	4	4	3	4	4	3	4	3	1	4	2	3	3	3	2	3	3	4	4	4	2	4	4	3	4	3	3	4	3	3	3	4	2	3	4	2	2	4	4	4	3	4	3	3	2	3	3	3	4	1	0
10150050	4	5	1	5	1	5	5	5	5	2	2	5	4	5	2	1	5	4	1	2	3	2	4	5	4	3	5	2	2	1	5	5	5	4	4	5	3	4	3	5	2	5	3	4	4	5	2	5	1	5	2	5	3	5	5	5	5	4	5	1	1	4	2	2	5	1	5	1	5	1	5	5	4	3	4	5	5	5	3	4	5	1	0
10150056	5	5	2	5	1	5	5	3	5	3	5	4	3	5	1	2	4	4	2	3	5	1	3	5	5	3	3	5	4	3	5	4	5	5	5	5	5	4	5	5	5	5	3	4	5	3	3	5	2	5	1	5	4	3	5	5	5	1	5	4	1	5	5	3	3	3	4	2	4	1	5	1	2	3	2	3	4	4	3	5	4	1	0
10150057	4	4	3	3	2	4	2	4	5	3	4	3	2	4	3	1	5	3	2	3	2	3	4	4	4	3	3	2	2	3	4	4	5	3	4	5	1	3	4	3	3	3	3	3	3	3	3	4	3	4	3	4	2	3	5	2	3	4	3	2	3	4	3	3	3	3	4	3	3	3	4	4	3	2	5	4	4	4	3	4	4	1	0
10150058	5	5	2	3	2	3	4	4	4	2	4	5	4	4	3	4	3	2	2	5	2	4	3	4	5	4	3	3	3	3	4	3	4	4	4	5	2	4	3	4	3	5	2	5	5	5	3	5	3	4	2	4	5	5	4	4	4	3	4	4	1	2	2	4	4	3	5	1	4	3	5	4	2	3	3	4	4	3	5	5	4	1	0
10150059	4	4	3	4	2	4	2	4	3	2	4	3	2	3	2	2	4	3	2	3	3	4	5	3	4	3	3	2	2	2	4	3	4	4	3	4	2	4	4	3	2	4	2	4	3	2	3	3	2	4	4	3	3	4	3	4	4	3	3	2	3	2	3	3	4	2	4	2	4	3	4	4	4	2	4	4	4	3	3	4	4	1	0
10150065	4	3	3	3	1	4	2	3	4	4	5	2	1	5	3	5	3	4	1	4	5	3	5	5	2	2	2	2	2	4	5	5	4	5	4	4	2	5	2	4	1	3	3	4	4	1	1	4	2	5	2	4	2	5	5	2	5	3	4	1	3	4	1	1	5	3	4	2	4	3	4	2	2	2	3	5	4	5	4	5	5	1	0
10150066	2	3	4	2	2	3	3	2	4	1	3	3	2	5	3	4	5	2	4	5	1	2	5	4	3	3	2	2	2	3	2	4	4	3	4	5	2	2	3	2	1	5	2	3	5	2	4	3	2	3	4	3	3	5	3	4	3	1	3	2	4	3	2	3	3	4	2	2	4	3	4	2	3	2	4	4	4	1	4	5	4	1	0
10150075	2	2	2	3	2	4	2	2	3	2	3	2	2	2	4	5	5	2	4	4	2	4	2	3	3	5	3	3	2	3	4	2	2	2	2	4	2	2	3	1	4	4	3	1	3	3	3	3	3	4	2	3	3	2	2	3	3	1	2	2	3	1	2	3	3	2	2	2	2	3	3	3	2	1	3	3	4	3	4	3	3	1	0
10160076	4	4	3	4	4	4	3	4	4	2	4	3	1	4	2	2	3	3	1	3	3	3	3	3	3	3	3	4	1	3	4	2	3	5	4	4	2	3	3	3	3	3	2	4	3	2	3	3	3	4	5	3	3	3	3	4	4	2	4	2	1	2	2	2	4	2	4	2	5	4	4	3	3	2	2	4	3	3	4	4	5	1	0
10160079	4	4	3	3	2	2	3	3	3	3	3	2	1	3	3	2	3	3	2	3	2	3	2	3	3	4	2	3	2	3	3	3	2	3	3	3	2	3	3	2	2	2	2	3	2	2	3	3	3	3	5	3	2	3	3	2	2	2	2	2	2	2	3	2	3	3	3	2	2	4	3	3	3	2	4	2	3	3	3	3	3	1	0
10160080	4	4	3	3	3	4	4	2	3	3	3	2	4	4	4	3	4	2	3	3	3	3	3	4	3	3	3	3	3	3	4	4	3	3	3	4	2	3	4	2	2	3	2	4	2	4	2	3	4	4	5	3	2	3	4	2	3	3	2	3	2	4	3	2	3	5	4	2	2	5	3	3	3	2	2	3	4	3	3	4	4	1	0
10160083	4	3	3	4	3	3	3	2	4	5	4	3	5	3	2	3	5	3	4	2	2	4	2	3	5	4	2	2	1	4	5	3	4	4	3	5	2	3	4	3	3	3	3	3	4	4	5	4	3	4	5	3	3	3	3	3	3	2	2	1	1	2	3	1	3	3	3	2	3	3	3	3	2	1	2	3	3	4	3	5	4	1	0
10160084	5	5	2	4	1	4	4	4	4	2	3	1	3	3	2	4	3	5	2	2	5	1	5	4	3	2	2	2	1	4	5	4	5	4	3	5	3	2	4	3	1	4	1	4	2	2	1	2	1	5	5	4	4	5	3	3	5	2	4	1	3	2	5	1	5	5	4	1	4	1	5	5	4	1	5	5	4	3	2	4	5	1	0
10160087	5	5	2	3	1	5	4	4	5	4	4	2	3	5	3	2	5	4	1	2	2	3	4	5	4	2	4	3	2	2	5	3	5	5	4	5	3	5	4	3	3	2	1	4	3	4	3	3	3	5	5	5	3	4	4	2	4	1	4	1	3	4	3	1	4	3	5	1	3	3	3	5	4	2	4	4	4	4	2	5	5	1	0
10160088	4	5	1	4	4	2	3	3	4	4	2	2	2	2	5	4	4	2	1	3	2	3	4	5	5	4	4	4	4	4	5	3	3	3	4	4	5	4	4	3	3	4	1	5	5	3	4	4	2	5	4	5	4	3	5	3	2	4	3	4	5	4	3	4	4	5	3	2	4	2	4	5	4	4	4	5	4	4	5	5	5	1	0
10160090	4	4	3	5	2	4	3	3	5	3	4	4	3	5	2	2	4	4	2	3	3	3	5	5	4	4	4	2	3	3	5	4	5	5	4	5	1	4	4	3	2	2	2	4	5	3	3	4	5	4	4	5	4	5	5	2	4	4	4	5	1	4	2	3	4	3	5	2	2	3	5	5	4	1	5	4	4	2	4	5	4	1	0
10160091	5	4	1	3	1	4	3	3	4	3	4	2	3	5	3	2	5	4	1	4	3	3	4	4	3	3	3	3	2	3	4	5	4	4	3	4	2	4	4	3	2	4	3	4	2	3	4	2	3	4	3	4	4	5	4	2	5	3	3	3	4	4	3	2	4	3	4	2	3	3	3	4	4	3	3	4	4	4	3	4	3	1	0
10160092	5	5	3	5	1	5	4	3	5	1	5	5	3	5	3	1	5	5	1	5	5	1	3	5	5	3	1	1	1	5	5	5	3	5	5	5	3	5	5	1	1	1	3	5	5	3	1	3	5	5	5	5	1	5	5	1	5	1	3	5	1	1	1	1	5	3	5	3	1	3	5	5	5	1	1	5	5	3	5	5	5	1	0
10160095	5	5	3	3	1	4	3	5	5	1	4	3	3	3	1	2	5	1	1	5	2	3	5	4	5	3	3	5	5	3	5	5	3	5	5	5	5	5	5	5	1	3	1	5	5	3	3	4	3	5	3	5	5	5	5	1	5	5	5	5	1	3	5	1	5	2	5	5	3	1	5	5	5	5	5	5	5	1	5	5	5	1	0
10160096	4	3	2	3	2	3	2	3	2	2	4	3	4	4	3	2	4	5	2	2	4	2	5	4	3	3	3	2	3	4	5	3	3	4	4	3	3	3	3	3	2	3	3	4	3	3	2	2	2	4	3	4	4	4	4	4	4	3	4	4	3	4	2	2	4	3	4	2	4	3	4	5	4	2	5	4	4	3	3	4	4	1	0
10160097	5	5	1	5	1	5	5	3	5	4	4	1	4	5	4	2	2	4	1	1	4	2	5	5	4	2	5	3	3	4	5	4	4	2	4	4	3	2	2	2	4	3	4	3	4	4	3	2	4	5	4	3	4	4	4	2	4	4	3	4	4	4	4	4	5	4	4	2	2	4	4	4	4	3	5	4	4	5	4	4	4	1	0
10160098	3	2	3	3	2	2	2	4	4	3	3	2	3	2	2	2	3	2	3	3	2	3	2	3	3	4	2	3	2	3	3	4	2	3	3	3	3	3	2	2	2	2	3	3	3	2	2	2	4	3	5	3	2	3	5	2	2	3	3	1	3	4	4	2	4	3	5	3	2	3	3	3	3	2	2	3	2	4	3	4	3	1	0
10160100	5	5	2	2	1	4	4	4	5	3	5	5	3	5	1	1	5	5	2	3	4	3	5	5	3	3	3	1	3	4	5	4	4	5	5	4	4	5	5	5	1	3	1	5	4	3	5	3	1	5	1	5	5	5	4	4	5	3	4	3	2	3	1	2	5	2	5	1	5	3	4	4	3	2	2	4	2	4	2	5	4	1	0
10160101	5	5	3	4	2	5	5	4	4	2	3	3	4	3	3	4	4	4	1	3	4	3	5	5	4	2	3	3	3	4	5	4	4	4	4	5	4	4	4	3	2	4	2	3	3	3	4	3	2	4	5	4	4	4	4	3	4	2	4	4	1	5	2	4	4	2	4	2	4	2	4	4	4	2	5	4	4	4	4	4	4	1	0
10160102	4	4	2	4	3	4	3	3	5	4	5	4	4	5	2	2	4	4	2	2	2	2	4	5	4	2	4	2	3	3	4	5	4	4	4	5	2	2	4	3	3	3	2	4	3	3	2	3	2	5	3	4	3	4	5	2	4	4	4	4	3	4	3	2	4	3	4	2	4	1	4	3	3	2	4	4	4	4	3	5	5	1	0
10160103	4	5	2	4	2	3	3	4	5	4	3	1	3	5	2	2	3	3	2	3	4	1	5	5	4	3	2	4	3	5	5	5	3	4	4	5	3	3	3	4	4	5	3	3	3	4	3	1	2	5	4	5	4	5	5	4	4	4	4	4	2	4	4	2	4	4	5	1	4	2	4	3	2	2	5	4	4	5	4	4	5	1	0
10160105	5	5	1	4	1	5	4	4	5	1	4	4	5	5	3	1	4	5	5	2	2	3	5	5	5	5	5	2	5	4	5	5	4	5	4	5	3	4	5	3	3	4	1	4	3	5	2	4	1	5	1	4	3	5	5	4	5	5	4	4	2	5	3	4	5	1	3	1	5	4	4	5	4	2	5	5	4	4	2	5	5	1	0
10160106	4	4	2	3	3	4	4	2	3	3	2	3	4	4	2	4	4	4	2	2	3	2	4	4	4	2	4	4	4	2	4	4	4	2	4	4	3	3	4	3	4	4	2	3	4	4	4	3	2	4	3	4	3	4	4	4	4	4	4	4	2	4	2	4	4	2	4	2	4	2	4	3	4	2	4	4	3	4	3	4	4	1	0
10160107	4	4	1	3	1	4	4	4	5	4	4	4	4	4	1	2	4	3	2	1	3	2	4	5	4	1	4	4	3	2	5	5	5	4	2	5	4	4	4	4	2	4	2	5	4	4	2	3	2	5	2	4	4	4	5	4	3	4	4	3	3	4	3	3	4	3	4	2	4	2	4	4	4	2	5	5	3	5	3	4	4	1	0
10160108	4	4	2	5	2	5	3	2	5	4	3	4	3	5	2	5	4	4	3	5	4	2	5	5	5	1	5	1	2	2	5	5	5	4	5	5	5	5	5	5	1	5	2	4	4	3	4	3	1	5	1	5	3	5	5	4	4	4	5	4	3	5	3	3	5	3	4	2	4	4	5	5	3	4	5	5	5	5	2	5	4	1	0
10160110	3	3	3	3	3	3	3	3	3	3	3	3	3	3	4	4	3	3	3	3	3	3	3	4	4	4	4	4	4	3	2	5	5	4	4	4	4	4	4	4	2	4	2	2	3	4	3	3	3	3	3	4	3	3	3	3	3	3	3	3	4	4	3	3	3	3	3	2	3	2	4	5	3	1	5	2	4	4	4	4	4	1	0
10160114	3	3	3	2	2	3	4	3	3	2	3	3	3	4	2	3	3	3	3	3	3	2	4	4	4	4	4	3	2	4	4	3	4	3	3	4	2	3	3	4	2	4	4	3	4	5	2	3	2	4	2	4	3	3	3	3	4	4	3	2	2	4	2	2	4	2	4	3	4	2	3	3	2	3	4	4	2	2	4	5	3	1	0
10160117	5	4	3	5	2	2	5	3	4	4	4	2	5	5	3	3	5	4	2	3	3	3	4	5	3	4	3	3	3	4	4	3	3	3	3	4	3	3	4	3	3	3	3	3	3	2	4	2	3	5	5	3	3	3	5	3	3	2	3	3	3	4	3	5	3	3	4	2	3	4	3	4	4	3	5	3	4	4	2	3	5	1	0
10160118	4	4	3	3	3	4	4	3	3	3	4	4	3	4	3	3	4	3	3	3	4	3	4	4	4	3	3	4	3	3	4	4	3	4	4	3	3	3	3	3	3	3	3	4	3	4	3	3	3	4	3	4	3	3	4	3	4	4	3	4	3	4	3	4	4	2	5	3	3	2	3	4	2	2	2	4	4	4	4	4	4	1	0
10160120	4	4	1	5	3	3	5	3	4	4	3	2	4	3	2	2	3	4	2	2	3	3	4	5	3	2	4	3	4	2	4	4	4	3	4	4	3	3	3	3	3	4	2	3	3	5	2	1	2	4	2	4	3	4	5	3	4	4	3	4	4	5	3	3	5	2	5	1	4	2	5	5	4	2	5	4	5	4	2	4	4	1	0
10160124	4	4	1	2	1	3	2	2	4	3	3	3	2	4	1	1	5	3	2	2	1	5	3	5	4	2	2	2	1	3	5	3	5	5	2	5	2	3	5	3	2	2	1	4	3	2	2	3	1	5	5	5	2	2	4	2	2	2	4	2	2	2	1	1	4	2	3	1	3	2	5	3	3	2	2	5	2	3	2	4	3	1	0
10160126	5	2	3	3	3	2	2	2	2	3	3	3	3	2	2	2	2	4	2	3	2	2	3	2	3	3	3	2	3	2	3	3	3	3	2	3	3	3	2	3	3	1	2	3	4	2	3	3	3	3	2	3	2	2	3	3	3	2	3	3	3	3	3	3	3	3	2	2	3	2	3	3	3	2	4	2	2	2	3	4	3	1	0
10160128	3	3	3	3	4	4	4	3	2	5	3	1	3	3	4	4	3	4	3	4	3	3	3	3	3	3	3	3	3	3	3	3	3	3	3	3	3	3	3	3	2	2	2	3	4	2	4	3	3	3	3	3	3	3	3	3	3	2	3	3	3	3	3	3	4	2	4	2	3	3	4	3	4	2	4	3	2	2	4	4	4	1	0
10160129	5	2	4	4	1	3	3	4	4	1	4	2	2	5	1	2	4	2	2	4	3	4	3	4	3	2	2	3	2	4	5	4	3	4	4	4	2	4	5	3	2	4	4	3	3	2	3	1	1	4	2	5	3	5	5	2	5	4	4	1	1	4	2	1	3	3	4	2	4	2	4	3	2	2	3	4	4	3	5	5	2	1	0
10160130	4	4	3	3	4	3	3	4	3	3	4	3	2	3	4	3	3	4	4	2	3	4	2	3	3	4	2	3	4	3	4	4	3	4	2	3	3	4	4	4	4	3	3	4	4	3	3	4	3	3	3	5	3	5	3	3	4	3	4	3	4	4	2	3	2	2	3	4	2	3	3	3	1	3	4	4	4	3	3	3	3	1	0
10160131	4	3	5	3	2	2	3	4	5	1	4	3	5	5	2	1	5	3	1	4	1	5	4	5	3	3	2	2	2	3	4	3	3	4	4	3	1	4	4	3	3	3	4	4	3	4	3	3	2	4	4	4	2	2	4	2	5	4	4	2	3	4	3	3	3	4	5	3	4	3	3	4	3	2	4	4	3	2	5	4	4	1	0
10160135	4	3	3	3	1	4	2	4	3	3	4	3	3	4	4	2	3	4	3	2	3	4	3	4	3	2	3	2	3	5	4	3	4	4	4	4	3	4	4	3	2	3	3	3	4	2	3	2	2	4	2	3	3	3	5	4	4	3	4	3	2	4	4	3	3	3	4	2	4	2	3	3	3	2	2	4	3	3	4	4	4	1	0
10160136	3	3	3	4	3	3	4	3	4	3	4	4	3	4	3	3	3	4	3	2	3	4	4	3	4	3	4	4	4	3	3	4	4	4	4	3	4	3	4	3	4	3	2	3	3	3	3	3	3	4	4	3	4	3	3	4	3	4	3	2	3	2	2	4	3	4	3	3	3	3	4	3	3	3	3	3	3	4	4	4	3	1	0
10160137	5	4	3	3	3	2	4	4	4	4	5	1	2	3	2	4	4	3	2	3	4	2	2	4	3	4	2	2	2	3	4	4	3	3	3	4	2	3	4	3	3	3	3	3	2	2	3	2	2	3	3	3	3	4	3	3	3	3	4	4	3	3	1	3	3	3	3	2	3	4	4	4	4	2	3	3	4	3	3	3	3	1	0
10160138	3	4	3	5	3	3	3	3	3	3	3	3	3	3	3	3	3	3	3	3	3	2	5	3	3	3	4	3	3	4	3	3	2	3	3	2	3	3	2	3	2	3	3	3	4	2	2	3	2	5	1	4	3	3	3	3	4	5	4	3	4	3	2	3	4	3	4	2	4	2	3	4	4	3	4	4	4	3	3	4	3	1	0
10160140	4	3	3	3	2	4	3	3	5	4	4	4	2	5	1	2	4	4	1	3	2	3	3	5	4	3	3	3	4	4	5	4	4	4	5	5	2	3	4	2	3	3	3	3	4	3	3	4	3	5	3	4	3	5	3	4	3	3	4	2	3	4	3	1	5	3	5	2	2	3	3	4	4	2	3	4	4	1	4	5	5	1	0
10160142	3	4	4	4	3	2	4	3	3	3	3	3	2	2	2	3	4	3	3	4	3	4	3	3	3	4	2	3	1	3	4	2	3	3	3	4	3	3	3	3	3	3	3	3	3	2	3	5	3	4	5	5	3	4	3	3	3	3	4	1	3	3	3	2	2	4	3	2	3	3	4	4	3	1	4	3	3	3	3	3	3	1	0
10160146	4	4	2	3	2	4	5	4	4	2	4	3	4	5	2	3	4	3	2	2	3	2	3	5	4	2	4	4	3	3	5	4	4	3	4	5	4	3	4	4	2	4	3	5	2	5	3	3	2	4	2	4	4	4	5	3	4	4	4	3	2	4	3	3	4	3	4	3	4	2	4	3	3	3	2	4	5	4	2	4	5	1	0
10160148	4	4	2	3	3	4	3	3	4	3	4	4	3	4	4	2	4	4	2	3	2	4	2	4	4	2	3	4	2	3	4	4	3	4	3	4	2	4	4	3	2	3	2	4	4	3	2	2	2	4	2	4	3	3	4	4	3	4	4	2	2	4	4	2	5	4	2	2	4	2	5	3	4	1	3	5	2	2	3	5	2	1	0
10160149	4	3	4	3	2	4	4	4	3	2	4	3	5	4	2	3	4	3	2	4	2	3	4	4	3	3	3	3	3	4	3	3	4	4	4	3	2	4	4	4	4	4	4	4	3	4	3	4	3	4	2	4	4	4	5	4	4	4	4	3	3	5	2	3	4	3	5	2	4	2	4	3	1	2	4	4	4	2	4	5	4	1	0
10160150	3	4	2	2	2	4	3	3	3	4	3	4	3	4	4	2	4	3	3	3	3	3	5	3	4	3	4	4	3	3	4	2	4	4	3	4	3	3	2	3	2	3	3	4	2	4	2	4	4	4	1	4	4	3	4	3	3	3	3	3	2	4	2	3	4	2	4	2	3	3	4	4	3	2	2	4	3	5	4	4	5	1	0
10160151	5	5	1	5	1	5	3	5	5	1	5	3	5	5	1	1	3	2	1	1	3	3	5	5	5	4	5	1	1	5	5	5	3	5	3	3	3	3	5	5	2	5	1	5	3	5	1	5	1	5	2	5	5	5	5	5	5	2	5	5	1	3	3	5	5	2	5	1	5	1	5	5	3	1	5	5	5	4	5	5	5	1	0
10169001	5	5	1	2	1	5	3	4	4	1	5	3	3	4	1	3	4	3	2	1	1	1	5	5	3	2	4	3	1	5	4	4	4	4	4	5	1	4	5	4	3	3	2	4	4	3	2	4	1	5	2	4	5	5	3	4	4	4	5	3	1	2	1	3	4	4	4	2	5	3	4	4	2	1	5	5	2	2	4	5	4	1	0
10169002	3	3	3	3	3	3	3	3	3	3	3	3	1	3	3	3	3	3	3	3	3	3	3	3	3	3	3	3	3	3	3	2	2	4	1	2	3	3	3	3	4	4	3	3	3	3	3	3	3	3	3	3	3	3	3	3	3	3	3	3	3	3	3	3	2	4	3	3	1	4	4	3	3	3	3	3	3	3	3	3	3	1	0
10169003	5	4	5	5	2	2	2	2	4	3	4	3	1	4	3	4	4	2	1	4	4	3	2	2	1	5	1	1	1	4	5	2	3	4	3	4	2	3	4	2	3	2	4	3	4	1	5	1	4	4	4	4	2	5	3	3	1	2	3	1	4	2	4	2	4	5	3	2	2	4	5	4	3	3	3	3	5	3	5	5	2	1	0
10180008	5	4	2	2	2	4	5	3	4	2	4	3	2	5	2	2	3	3	2	3	2	3	5	5	5	1	2	3	2	2	5	4	3	4	4	5	2	5	5	2	1	4	1	5	4	5	2	3	2	4	5	5	2	3	5	3	2	2	2	3	2	3	4	1	5	2	5	1	2	2	3	2	5	3	5	4	3	5	3	5	3	1	0
10180009	3	1	5	2	4	1	1	1	2	1	1	1	1	4	3	1	1	1	1	1	1	3	1	3	1	5	1	3	1	5	1	3	1	4	1	1	1	1	1	1	5	1	5	1	1	1	1	1	5	1	5	4	1	3	4	1	1	1	1	1	3	4	3	1	1	2	1	5	1	3	1	5	1	2	1	1	1	1	5	1	1	1	0
10180010	4	3	2	2	2	4	2	3	4	2	4	3	3	4	2	3	4	3	2	4	2	4	3	4	4	3	3	2	2	4	4	4	4	4	4	4	2	4	4	3	2	4	2	4	3	3	2	3	2	4	2	4	3	4	4	4	4	3	4	3	2	3	2	2	4	4	3	2	4	2	4	3	4	2	3	4	3	4	3	4	3	1	0
10180014	4	1	4	4	4	2	2	2	4	4	3	2	1	4	4	4	3	1	2	5	1	5	1	4	4	4	2	4	1	4	4	4	3	4	3	2	3	2	4	5	3	2	5	2	3	4	5	4	3	4	5	4	3	4	5	4	3	5	2	2	3	4	2	3	3	4	5	3	2	3	2	5	1	2	1	4	4	3	5	5	4	1	0
10180020	4	3	4	3	4	2	2	3	3	5	4	2	1	3	2	4	3	2	2	4	2	1	2	3	2	5	1	2	1	4	5	2	2	4	3	3	2	3	4	3	2	2	4	3	3	2	5	4	3	4	5	4	2	3	4	2	4	2	3	2	2	2	3	2	3	3	3	4	2	2	2	4	4	1	2	1	3	2	4	3	4	1	0
10180024	4	4	3	3	3	4	5	1	3	5	4	4	3	3	4	3	3	2	3	4	3	3	4	5	5	2	5	1	3	4	5	3	4	4	4	4	1	3	4	2	3	3	3	4	3	4	4	4	3	5	4	5	1	4	5	5	4	5	1	2	4	3	1	4	5	3	3	2	3	3	4	4	1	3	4	4	3	3	5	3	4	1	0
10180025	5	2	3	3	1	4	1	1	5	1	5	5	1	5	2	1	5	1	1	1	1	3	3	5	3	2	1	2	1	4	3	1	2	5	5	4	1	3	5	3	1	1	2	3	5	1	1	4	2	4	1	4	2	3	5	4	5	5	2	1	3	5	1	2	5	3	5	1	5	1	5	3	1	1	1	5	2	1	2	5	4	1	0
10180027	3	1	5	5	4	1	1	2	2	2	1	2	1	2	3	2	2	1	5	5	1	3	1	2	3	5	2	4	1	5	2	1	1	3	3	2	2	2	2	3	5	3	5	1	3	1	2	1	3	1	5	2	2	3	3	4	5	2	2	1	5	2	1	1	1	3	2	5	2	3	2	3	1	3	1	1	2	3	5	2	3	1	0
10180032	4	3	3	2	2	4	1	2	4	3	4	4	2	4	2	2	5	4	1	2	1	4	4	5	3	2	2	2	2	3	4	3	4	4	3	4	2	3	4	4	2	3	2	4	4	2	2	4	2	5	2	3	3	4	4	4	4	2	2	2	2	4	3	2	5	3	5	1	5	2	4	3	3	1	2	4	5	4	2	5	5	1	0
10180033	4	4	1	3	1	5	3	5	4	2	4	4	4	4	1	2	3	3	2	3	1	4	4	4	5	2	4	1	4	5	4	4	4	4	4	4	2	4	4	4	2	5	2	4	3	4	2	5	1	5	2	4	5	4	4	4	5	3	4	3	1	4	2	3	4	3	4	2	5	2	3	4	3	4	4	4	4	3	3	4	4	1	0
10180036	4	4	2	4	2	4	4	4	4	2	4	4	3	4	2	3	3	4	2	3	1	4	4	5	3	3	3	3	3	4	4	5	4	4	4	4	2	4	4	4	3	4	3	3	4	3	2	4	2	5	5	4	3	4	4	4	4	3	4	3	4	4	4	2	3	3	5	2	5	2	5	2	3	1	4	4	3	4	4	5	5	1	0
10180038	4	4	2	3	2	4	2	3	4	2	5	4	2	4	2	3	3	2	2	3	2	3	3	4	3	3	2	1	2	3	4	5	4	3	3	4	2	3	5	3	1	5	2	5	5	3	1	4	2	5	1	5	1	4	5	4	3	4	4	2	1	5	2	2	4	3	5	2	5	1	4	3	5	1	2	4	2	1	3	5	3	1	0
10180039	3	5	3	3	3	2	3	3	4	3	3	3	2	3	3	2	3	3	1	1	3	3	3	4	3	5	2	2	1	4	4	4	1	4	3	4	2	4	4	2	2	3	1	4	2	5	5	3	4	5	5	4	1	3	4	1	3	2	1	1	3	4	2	3	3	2	4	1	1	5	4	5	5	1	5	3	3	3	2	5	2	1	0
10180040	4	3	2	4	2	4	3	4	4	4	4	3	2	4	2	2	4	2	2	4	3	3	4	4	4	2	3	2	3	4	4	4	4	4	3	4	2	4	5	3	2	3	2	4	4	4	2	3	2	5	1	4	3	4	4	3	3	3	4	2	2	4	2	4	5	2	4	2	4	3	4	3	3	2	3	4	4	4	4	5	2	1	0
10180041	4	5	3	3	2	3	3	3	3	3	5	2	1	5	3	2	3	2	2	3	2	3	2	4	3	4	2	3	1	3	4	5	2	4	4	3	2	3	4	2	3	4	3	3	3	1	4	2	3	3	5	4	2	3	4	3	2	3	3	1	3	2	3	2	2	3	3	3	2	3	3	3	3	1	3	4	3	5	3	4	2	1	0
10180043	3	3	3	3	2	2	1	3	3	2	4	3	2	4	3	2	4	3	2	3	1	4	2	5	3	3	2	3	2	3	4	3	3	4	4	4	2	3	4	3	2	3	3	4	4	2	3	3	3	4	3	4	3	4	4	3	3	3	3	2	2	3	3	2	3	3	3	2	3	3	3	2	3	2	3	3	3	3	3	4	3	1	0
10180047	4	4	3	3	2	3	3	2	4	5	4	3	1	4	2	3	4	3	1	2	2	4	4	4	3	3	2	4	2	3	3	3	3	4	3	3	2	4	3	2	2	3	2	3	2	2	3	3	3	4	4	4	2	3	3	3	5	2	3	1	2	3	2	2	3	3	3	2	2	3	3	3	3	2	3	4	3	3	2	4	4	1	0
10180049	2	5	3	3	3	4	2	3	3	2	5	4	2	3	3	3	4	2	3	3	2	4	3	4	2	5	3	4	3	4	3	3	2	3	3	4	1	3	4	4	3	3	3	4	3	3	4	3	2	3	4	3	3	4	3	3	3	2	3	2	3	3	2	3	2	4	4	3	4	3	3	2	3	3	3	3	3	3	3	4	4	1	0
10180052	5	4	2	3	2	3	5	3	5	1	4	3	4	5	2	2	4	5	1	4	1	3	5	5	5	4	3	2	1	2	5	3	3	5	4	5	2	2	3	3	2	4	3	4	3	4	2	3	1	5	3	5	3	5	4	2	4	3	5	2	2	4	3	1	4	3	4	2	4	2	4	3	3	1	5	4	2	1	3	5	4	1	0
10180053	4	2	3	3	3	2	2	2	4	5	3	3	1	2	1	3	2	1	2	5	1	4	1	3	2	4	1	2	1	4	3	2	1	2	2	3	2	3	3	3	2	2	5	4	2	2	2	2	2	3	2	2	2	2	3	1	3	2	2	2	3	2	3	2	2	3	2	3	2	3	2	3	1	3	1	3	2	2	5	3	3	1	0
10180058	5	2	3	4	3	4	3	4	5	1	5	2	2	5	3	1	5	3	3	5	3	3	4	5	4	5	2	3	1	5	5	5	3	5	5	3	4	5	5	4	1	2	3	5	5	4	5	2	1	5	4	5	5	5	5	4	3	3	4	1	2	5	3	2	4	5	5	2	5	5	4	5	3	1	4	5	5	1	4	5	4	1	0
12150078	3	3	3	3	3	3	3	3	3	3	3	3	3	3	3	3	3	3	3	3	3	3	3	3	3	3	3	3	3	3	3	3	3	3	3	3	3	3	3	3	2	3	3	4	5	2	2	3	1	5	1	4	5	4	5	4	4	5	4	5	2	5	2	4	5	3	5	2	5	2	4	3	3	3	3	5	4	3	3	4	4	1	0
